  3.74980400E-05  3.74980400E-05  3.74980400E-05  3.74980400E-05  3.74980400E-05  3.74980400E-05  3.74980400E-05  3.74980400E-05  3.74980400E-05  3.74980400E-05  3.74980400E-05  3.74980400E-05  3.74980400E-05  3.74980400E-05  3.74980400E-05  3.74980400E-05  3.74980400E-05  3.74980400E-05  3.74980400E-05  3.74980400E-05
  3.74980400E-05  3.74980400E-05  3.74980400E-05  3.74980400E-05  3.74980400E-05  3.74980400E-05  3.74980400E-05  3.74980400E-05  3.74980400E-05  3.74980400E-05  3.74980400E-05  3.74980400E-05  3.74980400E-05  3.74980400E-05  3.74980400E-05  3.74980400E-05  3.74980400E-05  3.74980400E-05  3.74980400E-05  3.74980400E-05
  3.74980400E-05  3.74980400E-05  3.74980400E-05  3.74980400E-05  3.74980400E-05  3.74980400E-05  3.74980400E-05  3.74980400E-05  3.74980400E-05  3.74980400E-05  3.74980400E-05  3.74980400E-05  3.74980400E-05  3.74980400E-05  3.74980400E-05  3.74980400E-05  3.74980400E-05  3.74980400E-05  3.74980400E-05  3.74980400E-05
  3.74980400E-05  3.74980400E-05  3.74980400E-05  3.74980400E-05  3.74980400E-05  3.74980400E-05  3.74980400E-05  3.74980400E-05  3.74980400E-05  3.74980400E-05  3.74980400E-05  3.74980400E-05  3.74980400E-05  3.74980400E-05  3.74980400E-05  3.74980400E-05  3.74980400E-05  3.74980400E-05  3.74980400E-05  3.74980400E-05
  3.74980400E-05  3.74980400E-05  3.74980400E-05  3.74980400E-05  3.74980400E-05  3.74980400E-05  3.74980400E-05  3.74980400E-05  3.74980400E-05  3.74980400E-05  3.74980400E-05  3.74980400E-05  3.74980400E-05  3.74980400E-05  3.74980400E-05  3.74980400E-05  3.74980400E-05  3.74980400E-05  3.74980400E-05  3.74980400E-05
  3.74980400E-05  3.74980400E-05  3.74980400E-05  3.74980400E-05  3.74980400E-05  3.74980400E-05  3.74980400E-05  3.74980400E-05  3.74980400E-05  3.74980400E-05  3.74980400E-05  3.74980400E-05  3.74980400E-05  3.74980400E-05  3.74980400E-05  3.74980400E-05  3.74980400E-05  3.74980400E-05  3.74980400E-05  3.74980400E-05
  3.74980400E-05  3.74980400E-05  3.74980400E-05  3.74980400E-05  3.74980400E-05  3.74980400E-05  3.74980400E-05  3.74980400E-05  3.74980400E-05  3.74980400E-05  3.74980400E-05  3.74980400E-05  3.74980400E-05  3.74980400E-05  3.74980400E-05  3.74980400E-05  3.74980400E-05  3.74980400E-05  3.74980400E-05  3.74980400E-05
  3.74980400E-05  3.74980400E-05  3.74980400E-05  3.74980400E-05  3.74980400E-05  3.74980400E-05  3.74980400E-05  3.74980400E-05  3.74980400E-05  3.74980400E-05  3.74980400E-05  3.74980400E-05  3.74980400E-05  3.74980400E-05  3.74980400E-05  3.74980400E-05  3.74980400E-05  3.74980400E-05  3.74980400E-05  3.74980400E-05
  3.74980400E-05  3.74980400E-05  3.74980400E-05  3.74980400E-05  3.74980400E-05  3.74980400E-05  3.74980400E-05  3.74980400E-05  3.74980400E-05  3.74980400E-05  3.74980400E-05  3.74980400E-05  3.74980400E-05  3.74980400E-05  3.74980400E-05  3.74980400E-05  3.74980400E-05  3.74980400E-05  3.74980400E-05  3.74980400E-05
  3.74980400E-05  3.74980400E-05  3.74980400E-05  3.74980400E-05  3.74980400E-05  3.74980400E-05  3.74980400E-05  3.74980400E-05  3.74980400E-05  3.74980400E-05  3.74980400E-05  3.74980400E-05  3.74980400E-05  3.74980400E-05  3.74980400E-05  3.74980400E-05  3.74980400E-05  3.74980400E-05  3.74980400E-05  3.74980400E-05
  3.74980400E-05  3.74980400E-05  3.74980400E-05  3.74980400E-05  3.74980400E-05  3.74980400E-05  3.74980400E-05  3.74980400E-05  3.74980400E-05  3.74980400E-05  3.74980400E-05  3.74980400E-05  3.74980400E-05  3.74980400E-05  3.74980400E-05  3.74980400E-05  3.74980400E-05  3.74980400E-05  3.74980400E-05  3.74980400E-05
  3.74980400E-05  3.74980400E-05  3.74980400E-05  3.74980400E-05  3.74980400E-05  3.74980400E-05  3.74980400E-05  3.74980400E-05  3.74980400E-05  3.74980400E-05  3.74980400E-05  3.74980400E-05  3.74980400E-05  3.74980400E-05  3.74980400E-05  3.74980400E-05  3.74980400E-05  3.74980400E-05  3.74980400E-05  3.74980400E-05
  3.74980400E-05  3.74980400E-05  3.74980400E-05  3.74980400E-05  3.74980400E-05  3.74980400E-05  3.74980400E-05  3.74980400E-05  3.74980400E-05  3.74980400E-05  3.74980400E-05  3.74980400E-05  3.74980400E-05  3.74980400E-05  3.74980400E-05  3.74980400E-05  3.74980400E-05  3.74980400E-05  3.74980400E-05  3.74980400E-05
  3.74980400E-05  3.74980400E-05  3.74980400E-05  3.74980400E-05  3.74980400E-05  3.74980400E-05  3.74980400E-05  3.74980400E-05  3.74980400E-05  3.74980400E-05  3.74980400E-05  3.74980400E-05  3.74980400E-05  3.74980400E-05  3.74980400E-05  3.74980400E-05  3.74980400E-05  3.74980400E-05  3.74980400E-05  3.74980400E-05
  3.74980400E-05  3.74980400E-05  3.74980400E-05  3.74980400E-05  3.74980400E-05  3.74980400E-05  3.74980400E-05  3.74980400E-05  3.74980400E-05  3.74980400E-05  3.74980400E-05  3.74980400E-05  3.74980400E-05  3.74980400E-05  3.74980400E-05  3.74980400E-05  3.74980400E-05  3.74980400E-05  3.74980400E-05  3.74980400E-05
  3.74980400E-05  3.74980400E-05  3.74980400E-05  3.74980400E-05  3.74980400E-05  3.74980400E-05  3.74980400E-05  3.74980400E-05  3.74980400E-05  3.74980400E-05  3.74980400E-05  3.74980400E-05  3.74980400E-05  3.74980400E-05  3.74980400E-05  3.74980400E-05  3.74980400E-05  3.74980400E-05  3.74980400E-05  3.74980400E-05
  3.74980400E-05  3.74980400E-05  3.74980400E-05  3.74980400E-05  3.74980400E-05  3.74980400E-05  3.74980400E-05  3.74980400E-05  3.74980400E-05  3.74980400E-05  3.74980400E-05  3.74980400E-05  3.74980400E-05  3.74980400E-05  3.74980400E-05  3.74980400E-05  3.74980400E-05  3.74980400E-05  3.74980400E-05  3.74980400E-05
  3.74980400E-05  3.74980400E-05  3.74980400E-05  3.74980400E-05  3.74980400E-05  3.74980400E-05  3.74980400E-05  3.74980400E-05  3.74980400E-05  3.74980400E-05  3.74980400E-05  3.74980400E-05  3.74980400E-05  3.74980400E-05  3.74980400E-05  3.74980400E-05  3.74980400E-05  3.74980400E-05  3.74980400E-05  3.74980400E-05
  3.74980400E-05  3.74980400E-05  3.74980400E-05  3.74980400E-05  3.74980400E-05  3.74980400E-05  3.74980400E-05  3.74980400E-05  3.74980400E-05  3.74980400E-05  3.74980400E-05  3.74980400E-05  3.74980400E-05  3.74980400E-05  3.74980400E-05  3.74980400E-05  3.74980400E-05  3.74980400E-05  3.74980400E-05  3.74980400E-05
  3.74980400E-05  3.74980400E-05  3.74980400E-05  3.74980400E-05  3.74980400E-05  3.74980400E-05  3.74980400E-05  3.74980400E-05  3.74980400E-05  3.74980400E-05  3.74980400E-05  3.74980400E-05  3.74980400E-05  3.74980400E-05  3.74980400E-05  3.74980400E-05  3.74980400E-05  3.74980400E-05  3.74980400E-05  3.74980400E-05
  3.74980400E-05  3.74980400E-05  3.74980400E-05  3.74980400E-05  3.74980400E-05  3.74980400E-05  3.74980400E-05  3.74980400E-05  3.74980400E-05  3.74980400E-05  3.74980400E-05  3.74980400E-05  3.74980400E-05  3.74980400E-05  3.74980400E-05  3.74980400E-05  3.74980400E-05  3.74980400E-05  3.74980400E-05  3.74980400E-05
  3.74980400E-05  3.74980400E-05  3.74980400E-05  3.74980400E-05  3.74980400E-05  3.74980400E-05  3.74980400E-05  3.74980400E-05  3.74980400E-05  3.74980400E-05  3.74980400E-05  3.74980400E-05  3.74980400E-05  3.74980400E-05  3.74980400E-05  3.74980400E-05  3.74980400E-05  3.74980400E-05  3.74980400E-05  3.74980400E-05
  3.74980400E-05  3.74980400E-05  3.74980400E-05  3.74980400E-05  3.74980400E-05  3.74980400E-05  3.74980400E-05  3.74980400E-05  3.74980400E-05  3.74980400E-05  3.74980400E-05  3.74980400E-05  3.74980400E-05  3.74980400E-05  3.74980400E-05  3.74980400E-05  3.74980400E-05  3.74980400E-05  3.74980400E-05  3.74980400E-05
  3.74980400E-05  3.74980400E-05  3.74980400E-05  3.74980400E-05  3.74980400E-05  3.74980400E-05  3.74980400E-05  3.74980400E-05  3.74980400E-05  3.74980400E-05  3.74980400E-05  3.74980400E-05  3.74980400E-05  3.74980400E-05  3.74980400E-05  3.74980400E-05  3.74980400E-05  3.74980400E-05  3.74980400E-05  3.74980400E-05
  3.74980400E-05  3.74980400E-05  3.74980400E-05  3.74980400E-05  3.74980400E-05  3.74980400E-05  3.74980400E-05  3.74980400E-05  3.74980400E-05  3.74980400E-05  3.74980400E-05  3.74980400E-05  3.74980400E-05  3.74980400E-05  3.74980400E-05  3.74980400E-05  3.74980400E-05  3.74980400E-05  3.74980400E-05  3.74980400E-05
  3.74980400E-05  3.74980400E-05  3.74980400E-05  3.74980400E-05  3.74980400E-05  3.74980400E-05  3.74980400E-05  3.74980400E-05  3.74980400E-05  3.74980400E-05  3.74980400E-05  3.74980400E-05  3.74980400E-05  3.74980400E-05  3.74980400E-05  3.74980400E-05  3.74980400E-05  3.74980400E-05  3.74980400E-05  3.74980400E-05
  3.74980400E-05  3.74980400E-05  3.74980400E-05  3.74980400E-05  3.74980400E-05  3.74980400E-05  3.74980400E-05  3.74980400E-05  3.74980400E-05  3.74980400E-05  3.74980400E-05  3.74980400E-05  3.74980400E-05  3.74980400E-05  3.74980400E-05  3.74980400E-05  3.74980400E-05  3.74980400E-05  3.74980400E-05  3.74980400E-05
  3.74980400E-05  3.74980400E-05  3.74980400E-05  3.74980400E-05  3.74980400E-05  3.74980400E-05  3.74980400E-05  3.74980400E-05  3.74980400E-05  3.74980400E-05  3.74980400E-05  3.74980400E-05  3.74980400E-05  3.74980400E-05  3.74980400E-05  3.74980400E-05  3.74980400E-05  3.74980400E-05  3.74980400E-05  3.74980400E-05
  3.74980400E-05  3.74980400E-05  3.74980400E-05  3.74980400E-05  3.74980400E-05  3.74980400E-05  3.74980400E-05  3.74980400E-05  3.74980400E-05  3.74980400E-05  3.74980400E-05  3.74980400E-05  3.74980400E-05  3.74980400E-05  3.74980400E-05  3.74980400E-05  3.74980400E-05  3.74980400E-05  3.74980400E-05  3.74980400E-05
  3.74980400E-05  3.74980400E-05  3.74980400E-05  3.74980400E-05  3.74980400E-05  3.74980400E-05  3.74980400E-05  3.74980400E-05  3.74980400E-05  3.74980400E-05  3.74980400E-05  3.74980400E-05  3.74980400E-05  3.74980400E-05  3.74980400E-05  3.74980400E-05  3.74980400E-05  3.74980400E-05  3.74980400E-05  3.74980400E-05
  3.74980400E-05  3.74980400E-05  3.74980400E-05  3.74980400E-05  3.74980400E-05  3.74980400E-05  3.74980400E-05  3.74980400E-05  3.74980400E-05  3.74980400E-05  3.74980400E-05  3.74980400E-05  3.74980400E-05  3.74980400E-05  3.74980400E-05  3.74980400E-05  3.74980400E-05  3.74980400E-05  3.74980400E-05  3.74980400E-05
  3.74980400E-05  3.74980400E-05  3.74980400E-05  3.74980400E-05  3.74980400E-05  3.74980400E-05  3.74980400E-05  3.74980400E-05  3.74980400E-05  3.74980400E-05  3.74980400E-05  3.74980400E-05  3.74980400E-05  3.74980400E-05  3.74980400E-05  3.74980400E-05  3.74980400E-05  3.74980400E-05  3.74980400E-05  3.74980400E-05
  3.74980400E-05  3.74980400E-05  3.74980400E-05  3.74980400E-05  3.74980400E-05  3.74980400E-05  3.74980400E-05  3.74980400E-05  3.74980400E-05  3.74980400E-05  3.74980400E-05  3.74980400E-05  3.74980400E-05  3.74980400E-05  3.74980400E-05  3.74980400E-05  3.74980400E-05  3.74980400E-05  3.74980400E-05  3.74980400E-05
  3.74980400E-05  3.74980400E-05  3.74980400E-05  3.74980400E-05  3.74980400E-05  3.74980400E-05  3.74980400E-05  3.74980400E-05  3.74980400E-05  3.74980400E-05  3.74980400E-05  3.74980400E-05  3.74980400E-05  3.74980400E-05  3.74980400E-05  3.74980400E-05  3.74980400E-05  3.74980400E-05  3.74980400E-05  3.74980400E-05
  3.74980400E-05  3.74980400E-05  3.74980400E-05  3.74980400E-05  3.74980400E-05  3.74980400E-05  3.74980400E-05  3.74980400E-05  3.74980400E-05  3.74980400E-05  3.74980400E-05  3.74980400E-05  3.74980400E-05  3.74980400E-05  3.74980400E-05  3.74980400E-05  3.74980400E-05  3.74980400E-05  3.74980400E-05  3.74980400E-05
  3.74980400E-05  3.74980400E-05  3.74980400E-05  3.74980400E-05  3.74980400E-05  3.74980400E-05  3.74980400E-05  3.74980400E-05  3.74980400E-05  3.74980400E-05  3.74980400E-05  3.74980400E-05  3.74980400E-05  3.74980400E-05  3.74980400E-05  3.74980400E-05  3.74980400E-05  3.74980400E-05  3.74980400E-05  3.74980400E-05
  3.74980400E-05  3.74980400E-05  3.74980400E-05  3.74980400E-05  3.74980400E-05  3.74980400E-05  3.74980400E-05  3.74980400E-05  3.74980400E-05  3.74980400E-05  3.74980400E-05  3.74980400E-05  3.74980400E-05  3.74980400E-05  3.74980400E-05  3.74980400E-05  3.74980400E-05  3.74980400E-05  3.74980400E-05  3.74980400E-05
  3.74980400E-05  3.74980400E-05  3.74980400E-05  3.74980400E-05  3.74980400E-05  3.74980400E-05  3.74980400E-05  3.74980400E-05  3.74980400E-05  3.74980400E-05  3.74980400E-05  3.74980400E-05  3.74980400E-05  3.74980400E-05  3.74980400E-05  3.74980400E-05  3.74980400E-05  3.74980400E-05  3.74980400E-05  3.74980400E-05
  3.74980400E-05  3.74980400E-05  3.74980400E-05  3.74980400E-05  3.74980400E-05  3.74980400E-05  3.74980400E-05  3.74980400E-05  3.74980400E-05  3.74980400E-05  3.74980400E-05  3.74980400E-05  3.74980400E-05  3.74980400E-05  3.74980400E-05  3.74980400E-05  3.74980400E-05  3.74980400E-05  3.74980400E-05  3.74980400E-05
  3.74980400E-05  3.74980400E-05  3.74980400E-05  3.74980400E-05  3.74980400E-05  3.74980400E-05  3.74980400E-05  3.74980400E-05  3.74980400E-05  3.74980400E-05  3.74980400E-05  3.74980400E-05  3.74980400E-05  3.74980400E-05  3.74980400E-05  3.74980400E-05  3.74980400E-05  3.74980400E-05  3.74980400E-05  3.74980400E-05
