      32.50000000      32.50000000      32.50000000      32.50000000      32.50000000      32.50000000      32.50000000      32.50000000      32.50000000      32.50000000      32.50000000      32.50000000      32.50000000      32.50000000      32.50000000      32.50000000      32.50000000      32.50000000      32.50000000      32.50000000
      32.50000000      32.50000000      32.50000000      32.50000000      32.50000000      32.50000000      32.50000000      32.50000000      32.50000000      32.50000000      32.50000000      32.50000000      32.50000000      32.50000000      32.50000000      32.50000000      32.50000000      32.50000000      32.50000000      32.50000000
      32.50000000      32.50000000      32.50000000      32.50000000      32.50000000      32.50000000      32.50000000      32.50000000      32.50000000      32.50000000      32.50000000      32.50000000      32.50000000      32.50000000      32.50000000      32.50000000      32.50000000      32.50000000      32.50000000      32.50000000
      32.50000000      32.50000000      32.50000000      32.50000000      32.50000000      32.50000000      32.50000000      32.50000000      32.50000000      32.50000000      32.50000000      32.50000000      32.50000000      32.50000000      32.50000000      32.50000000      32.50000000      32.50000000      32.50000000      32.50000000
      32.50000000      32.50000000      32.50000000      32.50000000      32.50000000      32.50000000      32.50000000      32.50000000      32.50000000      32.50000000      32.50000000      32.50000000      32.50000000      32.50000000      32.50000000      32.50000000      32.50000000      32.50000000      32.50000000      32.50000000
      32.50000000      32.50000000      32.50000000      32.50000000      32.50000000      32.50000000      32.50000000      32.50000000      32.50000000      32.50000000      32.50000000      32.50000000      32.50000000      32.50000000      32.50000000      32.50000000      32.50000000      32.50000000      32.50000000      32.50000000
      32.50000000      32.50000000      32.50000000      32.50000000      32.50000000      32.50000000      32.50000000      32.50000000      32.50000000      32.50000000      32.50000000      32.50000000      32.50000000      32.50000000      32.50000000      32.50000000      32.50000000      32.50000000      32.50000000      32.50000000
      32.50000000      32.50000000      32.50000000      32.50000000      32.50000000      32.50000000      32.50000000      32.50000000      32.50000000      32.50000000      32.50000000      32.50000000      32.50000000      32.50000000      32.50000000      32.50000000      32.50000000      32.50000000      32.50000000      32.50000000
      32.50000000      32.50000000      32.50000000      32.50000000      32.50000000      32.50000000      32.50000000      32.50000000      32.50000000      32.50000000      32.50000000      32.50000000      32.50000000      32.50000000      32.50000000      32.50000000      32.50000000      32.50000000      32.50000000      32.50000000
      32.50000000      32.50000000      32.50000000      32.50000000      32.50000000      32.50000000      32.50000000      32.50000000      32.50000000      32.50000000      32.50000000      32.50000000      32.50000000      32.50000000      32.50000000      32.50000000      32.50000000      32.50000000      32.50000000      32.50000000
      32.50000000      32.50000000      32.50000000      32.50000000      32.50000000      32.50000000      32.50000000      32.50000000      32.50000000      32.50000000      32.50000000      32.50000000      32.50000000      32.50000000      32.50000000      32.50000000      32.50000000      32.50000000      32.50000000      32.50000000
      32.50000000      32.50000000      32.50000000      32.50000000      32.50000000      32.50000000      32.50000000      32.50000000      32.50000000      32.50000000      32.50000000      32.50000000      32.50000000      32.50000000      32.50000000      32.50000000      32.50000000      32.50000000      32.50000000      32.50000000
      32.50000000      32.50000000      32.50000000      32.50000000      32.50000000      32.50000000      32.50000000      32.50000000      32.50000000      32.50000000      32.50000000      32.50000000      32.50000000      32.50000000      32.50000000      32.50000000      32.50000000      32.50000000      32.50000000      32.50000000
      32.50000000      32.50000000      32.50000000      32.50000000      32.50000000      32.50000000      32.50000000      32.50000000      32.50000000      32.50000000      32.50000000      32.50000000      32.50000000      32.50000000      32.50000000      32.50000000      32.50000000      32.50000000      32.50000000      32.50000000
      32.50000000      32.50000000      32.50000000      32.50000000      32.50000000      32.50000000      32.50000000      32.50000000      32.50000000      32.50000000      32.50000000      32.50000000      32.50000000      32.50000000      32.50000000      32.50000000      32.50000000      32.50000000      32.50000000      32.50000000
      32.50000000      32.50000000      32.50000000      32.50000000      32.50000000      32.50000000      32.50000000      32.50000000      32.50000000      32.50000000      32.50000000      32.50000000      32.50000000      32.50000000      32.50000000      32.50000000      32.50000000      32.50000000      32.50000000      32.50000000
      32.50000000      32.50000000      32.50000000      32.50000000      32.50000000      32.50000000      32.50000000      32.50000000      32.50000000      32.50000000      32.50000000      32.50000000      32.50000000      32.50000000      32.50000000      32.50000000      32.50000000      32.50000000      32.50000000      32.50000000
      32.50000000      32.50000000      32.50000000      32.50000000      32.50000000      32.50000000      32.50000000      32.50000000      32.50000000      32.50000000      32.50000000      32.50000000      32.50000000      32.50000000      32.50000000      32.50000000      32.50000000      32.50000000      32.50000000      32.50000000
      32.50000000      32.50000000      32.50000000      32.50000000      32.50000000      32.50000000      32.50000000      32.50000000      32.50000000      32.50000000      32.50000000      32.50000000      32.50000000      32.50000000      32.50000000      32.50000000      32.50000000      32.50000000      32.50000000      32.50000000
      32.50000000      32.50000000      32.50000000      32.50000000      32.50000000      32.50000000      32.50000000      32.50000000      32.50000000      32.50000000      32.50000000      32.50000000      32.50000000      32.50000000      32.50000000      32.50000000      32.50000000      32.50000000      32.50000000      32.50000000
      32.50000000      32.50000000      32.50000000      32.50000000      32.50000000      32.50000000      32.50000000      32.50000000      32.50000000      32.50000000      32.50000000      32.50000000      32.50000000      32.50000000      32.50000000      32.50000000      32.50000000      32.50000000      32.50000000      32.50000000
      32.50000000      32.50000000      32.50000000      32.50000000      32.50000000      32.50000000      32.50000000      32.50000000      32.50000000      32.50000000      32.50000000      32.50000000      32.50000000      32.50000000      32.50000000      32.50000000      32.50000000      32.50000000      32.50000000      32.50000000
      32.50000000      32.50000000      32.50000000      32.50000000      32.50000000      32.50000000      32.50000000      32.50000000      32.50000000      32.50000000      32.50000000      32.50000000      32.50000000      32.50000000      32.50000000      32.50000000      32.50000000      32.50000000      32.50000000      32.50000000
      32.50000000      32.50000000      32.50000000      32.50000000      32.50000000      32.50000000      32.50000000      32.50000000      32.50000000      32.50000000      32.50000000      32.50000000      32.50000000      32.50000000      32.50000000      32.50000000      32.50000000      32.50000000      32.50000000      32.50000000
      32.50000000      32.50000000      32.50000000      32.50000000      32.50000000      32.50000000      32.50000000      32.50000000      32.50000000      32.50000000      32.50000000      32.50000000      32.50000000      32.50000000      32.50000000      32.50000000      32.50000000      32.50000000      32.50000000      32.50000000
      32.50000000      32.50000000      32.50000000      32.50000000      32.50000000      32.50000000      32.50000000      32.50000000      32.50000000      32.50000000      32.50000000      32.50000000      32.50000000      32.50000000      32.50000000      32.50000000      32.50000000      32.50000000      32.50000000      32.50000000
      32.50000000      32.50000000      32.50000000      32.50000000      32.50000000      32.50000000      32.50000000      32.50000000      32.50000000      32.50000000      32.50000000      32.50000000      32.50000000      32.50000000      32.50000000      32.50000000      32.50000000      32.50000000      32.50000000      32.50000000
      32.50000000      32.50000000      32.50000000      32.50000000      32.50000000      32.50000000      32.50000000      32.50000000      32.50000000      32.50000000      32.50000000      32.50000000      32.50000000      32.50000000      32.50000000      32.50000000      32.50000000      32.50000000      32.50000000      32.50000000
      32.50000000      32.50000000      32.50000000      32.50000000      32.50000000      32.50000000      32.50000000      32.50000000      32.50000000      32.50000000      32.50000000      32.50000000      32.50000000      32.50000000      32.50000000      32.50000000      32.50000000      32.50000000      32.50000000      32.50000000
      32.50000000      32.50000000      32.50000000      32.50000000      32.50000000      32.50000000      32.50000000      32.50000000      32.50000000      32.50000000      32.50000000      32.50000000      32.50000000      32.50000000      32.50000000      32.50000000      32.50000000      32.50000000      32.50000000      32.50000000
      32.50000000      32.50000000      32.50000000      32.50000000      32.50000000      32.50000000      32.50000000      32.50000000      32.50000000      32.50000000      32.50000000      32.50000000      32.50000000      32.50000000      32.50000000      32.50000000      32.50000000      32.50000000      32.50000000      32.50000000
      32.50000000      32.50000000      32.50000000      32.50000000      32.50000000      32.50000000      32.50000000      32.50000000      32.50000000      32.50000000      32.50000000      32.50000000      32.50000000      32.50000000      32.50000000      32.50000000      32.50000000      32.50000000      32.50000000      32.50000000
      32.50000000      32.50000000      32.50000000      32.50000000      32.50000000      32.50000000      32.50000000      32.50000000      32.50000000      32.50000000      32.50000000      32.50000000      32.50000000      32.50000000      32.50000000      32.50000000      32.50000000      32.50000000      32.50000000      32.50000000
      32.50000000      32.50000000      32.50000000      32.50000000      32.50000000      32.50000000      32.50000000      32.50000000      32.50000000      32.50000000      32.50000000      32.50000000      32.50000000      32.50000000      32.50000000      32.50000000      32.50000000      32.50000000      32.50000000      32.50000000
      32.50000000      32.50000000      32.50000000      32.50000000      32.50000000      32.50000000      32.50000000      32.50000000      32.50000000      32.50000000      32.50000000      32.50000000      32.50000000      32.50000000      32.50000000      32.50000000      32.50000000      32.50000000      32.50000000      32.50000000
      32.50000000      32.50000000      32.50000000      32.50000000      32.50000000      32.50000000      32.50000000      32.50000000      32.50000000      32.50000000      32.50000000      32.50000000      32.50000000      32.50000000      32.50000000      32.50000000      32.50000000      32.50000000      32.50000000      32.50000000
      32.50000000      32.50000000      32.50000000      32.50000000      32.50000000      32.50000000      32.50000000      32.50000000      32.50000000      32.50000000      32.50000000      32.50000000      32.50000000      32.50000000      32.50000000      32.50000000      32.50000000      32.50000000      32.50000000      32.50000000
      32.50000000      32.50000000      32.50000000      32.50000000      32.50000000      32.50000000      32.50000000      32.50000000      32.50000000      32.50000000      32.50000000      32.50000000      32.50000000      32.50000000      32.50000000      32.50000000      32.50000000      32.50000000      32.50000000      32.50000000
      32.50000000      32.50000000      32.50000000      32.50000000      32.50000000      32.50000000      32.50000000      32.50000000      32.50000000      32.50000000      32.50000000      32.50000000      32.50000000      32.50000000      32.50000000      32.50000000      32.50000000      32.50000000      32.50000000      32.50000000
      32.50000000      32.50000000      32.50000000      32.50000000      32.50000000      32.50000000      32.50000000      32.50000000      32.50000000      32.50000000      32.50000000      32.50000000      32.50000000      32.50000000      32.50000000      32.50000000      32.50000000      32.50000000      32.50000000      32.50000000
