  2.85485800E-05  2.85485800E-05  2.85485800E-05  2.85485800E-05  2.85485800E-05  2.85485800E-05  2.85485800E-05  2.85485800E-05  2.85485800E-05  2.85485800E-05  2.85485800E-05  2.85485800E-05  2.85485800E-05  2.85485800E-05  2.85485800E-05  2.85485800E-05  2.85485800E-05  2.85485800E-05  2.85485800E-05  2.85485800E-05
  2.85485800E-05  2.85485800E-05  2.85485800E-05  2.85485800E-05  2.85485800E-05  2.85485800E-05  2.85485800E-05  2.85485800E-05  2.85485800E-05  2.85485800E-05  2.85485800E-05  2.85485800E-05  2.85485800E-05  2.85485800E-05  2.85485800E-05  2.85485800E-05  2.85485800E-05  2.85485800E-05  2.85485800E-05  2.85485800E-05
  2.85485800E-05  2.85485800E-05  2.85485800E-05  2.85485800E-05  2.85485800E-05  2.85485800E-05  2.85485800E-05  2.85485800E-05  2.85485800E-05  2.85485800E-05  2.85485800E-05  2.85485800E-05  2.85485800E-05  2.85485800E-05  2.85485800E-05  2.85485800E-05  2.85485800E-05  2.85485800E-05  2.85485800E-05  2.85485800E-05
  2.85485800E-05  2.85485800E-05  2.85485800E-05  2.85485800E-05  2.85485800E-05  2.85485800E-05  2.85485800E-05  2.85485800E-05  2.85485800E-05  2.85485800E-05  2.85485800E-05  2.85485800E-05  2.85485800E-05  2.85485800E-05  2.85485800E-05  2.85485800E-05  2.85485800E-05  2.85485800E-05  2.85485800E-05  2.85485800E-05
  2.85485800E-05  2.85485800E-05  2.85485800E-05  2.85485800E-05  2.85485800E-05  2.85485800E-05  2.85485800E-05  2.85485800E-05  2.85485800E-05  2.85485800E-05  2.85485800E-05  2.85485800E-05  2.85485800E-05  2.85485800E-05  2.85485800E-05  2.85485800E-05  2.85485800E-05  2.85485800E-05  2.85485800E-05  2.85485800E-05
  2.85485800E-05  2.85485800E-05  2.85485800E-05  2.85485800E-05  2.85485800E-05  2.85485800E-05  2.85485800E-05  2.85485800E-05  2.85485800E-05  2.85485800E-05  2.85485800E-05  2.85485800E-05  2.85485800E-05  2.85485800E-05  2.85485800E-05  2.85485800E-05  2.85485800E-05  2.85485800E-05  2.85485800E-05  2.85485800E-05
  2.85485800E-05  2.85485800E-05  2.85485800E-05  2.85485800E-05  2.85485800E-05  2.85485800E-05  2.85485800E-05  2.85485800E-05  2.85485800E-05  2.85485800E-05  2.85485800E-05  2.85485800E-05  2.85485800E-05  2.85485800E-05  2.85485800E-05  2.85485800E-05  2.85485800E-05  2.85485800E-05  2.85485800E-05  2.85485800E-05
  2.85485800E-05  2.85485800E-05  2.85485800E-05  2.85485800E-05  2.85485800E-05  2.85485800E-05  2.85485800E-05  2.85485800E-05  2.85485800E-05  2.85485800E-05  2.85485800E-05  2.85485800E-05  2.85485800E-05  2.85485800E-05  2.85485800E-05  2.85485800E-05  2.85485800E-05  2.85485800E-05  2.85485800E-05  2.85485800E-05
  2.85485800E-05  2.85485800E-05  2.85485800E-05  2.85485800E-05  2.85485800E-05  2.85485800E-05  2.85485800E-05  2.85485800E-05  2.85485800E-05  2.85485800E-05  2.85485800E-05  2.85485800E-05  2.85485800E-05  2.85485800E-05  2.85485800E-05  2.85485800E-05  2.85485800E-05  2.85485800E-05  2.85485800E-05  2.85485800E-05
  2.85485800E-05  2.85485800E-05  2.85485800E-05  2.85485800E-05  2.85485800E-05  2.85485800E-05  2.85485800E-05  2.85485800E-05  2.85485800E-05  2.85485800E-05  2.85485800E-05  2.85485800E-05  2.85485800E-05  2.85485800E-05  2.85485800E-05  2.85485800E-05  2.85485800E-05  2.85485800E-05  2.85485800E-05  2.85485800E-05
  2.85485800E-05  2.85485800E-05  2.85485800E-05  2.85485800E-05  2.85485800E-05  2.85485800E-05  2.85485800E-05  2.85485800E-05  2.85485800E-05  2.85485800E-05  2.85485800E-05  2.85485800E-05  2.85485800E-05  2.85485800E-05  2.85485800E-05  2.85485800E-05  2.85485800E-05  2.85485800E-05  2.85485800E-05  2.85485800E-05
  2.85485800E-05  2.85485800E-05  2.85485800E-05  2.85485800E-05  2.85485800E-05  2.85485800E-05  2.85485800E-05  2.85485800E-05  2.85485800E-05  2.85485800E-05  2.85485800E-05  2.85485800E-05  2.85485800E-05  2.85485800E-05  2.85485800E-05  2.85485800E-05  2.85485800E-05  2.85485800E-05  2.85485800E-05  2.85485800E-05
  2.85485800E-05  2.85485800E-05  2.85485800E-05  2.85485800E-05  2.85485800E-05  2.85485800E-05  2.85485800E-05  2.85485800E-05  2.85485800E-05  2.85485800E-05  2.85485800E-05  2.85485800E-05  2.85485800E-05  2.85485800E-05  2.85485800E-05  2.85485800E-05  2.85485800E-05  2.85485800E-05  2.85485800E-05  2.85485800E-05
  2.85485800E-05  2.85485800E-05  2.85485800E-05  2.85485800E-05  2.85485800E-05  2.85485800E-05  2.85485800E-05  2.85485800E-05  2.85485800E-05  2.85485800E-05  2.85485800E-05  2.85485800E-05  2.85485800E-05  2.85485800E-05  2.85485800E-05  2.85485800E-05  2.85485800E-05  2.85485800E-05  2.85485800E-05  2.85485800E-05
  2.85485800E-05  2.85485800E-05  2.85485800E-05  2.85485800E-05  2.85485800E-05  2.85485800E-05  2.85485800E-05  2.85485800E-05  2.85485800E-05  2.85485800E-05  2.85485800E-05  2.85485800E-05  2.85485800E-05  2.85485800E-05  2.85485800E-05  2.85485800E-05  2.85485800E-05  2.85485800E-05  2.85485800E-05  2.85485800E-05
  2.85485800E-05  2.85485800E-05  2.85485800E-05  2.85485800E-05  2.85485800E-05  2.85485800E-05  2.85485800E-05  2.85485800E-05  2.85485800E-05  2.85485800E-05  2.85485800E-05  2.85485800E-05  2.85485800E-05  2.85485800E-05  2.85485800E-05  2.85485800E-05  2.85485800E-05  2.85485800E-05  2.85485800E-05  2.85485800E-05
  2.85485800E-05  2.85485800E-05  2.85485800E-05  2.85485800E-05  2.85485800E-05  2.85485800E-05  2.85485800E-05  2.85485800E-05  2.85485800E-05  2.85485800E-05  2.85485800E-05  2.85485800E-05  2.85485800E-05  2.85485800E-05  2.85485800E-05  2.85485800E-05  2.85485800E-05  2.85485800E-05  2.85485800E-05  2.85485800E-05
  2.85485800E-05  2.85485800E-05  2.85485800E-05  2.85485800E-05  2.85485800E-05  2.85485800E-05  2.85485800E-05  2.85485800E-05  2.85485800E-05  2.85485800E-05  2.85485800E-05  2.85485800E-05  2.85485800E-05  2.85485800E-05  2.85485800E-05  2.85485800E-05  2.85485800E-05  2.85485800E-05  2.85485800E-05  2.85485800E-05
  2.85485800E-05  2.85485800E-05  2.85485800E-05  2.85485800E-05  2.85485800E-05  2.85485800E-05  2.85485800E-05  2.85485800E-05  2.85485800E-05  2.85485800E-05  2.85485800E-05  2.85485800E-05  2.85485800E-05  2.85485800E-05  2.85485800E-05  2.85485800E-05  2.85485800E-05  2.85485800E-05  2.85485800E-05  2.85485800E-05
  2.85485800E-05  2.85485800E-05  2.85485800E-05  2.85485800E-05  2.85485800E-05  2.85485800E-05  2.85485800E-05  2.85485800E-05  2.85485800E-05  2.85485800E-05  2.85485800E-05  2.85485800E-05  2.85485800E-05  2.85485800E-05  2.85485800E-05  2.85485800E-05  2.85485800E-05  2.85485800E-05  2.85485800E-05  2.85485800E-05
  2.85485800E-05  2.85485800E-05  2.85485800E-05  2.85485800E-05  2.85485800E-05  2.85485800E-05  2.85485800E-05  2.85485800E-05  2.85485800E-05  2.85485800E-05  2.85485800E-05  2.85485800E-05  2.85485800E-05  2.85485800E-05  2.85485800E-05  2.85485800E-05  2.85485800E-05  2.85485800E-05  2.85485800E-05  2.85485800E-05
  2.85485800E-05  2.85485800E-05  2.85485800E-05  2.85485800E-05  2.85485800E-05  2.85485800E-05  2.85485800E-05  2.85485800E-05  2.85485800E-05  2.85485800E-05  2.85485800E-05  2.85485800E-05  2.85485800E-05  2.85485800E-05  2.85485800E-05  2.85485800E-05  2.85485800E-05  2.85485800E-05  2.85485800E-05  2.85485800E-05
  2.85485800E-05  2.85485800E-05  2.85485800E-05  2.85485800E-05  2.85485800E-05  2.85485800E-05  2.85485800E-05  2.85485800E-05  2.85485800E-05  2.85485800E-05  2.85485800E-05  2.85485800E-05  2.85485800E-05  2.85485800E-05  2.85485800E-05  2.85485800E-05  2.85485800E-05  2.85485800E-05  2.85485800E-05  2.85485800E-05
  2.85485800E-05  2.85485800E-05  2.85485800E-05  2.85485800E-05  2.85485800E-05  2.85485800E-05  2.85485800E-05  2.85485800E-05  2.85485800E-05  2.85485800E-05  2.85485800E-05  2.85485800E-05  2.85485800E-05  2.85485800E-05  2.85485800E-05  2.85485800E-05  2.85485800E-05  2.85485800E-05  2.85485800E-05  2.85485800E-05
  2.85485800E-05  2.85485800E-05  2.85485800E-05  2.85485800E-05  2.85485800E-05  2.85485800E-05  2.85485800E-05  2.85485800E-05  2.85485800E-05  2.85485800E-05  2.85485800E-05  2.85485800E-05  2.85485800E-05  2.85485800E-05  2.85485800E-05  2.85485800E-05  2.85485800E-05  2.85485800E-05  2.85485800E-05  2.85485800E-05
  2.85485800E-05  2.85485800E-05  2.85485800E-05  2.85485800E-05  2.85485800E-05  2.85485800E-05  2.85485800E-05  2.85485800E-05  2.85485800E-05  2.85485800E-05  2.85485800E-05  2.85485800E-05  2.85485800E-05  2.85485800E-05  2.85485800E-05  2.85485800E-05  2.85485800E-05  2.85485800E-05  2.85485800E-05  2.85485800E-05
  2.85485800E-05  2.85485800E-05  2.85485800E-05  2.85485800E-05  2.85485800E-05  2.85485800E-05  2.85485800E-05  2.85485800E-05  2.85485800E-05  2.85485800E-05  2.85485800E-05  2.85485800E-05  2.85485800E-05  2.85485800E-05  2.85485800E-05  2.85485800E-05  2.85485800E-05  2.85485800E-05  2.85485800E-05  2.85485800E-05
  2.85485800E-05  2.85485800E-05  2.85485800E-05  2.85485800E-05  2.85485800E-05  2.85485800E-05  2.85485800E-05  2.85485800E-05  2.85485800E-05  2.85485800E-05  2.85485800E-05  2.85485800E-05  2.85485800E-05  2.85485800E-05  2.85485800E-05  2.85485800E-05  2.85485800E-05  2.85485800E-05  2.85485800E-05  2.85485800E-05
  2.85485800E-05  2.85485800E-05  2.85485800E-05  2.85485800E-05  2.85485800E-05  2.85485800E-05  2.85485800E-05  2.85485800E-05  2.85485800E-05  2.85485800E-05  2.85485800E-05  2.85485800E-05  2.85485800E-05  2.85485800E-05  2.85485800E-05  2.85485800E-05  2.85485800E-05  2.85485800E-05  2.85485800E-05  2.85485800E-05
  2.85485800E-05  2.85485800E-05  2.85485800E-05  2.85485800E-05  2.85485800E-05  2.85485800E-05  2.85485800E-05  2.85485800E-05  2.85485800E-05  2.85485800E-05  2.85485800E-05  2.85485800E-05  2.85485800E-05  2.85485800E-05  2.85485800E-05  2.85485800E-05  2.85485800E-05  2.85485800E-05  2.85485800E-05  2.85485800E-05
  2.85485800E-05  2.85485800E-05  2.85485800E-05  2.85485800E-05  2.85485800E-05  2.85485800E-05  2.85485800E-05  2.85485800E-05  2.85485800E-05  2.85485800E-05  2.85485800E-05  2.85485800E-05  2.85485800E-05  2.85485800E-05  2.85485800E-05  2.85485800E-05  2.85485800E-05  2.85485800E-05  2.85485800E-05  2.85485800E-05
  2.85485800E-05  2.85485800E-05  2.85485800E-05  2.85485800E-05  2.85485800E-05  2.85485800E-05  2.85485800E-05  2.85485800E-05  2.85485800E-05  2.85485800E-05  2.85485800E-05  2.85485800E-05  2.85485800E-05  2.85485800E-05  2.85485800E-05  2.85485800E-05  2.85485800E-05  2.85485800E-05  2.85485800E-05  2.85485800E-05
  2.85485800E-05  2.85485800E-05  2.85485800E-05  2.85485800E-05  2.85485800E-05  2.85485800E-05  2.85485800E-05  2.85485800E-05  2.85485800E-05  2.85485800E-05  2.85485800E-05  2.85485800E-05  2.85485800E-05  2.85485800E-05  2.85485800E-05  2.85485800E-05  2.85485800E-05  2.85485800E-05  2.85485800E-05  2.85485800E-05
  2.85485800E-05  2.85485800E-05  2.85485800E-05  2.85485800E-05  2.85485800E-05  2.85485800E-05  2.85485800E-05  2.85485800E-05  2.85485800E-05  2.85485800E-05  2.85485800E-05  2.85485800E-05  2.85485800E-05  2.85485800E-05  2.85485800E-05  2.85485800E-05  2.85485800E-05  2.85485800E-05  2.85485800E-05  2.85485800E-05
  2.85485800E-05  2.85485800E-05  2.85485800E-05  2.85485800E-05  2.85485800E-05  2.85485800E-05  2.85485800E-05  2.85485800E-05  2.85485800E-05  2.85485800E-05  2.85485800E-05  2.85485800E-05  2.85485800E-05  2.85485800E-05  2.85485800E-05  2.85485800E-05  2.85485800E-05  2.85485800E-05  2.85485800E-05  2.85485800E-05
  2.85485800E-05  2.85485800E-05  2.85485800E-05  2.85485800E-05  2.85485800E-05  2.85485800E-05  2.85485800E-05  2.85485800E-05  2.85485800E-05  2.85485800E-05  2.85485800E-05  2.85485800E-05  2.85485800E-05  2.85485800E-05  2.85485800E-05  2.85485800E-05  2.85485800E-05  2.85485800E-05  2.85485800E-05  2.85485800E-05
  2.85485800E-05  2.85485800E-05  2.85485800E-05  2.85485800E-05  2.85485800E-05  2.85485800E-05  2.85485800E-05  2.85485800E-05  2.85485800E-05  2.85485800E-05  2.85485800E-05  2.85485800E-05  2.85485800E-05  2.85485800E-05  2.85485800E-05  2.85485800E-05  2.85485800E-05  2.85485800E-05  2.85485800E-05  2.85485800E-05
  2.85485800E-05  2.85485800E-05  2.85485800E-05  2.85485800E-05  2.85485800E-05  2.85485800E-05  2.85485800E-05  2.85485800E-05  2.85485800E-05  2.85485800E-05  2.85485800E-05  2.85485800E-05  2.85485800E-05  2.85485800E-05  2.85485800E-05  2.85485800E-05  2.85485800E-05  2.85485800E-05  2.85485800E-05  2.85485800E-05
  2.85485800E-05  2.85485800E-05  2.85485800E-05  2.85485800E-05  2.85485800E-05  2.85485800E-05  2.85485800E-05  2.85485800E-05  2.85485800E-05  2.85485800E-05  2.85485800E-05  2.85485800E-05  2.85485800E-05  2.85485800E-05  2.85485800E-05  2.85485800E-05  2.85485800E-05  2.85485800E-05  2.85485800E-05  2.85485800E-05
  2.85485800E-05  2.85485800E-05  2.85485800E-05  2.85485800E-05  2.85485800E-05  2.85485800E-05  2.85485800E-05  2.85485800E-05  2.85485800E-05  2.85485800E-05  2.85485800E-05  2.85485800E-05  2.85485800E-05  2.85485800E-05  2.85485800E-05  2.85485800E-05  2.85485800E-05  2.85485800E-05  2.85485800E-05  2.85485800E-05
