       0.30000000       0.30000000       0.30000000       0.30000000       0.30000000       0.30000000       0.30000000       0.30000000       0.30000000       0.30000000       0.30000000       0.30000000       0.30000000       0.30000000       0.30000000       0.30000000       0.30000000       0.30000000       0.30000000       0.30000000
       0.30000000       0.30000000       0.30000000       0.30000000       0.30000000       0.30000000       0.30000000       0.30000000       0.30000000       0.30000000       0.30000000       0.30000000       0.30000000       0.30000000       0.30000000       0.30000000       0.30000000       0.30000000       0.30000000       0.30000000
       0.30000000       0.30000000       0.30000000       0.30000000       0.30000000       0.30000000       0.30000000       0.30000000       0.30000000       0.30000000       0.30000000       0.30000000       0.30000000       0.30000000       0.30000000       0.30000000       0.30000000       0.30000000       0.30000000       0.30000000
       0.30000000       0.30000000       0.30000000       0.30000000       0.30000000       0.30000000       0.30000000       0.30000000       0.30000000       0.30000000       0.30000000       0.30000000       0.30000000       0.30000000       0.30000000       0.30000000       0.30000000       0.30000000       0.30000000       0.30000000
       0.30000000       0.30000000       0.30000000       0.30000000       0.30000000       0.30000000       0.30000000       0.30000000       0.30000000       0.30000000       0.30000000       0.30000000       0.30000000       0.30000000       0.30000000       0.30000000       0.30000000       0.30000000       0.30000000       0.30000000
       0.30000000       0.30000000       0.30000000       0.30000000       0.30000000       0.30000000       0.30000000       0.30000000       0.30000000       0.30000000       0.30000000       0.30000000       0.30000000       0.30000000       0.30000000       0.30000000       0.30000000       0.30000000       0.30000000       0.30000000
       0.30000000       0.30000000       0.30000000       0.30000000       0.30000000       0.30000000       0.30000000       0.30000000       0.30000000       0.30000000       0.30000000       0.30000000       0.30000000       0.30000000       0.30000000       0.30000000       0.30000000       0.30000000       0.30000000       0.30000000
       0.30000000       0.30000000       0.30000000       0.30000000       0.30000000       0.30000000       0.30000000       0.30000000       0.30000000       0.30000000       0.30000000       0.30000000       0.30000000       0.30000000       0.30000000       0.30000000       0.30000000       0.30000000       0.30000000       0.30000000
       0.30000000       0.30000000       0.30000000       0.30000000       0.30000000       0.30000000       0.30000000       0.30000000       0.30000000       0.30000000       0.30000000       0.30000000       0.30000000       0.30000000       0.30000000       0.30000000       0.30000000       0.30000000       0.30000000       0.30000000
       0.30000000       0.30000000       0.30000000       0.30000000       0.30000000       0.30000000       0.30000000       0.30000000       0.30000000       0.30000000       0.30000000       0.30000000       0.30000000       0.30000000       0.30000000       0.30000000       0.30000000       0.30000000       0.30000000       0.30000000
       0.30000000       0.30000000       0.30000000       0.30000000       0.30000000       0.30000000       0.30000000       0.30000000       0.30000000       0.30000000       0.30000000       0.30000000       0.30000000       0.30000000       0.30000000       0.30000000       0.30000000       0.30000000       0.30000000       0.30000000
       0.30000000       0.30000000       0.30000000       0.30000000       0.30000000       0.30000000       0.30000000       0.30000000       0.30000000       0.30000000       0.30000000       0.30000000       0.30000000       0.30000000       0.30000000       0.30000000       0.30000000       0.30000000       0.30000000       0.30000000
       0.30000000       0.30000000       0.30000000       0.30000000       0.30000000       0.30000000       0.30000000       0.30000000       0.30000000       0.30000000       0.30000000       0.30000000       0.30000000       0.30000000       0.30000000       0.30000000       0.30000000       0.30000000       0.30000000       0.30000000
       0.30000000       0.30000000       0.30000000       0.30000000       0.30000000       0.30000000       0.30000000       0.30000000       0.30000000       0.30000000       0.30000000       0.30000000       0.30000000       0.30000000       0.30000000       0.30000000       0.30000000       0.30000000       0.30000000       0.30000000
       0.30000000       0.30000000       0.30000000       0.30000000       0.30000000       0.30000000       0.30000000       0.30000000       0.30000000       0.30000000       0.30000000       0.30000000       0.30000000       0.30000000       0.30000000       0.30000000       0.30000000       0.30000000       0.30000000       0.30000000
       0.30000000       0.30000000       0.30000000       0.30000000       0.30000000       0.30000000       0.30000000       0.30000000       0.30000000       0.30000000       0.30000000       0.30000000       0.30000000       0.30000000       0.30000000       0.30000000       0.30000000       0.30000000       0.30000000       0.30000000
       0.30000000       0.30000000       0.30000000       0.30000000       0.30000000       0.30000000       0.30000000       0.30000000       0.30000000       0.30000000       0.30000000       0.30000000       0.30000000       0.30000000       0.30000000       0.30000000       0.30000000       0.30000000       0.30000000       0.30000000
       0.30000000       0.30000000       0.30000000       0.30000000       0.30000000       0.30000000       0.30000000       0.30000000       0.30000000       0.30000000       0.30000000       0.30000000       0.30000000       0.30000000       0.30000000       0.30000000       0.30000000       0.30000000       0.30000000       0.30000000
       0.30000000       0.30000000       0.30000000       0.30000000       0.30000000       0.30000000       0.30000000       0.30000000       0.30000000       0.30000000       0.30000000       0.30000000       0.30000000       0.30000000       0.30000000       0.30000000       0.30000000       0.30000000       0.30000000       0.30000000
       0.30000000       0.30000000       0.30000000       0.30000000       0.30000000       0.30000000       0.30000000       0.30000000       0.30000000       0.30000000       0.30000000       0.30000000       0.30000000       0.30000000       0.30000000       0.30000000       0.30000000       0.30000000       0.30000000       0.30000000
       0.30000000       0.30000000       0.30000000       0.30000000       0.30000000       0.30000000       0.30000000       0.30000000       0.30000000       0.30000000       0.30000000       0.30000000       0.30000000       0.30000000       0.30000000       0.30000000       0.30000000       0.30000000       0.30000000       0.30000000
       0.30000000       0.30000000       0.30000000       0.30000000       0.30000000       0.30000000       0.30000000       0.30000000       0.30000000       0.30000000       0.30000000       0.30000000       0.30000000       0.30000000       0.30000000       0.30000000       0.30000000       0.30000000       0.30000000       0.30000000
       0.30000000       0.30000000       0.30000000       0.30000000       0.30000000       0.30000000       0.30000000       0.30000000       0.30000000       0.30000000       0.30000000       0.30000000       0.30000000       0.30000000       0.30000000       0.30000000       0.30000000       0.30000000       0.30000000       0.30000000
       0.30000000       0.30000000       0.30000000       0.30000000       0.30000000       0.30000000       0.30000000       0.30000000       0.30000000       0.30000000       0.30000000       0.30000000       0.30000000       0.30000000       0.30000000       0.30000000       0.30000000       0.30000000       0.30000000       0.30000000
       0.30000000       0.30000000       0.30000000       0.30000000       0.30000000       0.30000000       0.30000000       0.30000000       0.30000000       0.30000000       0.30000000       0.30000000       0.30000000       0.30000000       0.30000000       0.30000000       0.30000000       0.30000000       0.30000000       0.30000000
       0.30000000       0.30000000       0.30000000       0.30000000       0.30000000       0.30000000       0.30000000       0.30000000       0.30000000       0.30000000       0.30000000       0.30000000       0.30000000       0.30000000       0.30000000       0.30000000       0.30000000       0.30000000       0.30000000       0.30000000
       0.30000000       0.30000000       0.30000000       0.30000000       0.30000000       0.30000000       0.30000000       0.30000000       0.30000000       0.30000000       0.30000000       0.30000000       0.30000000       0.30000000       0.30000000       0.30000000       0.30000000       0.30000000       0.30000000       0.30000000
       0.30000000       0.30000000       0.30000000       0.30000000       0.30000000       0.30000000       0.30000000       0.30000000       0.30000000       0.30000000       0.30000000       0.30000000       0.30000000       0.30000000       0.30000000       0.30000000       0.30000000       0.30000000       0.30000000       0.30000000
       0.30000000       0.30000000       0.30000000       0.30000000       0.30000000       0.30000000       0.30000000       0.30000000       0.30000000       0.30000000       0.30000000       0.30000000       0.30000000       0.30000000       0.30000000       0.30000000       0.30000000       0.30000000       0.30000000       0.30000000
       0.30000000       0.30000000       0.30000000       0.30000000       0.30000000       0.30000000       0.30000000       0.30000000       0.30000000       0.30000000       0.30000000       0.30000000       0.30000000       0.30000000       0.30000000       0.30000000       0.30000000       0.30000000       0.30000000       0.30000000
       0.30000000       0.30000000       0.30000000       0.30000000       0.30000000       0.30000000       0.30000000       0.30000000       0.30000000       0.30000000       0.30000000       0.30000000       0.30000000       0.30000000       0.30000000       0.30000000       0.30000000       0.30000000       0.30000000       0.30000000
       0.30000000       0.30000000       0.30000000       0.30000000       0.30000000       0.30000000       0.30000000       0.30000000       0.30000000       0.30000000       0.30000000       0.30000000       0.30000000       0.30000000       0.30000000       0.30000000       0.30000000       0.30000000       0.30000000       0.30000000
       0.30000000       0.30000000       0.30000000       0.30000000       0.30000000       0.30000000       0.30000000       0.30000000       0.30000000       0.30000000       0.30000000       0.30000000       0.30000000       0.30000000       0.30000000       0.30000000       0.30000000       0.30000000       0.30000000       0.30000000
       0.30000000       0.30000000       0.30000000       0.30000000       0.30000000       0.30000000       0.30000000       0.30000000       0.30000000       0.30000000       0.30000000       0.30000000       0.30000000       0.30000000       0.30000000       0.30000000       0.30000000       0.30000000       0.30000000       0.30000000
       0.30000000       0.30000000       0.30000000       0.30000000       0.30000000       0.30000000       0.30000000       0.30000000       0.30000000       0.30000000       0.30000000       0.30000000       0.30000000       0.30000000       0.30000000       0.30000000       0.30000000       0.30000000       0.30000000       0.30000000
       0.30000000       0.30000000       0.30000000       0.30000000       0.30000000       0.30000000       0.30000000       0.30000000       0.30000000       0.30000000       0.30000000       0.30000000       0.30000000       0.30000000       0.30000000       0.30000000       0.30000000       0.30000000       0.30000000       0.30000000
       0.30000000       0.30000000       0.30000000       0.30000000       0.30000000       0.30000000       0.30000000       0.30000000       0.30000000       0.30000000       0.30000000       0.30000000       0.30000000       0.30000000       0.30000000       0.30000000       0.30000000       0.30000000       0.30000000       0.30000000
       0.30000000       0.30000000       0.30000000       0.30000000       0.30000000       0.30000000       0.30000000       0.30000000       0.30000000       0.30000000       0.30000000       0.30000000       0.30000000       0.30000000       0.30000000       0.30000000       0.30000000       0.30000000       0.30000000       0.30000000
       0.30000000       0.30000000       0.30000000       0.30000000       0.30000000       0.30000000       0.30000000       0.30000000       0.30000000       0.30000000       0.30000000       0.30000000       0.30000000       0.30000000       0.30000000       0.30000000       0.30000000       0.30000000       0.30000000       0.30000000
       0.30000000       0.30000000       0.30000000       0.30000000       0.30000000       0.30000000       0.30000000       0.30000000       0.30000000       0.30000000       0.30000000       0.30000000       0.30000000       0.30000000       0.30000000       0.30000000       0.30000000       0.30000000       0.30000000       0.30000000
