  5.70774600E-05  5.70774600E-05  5.70774600E-05  5.70774600E-05  5.70774600E-05  5.70774600E-05  5.70774600E-05  5.70774600E-05  5.70774600E-05  5.70774600E-05  5.70774600E-05  5.70774600E-05  5.70774600E-05  5.70774600E-05  5.70774600E-05  5.70774600E-05  5.70774600E-05  5.70774600E-05  5.70774600E-05  5.70774600E-05
  5.70774600E-05  5.70774600E-05  5.70774600E-05  5.70774600E-05  5.70774600E-05  5.70774600E-05  5.70774600E-05  5.70774600E-05  5.70774600E-05  5.70774600E-05  5.70774600E-05  5.70774600E-05  5.70774600E-05  5.70774600E-05  5.70774600E-05  5.70774600E-05  5.70774600E-05  5.70774600E-05  5.70774600E-05  5.70774600E-05
  5.70774600E-05  5.70774600E-05  5.70774600E-05  5.70774600E-05  5.70774600E-05  5.70774600E-05  5.70774600E-05  5.70774600E-05  5.70774600E-05  5.70774600E-05  5.70774600E-05  5.70774600E-05  5.70774600E-05  5.70774600E-05  5.70774600E-05  5.70774600E-05  5.70774600E-05  5.70774600E-05  5.70774600E-05  5.70774600E-05
  5.70774600E-05  5.70774600E-05  5.70774600E-05  5.70774600E-05  5.70774600E-05  5.70774600E-05  5.70774600E-05  5.70774600E-05  5.70774600E-05  5.70774600E-05  5.70774600E-05  5.70774600E-05  5.70774600E-05  5.70774600E-05  5.70774600E-05  5.70774600E-05  5.70774600E-05  5.70774600E-05  5.70774600E-05  5.70774600E-05
  5.70774600E-05  5.70774600E-05  5.70774600E-05  5.70774600E-05  5.70774600E-05  5.70774600E-05  5.70774600E-05  5.70774600E-05  5.70774600E-05  5.70774600E-05  5.70774600E-05  5.70774600E-05  5.70774600E-05  5.70774600E-05  5.70774600E-05  5.70774600E-05  5.70774600E-05  5.70774600E-05  5.70774600E-05  5.70774600E-05
  5.70774600E-05  5.70774600E-05  5.70774600E-05  5.70774600E-05  5.70774600E-05  5.70774600E-05  5.70774600E-05  5.70774600E-05  5.70774600E-05  5.70774600E-05  5.70774600E-05  5.70774600E-05  5.70774600E-05  5.70774600E-05  5.70774600E-05  5.70774600E-05  5.70774600E-05  5.70774600E-05  5.70774600E-05  5.70774600E-05
  5.70774600E-05  5.70774600E-05  5.70774600E-05  5.70774600E-05  5.70774600E-05  5.70774600E-05  5.70774600E-05  5.70774600E-05  5.70774600E-05  5.70774600E-05  5.70774600E-05  5.70774600E-05  5.70774600E-05  5.70774600E-05  5.70774600E-05  5.70774600E-05  5.70774600E-05  5.70774600E-05  5.70774600E-05  5.70774600E-05
  5.70774600E-05  5.70774600E-05  5.70774600E-05  5.70774600E-05  5.70774600E-05  5.70774600E-05  5.70774600E-05  5.70774600E-05  5.70774600E-05  5.70774600E-05  5.70774600E-05  5.70774600E-05  5.70774600E-05  5.70774600E-05  5.70774600E-05  5.70774600E-05  5.70774600E-05  5.70774600E-05  5.70774600E-05  5.70774600E-05
  5.70774600E-05  5.70774600E-05  5.70774600E-05  5.70774600E-05  5.70774600E-05  5.70774600E-05  5.70774600E-05  5.70774600E-05  5.70774600E-05  5.70774600E-05  5.70774600E-05  5.70774600E-05  5.70774600E-05  5.70774600E-05  5.70774600E-05  5.70774600E-05  5.70774600E-05  5.70774600E-05  5.70774600E-05  5.70774600E-05
  5.70774600E-05  5.70774600E-05  5.70774600E-05  5.70774600E-05  5.70774600E-05  5.70774600E-05  5.70774600E-05  5.70774600E-05  5.70774600E-05  5.70774600E-05  5.70774600E-05  5.70774600E-05  5.70774600E-05  5.70774600E-05  5.70774600E-05  5.70774600E-05  5.70774600E-05  5.70774600E-05  5.70774600E-05  5.70774600E-05
  5.70774600E-05  5.70774600E-05  5.70774600E-05  5.70774600E-05  5.70774600E-05  5.70774600E-05  5.70774600E-05  5.70774600E-05  5.70774600E-05  5.70774600E-05  5.70774600E-05  5.70774600E-05  5.70774600E-05  5.70774600E-05  5.70774600E-05  5.70774600E-05  5.70774600E-05  5.70774600E-05  5.70774600E-05  5.70774600E-05
  5.70774600E-05  5.70774600E-05  5.70774600E-05  5.70774600E-05  5.70774600E-05  5.70774600E-05  5.70774600E-05  5.70774600E-05  5.70774600E-05  5.70774600E-05  5.70774600E-05  5.70774600E-05  5.70774600E-05  5.70774600E-05  5.70774600E-05  5.70774600E-05  5.70774600E-05  5.70774600E-05  5.70774600E-05  5.70774600E-05
  5.70774600E-05  5.70774600E-05  5.70774600E-05  5.70774600E-05  5.70774600E-05  5.70774600E-05  5.70774600E-05  5.70774600E-05  5.70774600E-05  5.70774600E-05  5.70774600E-05  5.70774600E-05  5.70774600E-05  5.70774600E-05  5.70774600E-05  5.70774600E-05  5.70774600E-05  5.70774600E-05  5.70774600E-05  5.70774600E-05
  5.70774600E-05  5.70774600E-05  5.70774600E-05  5.70774600E-05  5.70774600E-05  5.70774600E-05  5.70774600E-05  5.70774600E-05  5.70774600E-05  5.70774600E-05  5.70774600E-05  5.70774600E-05  5.70774600E-05  5.70774600E-05  5.70774600E-05  5.70774600E-05  5.70774600E-05  5.70774600E-05  5.70774600E-05  5.70774600E-05
  5.70774600E-05  5.70774600E-05  5.70774600E-05  5.70774600E-05  5.70774600E-05  5.70774600E-05  5.70774600E-05  5.70774600E-05  5.70774600E-05  5.70774600E-05  5.70774600E-05  5.70774600E-05  5.70774600E-05  5.70774600E-05  5.70774600E-05  5.70774600E-05  5.70774600E-05  5.70774600E-05  5.70774600E-05  5.70774600E-05
  5.70774600E-05  5.70774600E-05  5.70774600E-05  5.70774600E-05  5.70774600E-05  5.70774600E-05  5.70774600E-05  5.70774600E-05  5.70774600E-05  5.70774600E-05  5.70774600E-05  5.70774600E-05  5.70774600E-05  5.70774600E-05  5.70774600E-05  5.70774600E-05  5.70774600E-05  5.70774600E-05  5.70774600E-05  5.70774600E-05
  5.70774600E-05  5.70774600E-05  5.70774600E-05  5.70774600E-05  5.70774600E-05  5.70774600E-05  5.70774600E-05  5.70774600E-05  5.70774600E-05  5.70774600E-05  5.70774600E-05  5.70774600E-05  5.70774600E-05  5.70774600E-05  5.70774600E-05  5.70774600E-05  5.70774600E-05  5.70774600E-05  5.70774600E-05  5.70774600E-05
  5.70774600E-05  5.70774600E-05  5.70774600E-05  5.70774600E-05  5.70774600E-05  5.70774600E-05  5.70774600E-05  5.70774600E-05  5.70774600E-05  5.70774600E-05  5.70774600E-05  5.70774600E-05  5.70774600E-05  5.70774600E-05  5.70774600E-05  5.70774600E-05  5.70774600E-05  5.70774600E-05  5.70774600E-05  5.70774600E-05
  5.70774600E-05  5.70774600E-05  5.70774600E-05  5.70774600E-05  5.70774600E-05  5.70774600E-05  5.70774600E-05  5.70774600E-05  5.70774600E-05  5.70774600E-05  5.70774600E-05  5.70774600E-05  5.70774600E-05  5.70774600E-05  5.70774600E-05  5.70774600E-05  5.70774600E-05  5.70774600E-05  5.70774600E-05  5.70774600E-05
  5.70774600E-05  5.70774600E-05  5.70774600E-05  5.70774600E-05  5.70774600E-05  5.70774600E-05  5.70774600E-05  5.70774600E-05  5.70774600E-05  5.70774600E-05  5.70774600E-05  5.70774600E-05  5.70774600E-05  5.70774600E-05  5.70774600E-05  5.70774600E-05  5.70774600E-05  5.70774600E-05  5.70774600E-05  5.70774600E-05
  5.70774600E-05  5.70774600E-05  5.70774600E-05  5.70774600E-05  5.70774600E-05  5.70774600E-05  5.70774600E-05  5.70774600E-05  5.70774600E-05  5.70774600E-05  5.70774600E-05  5.70774600E-05  5.70774600E-05  5.70774600E-05  5.70774600E-05  5.70774600E-05  5.70774600E-05  5.70774600E-05  5.70774600E-05  5.70774600E-05
  5.70774600E-05  5.70774600E-05  5.70774600E-05  5.70774600E-05  5.70774600E-05  5.70774600E-05  5.70774600E-05  5.70774600E-05  5.70774600E-05  5.70774600E-05  5.70774600E-05  5.70774600E-05  5.70774600E-05  5.70774600E-05  5.70774600E-05  5.70774600E-05  5.70774600E-05  5.70774600E-05  5.70774600E-05  5.70774600E-05
  5.70774600E-05  5.70774600E-05  5.70774600E-05  5.70774600E-05  5.70774600E-05  5.70774600E-05  5.70774600E-05  5.70774600E-05  5.70774600E-05  5.70774600E-05  5.70774600E-05  5.70774600E-05  5.70774600E-05  5.70774600E-05  5.70774600E-05  5.70774600E-05  5.70774600E-05  5.70774600E-05  5.70774600E-05  5.70774600E-05
  5.70774600E-05  5.70774600E-05  5.70774600E-05  5.70774600E-05  5.70774600E-05  5.70774600E-05  5.70774600E-05  5.70774600E-05  5.70774600E-05  5.70774600E-05  5.70774600E-05  5.70774600E-05  5.70774600E-05  5.70774600E-05  5.70774600E-05  5.70774600E-05  5.70774600E-05  5.70774600E-05  5.70774600E-05  5.70774600E-05
  5.70774600E-05  5.70774600E-05  5.70774600E-05  5.70774600E-05  5.70774600E-05  5.70774600E-05  5.70774600E-05  5.70774600E-05  5.70774600E-05  5.70774600E-05  5.70774600E-05  5.70774600E-05  5.70774600E-05  5.70774600E-05  5.70774600E-05  5.70774600E-05  5.70774600E-05  5.70774600E-05  5.70774600E-05  5.70774600E-05
  5.70774600E-05  5.70774600E-05  5.70774600E-05  5.70774600E-05  5.70774600E-05  5.70774600E-05  5.70774600E-05  5.70774600E-05  5.70774600E-05  5.70774600E-05  5.70774600E-05  5.70774600E-05  5.70774600E-05  5.70774600E-05  5.70774600E-05  5.70774600E-05  5.70774600E-05  5.70774600E-05  5.70774600E-05  5.70774600E-05
  5.70774600E-05  5.70774600E-05  5.70774600E-05  5.70774600E-05  5.70774600E-05  5.70774600E-05  5.70774600E-05  5.70774600E-05  5.70774600E-05  5.70774600E-05  5.70774600E-05  5.70774600E-05  5.70774600E-05  5.70774600E-05  5.70774600E-05  5.70774600E-05  5.70774600E-05  5.70774600E-05  5.70774600E-05  5.70774600E-05
  5.70774600E-05  5.70774600E-05  5.70774600E-05  5.70774600E-05  5.70774600E-05  5.70774600E-05  5.70774600E-05  5.70774600E-05  5.70774600E-05  5.70774600E-05  5.70774600E-05  5.70774600E-05  5.70774600E-05  5.70774600E-05  5.70774600E-05  5.70774600E-05  5.70774600E-05  5.70774600E-05  5.70774600E-05  5.70774600E-05
  5.70774600E-05  5.70774600E-05  5.70774600E-05  5.70774600E-05  5.70774600E-05  5.70774600E-05  5.70774600E-05  5.70774600E-05  5.70774600E-05  5.70774600E-05  5.70774600E-05  5.70774600E-05  5.70774600E-05  5.70774600E-05  5.70774600E-05  5.70774600E-05  5.70774600E-05  5.70774600E-05  5.70774600E-05  5.70774600E-05
  5.70774600E-05  5.70774600E-05  5.70774600E-05  5.70774600E-05  5.70774600E-05  5.70774600E-05  5.70774600E-05  5.70774600E-05  5.70774600E-05  5.70774600E-05  5.70774600E-05  5.70774600E-05  5.70774600E-05  5.70774600E-05  5.70774600E-05  5.70774600E-05  5.70774600E-05  5.70774600E-05  5.70774600E-05  5.70774600E-05
  5.70774600E-05  5.70774600E-05  5.70774600E-05  5.70774600E-05  5.70774600E-05  5.70774600E-05  5.70774600E-05  5.70774600E-05  5.70774600E-05  5.70774600E-05  5.70774600E-05  5.70774600E-05  5.70774600E-05  5.70774600E-05  5.70774600E-05  5.70774600E-05  5.70774600E-05  5.70774600E-05  5.70774600E-05  5.70774600E-05
  5.70774600E-05  5.70774600E-05  5.70774600E-05  5.70774600E-05  5.70774600E-05  5.70774600E-05  5.70774600E-05  5.70774600E-05  5.70774600E-05  5.70774600E-05  5.70774600E-05  5.70774600E-05  5.70774600E-05  5.70774600E-05  5.70774600E-05  5.70774600E-05  5.70774600E-05  5.70774600E-05  5.70774600E-05  5.70774600E-05
  5.70774600E-05  5.70774600E-05  5.70774600E-05  5.70774600E-05  5.70774600E-05  5.70774600E-05  5.70774600E-05  5.70774600E-05  5.70774600E-05  5.70774600E-05  5.70774600E-05  5.70774600E-05  5.70774600E-05  5.70774600E-05  5.70774600E-05  5.70774600E-05  5.70774600E-05  5.70774600E-05  5.70774600E-05  5.70774600E-05
  5.70774600E-05  5.70774600E-05  5.70774600E-05  5.70774600E-05  5.70774600E-05  5.70774600E-05  5.70774600E-05  5.70774600E-05  5.70774600E-05  5.70774600E-05  5.70774600E-05  5.70774600E-05  5.70774600E-05  5.70774600E-05  5.70774600E-05  5.70774600E-05  5.70774600E-05  5.70774600E-05  5.70774600E-05  5.70774600E-05
  5.70774600E-05  5.70774600E-05  5.70774600E-05  5.70774600E-05  5.70774600E-05  5.70774600E-05  5.70774600E-05  5.70774600E-05  5.70774600E-05  5.70774600E-05  5.70774600E-05  5.70774600E-05  5.70774600E-05  5.70774600E-05  5.70774600E-05  5.70774600E-05  5.70774600E-05  5.70774600E-05  5.70774600E-05  5.70774600E-05
  5.70774600E-05  5.70774600E-05  5.70774600E-05  5.70774600E-05  5.70774600E-05  5.70774600E-05  5.70774600E-05  5.70774600E-05  5.70774600E-05  5.70774600E-05  5.70774600E-05  5.70774600E-05  5.70774600E-05  5.70774600E-05  5.70774600E-05  5.70774600E-05  5.70774600E-05  5.70774600E-05  5.70774600E-05  5.70774600E-05
  5.70774600E-05  5.70774600E-05  5.70774600E-05  5.70774600E-05  5.70774600E-05  5.70774600E-05  5.70774600E-05  5.70774600E-05  5.70774600E-05  5.70774600E-05  5.70774600E-05  5.70774600E-05  5.70774600E-05  5.70774600E-05  5.70774600E-05  5.70774600E-05  5.70774600E-05  5.70774600E-05  5.70774600E-05  5.70774600E-05
  5.70774600E-05  5.70774600E-05  5.70774600E-05  5.70774600E-05  5.70774600E-05  5.70774600E-05  5.70774600E-05  5.70774600E-05  5.70774600E-05  5.70774600E-05  5.70774600E-05  5.70774600E-05  5.70774600E-05  5.70774600E-05  5.70774600E-05  5.70774600E-05  5.70774600E-05  5.70774600E-05  5.70774600E-05  5.70774600E-05
  5.70774600E-05  5.70774600E-05  5.70774600E-05  5.70774600E-05  5.70774600E-05  5.70774600E-05  5.70774600E-05  5.70774600E-05  5.70774600E-05  5.70774600E-05  5.70774600E-05  5.70774600E-05  5.70774600E-05  5.70774600E-05  5.70774600E-05  5.70774600E-05  5.70774600E-05  5.70774600E-05  5.70774600E-05  5.70774600E-05
  5.70774600E-05  5.70774600E-05  5.70774600E-05  5.70774600E-05  5.70774600E-05  5.70774600E-05  5.70774600E-05  5.70774600E-05  5.70774600E-05  5.70774600E-05  5.70774600E-05  5.70774600E-05  5.70774600E-05  5.70774600E-05  5.70774600E-05  5.70774600E-05  5.70774600E-05  5.70774600E-05  5.70774600E-05  5.70774600E-05
