  9.69294100E-05  9.69294100E-05  9.69294100E-05  9.69294100E-05  9.69294100E-05  9.69294100E-05  9.69294100E-05  9.69294100E-05  9.69294100E-05  9.69294100E-05  9.69294100E-05  9.69294100E-05  9.69294100E-05  9.69294100E-05  9.69294100E-05  9.69294100E-05  9.69294100E-05  9.69294100E-05  9.69294100E-05  9.69294100E-05
  9.69294100E-05  9.69294100E-05  9.69294100E-05  9.69294100E-05  9.69294100E-05  9.69294100E-05  9.69294100E-05  9.69294100E-05  9.69294100E-05  9.69294100E-05  9.69294100E-05  9.69294100E-05  9.69294100E-05  9.69294100E-05  9.69294100E-05  9.69294100E-05  9.69294100E-05  9.69294100E-05  9.69294100E-05  9.69294100E-05
  9.69294100E-05  9.69294100E-05  9.69294100E-05  9.69294100E-05  9.69294100E-05  9.69294100E-05  9.69294100E-05  9.69294100E-05  9.69294100E-05  9.69294100E-05  9.69294100E-05  9.69294100E-05  9.69294100E-05  9.69294100E-05  9.69294100E-05  9.69294100E-05  9.69294100E-05  9.69294100E-05  9.69294100E-05  9.69294100E-05
  9.69294100E-05  9.69294100E-05  9.69294100E-05  9.69294100E-05  9.69294100E-05  9.69294100E-05  9.69294100E-05  9.69294100E-05  9.69294100E-05  9.69294100E-05  9.69294100E-05  9.69294100E-05  9.69294100E-05  9.69294100E-05  9.69294100E-05  9.69294100E-05  9.69294100E-05  9.69294100E-05  9.69294100E-05  9.69294100E-05
  9.69294100E-05  9.69294100E-05  9.69294100E-05  9.69294100E-05  9.69294100E-05  9.69294100E-05  9.69294100E-05  9.69294100E-05  9.69294100E-05  9.69294100E-05  9.69294100E-05  9.69294100E-05  9.69294100E-05  9.69294100E-05  9.69294100E-05  9.69294100E-05  9.69294100E-05  9.69294100E-05  9.69294100E-05  9.69294100E-05
  9.69294100E-05  9.69294100E-05  9.69294100E-05  9.69294100E-05  9.69294100E-05  9.69294100E-05  9.69294100E-05  9.69294100E-05  9.69294100E-05  9.69294100E-05  9.69294100E-05  9.69294100E-05  9.69294100E-05  9.69294100E-05  9.69294100E-05  9.69294100E-05  9.69294100E-05  9.69294100E-05  9.69294100E-05  9.69294100E-05
  9.69294100E-05  9.69294100E-05  9.69294100E-05  9.69294100E-05  9.69294100E-05  9.69294100E-05  9.69294100E-05  9.69294100E-05  9.69294100E-05  9.69294100E-05  9.69294100E-05  9.69294100E-05  9.69294100E-05  9.69294100E-05  9.69294100E-05  9.69294100E-05  9.69294100E-05  9.69294100E-05  9.69294100E-05  9.69294100E-05
  9.69294100E-05  9.69294100E-05  9.69294100E-05  9.69294100E-05  9.69294100E-05  9.69294100E-05  9.69294100E-05  9.69294100E-05  9.69294100E-05  9.69294100E-05  9.69294100E-05  9.69294100E-05  9.69294100E-05  9.69294100E-05  9.69294100E-05  9.69294100E-05  9.69294100E-05  9.69294100E-05  9.69294100E-05  9.69294100E-05
  9.69294100E-05  9.69294100E-05  9.69294100E-05  9.69294100E-05  9.69294100E-05  9.69294100E-05  9.69294100E-05  9.69294100E-05  9.69294100E-05  9.69294100E-05  9.69294100E-05  9.69294100E-05  9.69294100E-05  9.69294100E-05  9.69294100E-05  9.69294100E-05  9.69294100E-05  9.69294100E-05  9.69294100E-05  9.69294100E-05
  9.69294100E-05  9.69294100E-05  9.69294100E-05  9.69294100E-05  9.69294100E-05  9.69294100E-05  9.69294100E-05  9.69294100E-05  9.69294100E-05  9.69294100E-05  9.69294100E-05  9.69294100E-05  9.69294100E-05  9.69294100E-05  9.69294100E-05  9.69294100E-05  9.69294100E-05  9.69294100E-05  9.69294100E-05  9.69294100E-05
  9.69294100E-05  9.69294100E-05  9.69294100E-05  9.69294100E-05  9.69294100E-05  9.69294100E-05  9.69294100E-05  9.69294100E-05  9.69294100E-05  9.69294100E-05  9.69294100E-05  9.69294100E-05  9.69294100E-05  9.69294100E-05  9.69294100E-05  9.69294100E-05  9.69294100E-05  9.69294100E-05  9.69294100E-05  9.69294100E-05
  9.69294100E-05  9.69294100E-05  9.69294100E-05  9.69294100E-05  9.69294100E-05  9.69294100E-05  9.69294100E-05  9.69294100E-05  9.69294100E-05  9.69294100E-05  9.69294100E-05  9.69294100E-05  9.69294100E-05  9.69294100E-05  9.69294100E-05  9.69294100E-05  9.69294100E-05  9.69294100E-05  9.69294100E-05  9.69294100E-05
  9.69294100E-05  9.69294100E-05  9.69294100E-05  9.69294100E-05  9.69294100E-05  9.69294100E-05  9.69294100E-05  9.69294100E-05  9.69294100E-05  9.69294100E-05  9.69294100E-05  9.69294100E-05  9.69294100E-05  9.69294100E-05  9.69294100E-05  9.69294100E-05  9.69294100E-05  9.69294100E-05  9.69294100E-05  9.69294100E-05
  9.69294100E-05  9.69294100E-05  9.69294100E-05  9.69294100E-05  9.69294100E-05  9.69294100E-05  9.69294100E-05  9.69294100E-05  9.69294100E-05  9.69294100E-05  9.69294100E-05  9.69294100E-05  9.69294100E-05  9.69294100E-05  9.69294100E-05  9.69294100E-05  9.69294100E-05  9.69294100E-05  9.69294100E-05  9.69294100E-05
  9.69294100E-05  9.69294100E-05  9.69294100E-05  9.69294100E-05  9.69294100E-05  9.69294100E-05  9.69294100E-05  9.69294100E-05  9.69294100E-05  9.69294100E-05  9.69294100E-05  9.69294100E-05  9.69294100E-05  9.69294100E-05  9.69294100E-05  9.69294100E-05  9.69294100E-05  9.69294100E-05  9.69294100E-05  9.69294100E-05
  9.69294100E-05  9.69294100E-05  9.69294100E-05  9.69294100E-05  9.69294100E-05  9.69294100E-05  9.69294100E-05  9.69294100E-05  9.69294100E-05  9.69294100E-05  9.69294100E-05  9.69294100E-05  9.69294100E-05  9.69294100E-05  9.69294100E-05  9.69294100E-05  9.69294100E-05  9.69294100E-05  9.69294100E-05  9.69294100E-05
  9.69294100E-05  9.69294100E-05  9.69294100E-05  9.69294100E-05  9.69294100E-05  9.69294100E-05  9.69294100E-05  9.69294100E-05  9.69294100E-05  9.69294100E-05  9.69294100E-05  9.69294100E-05  9.69294100E-05  9.69294100E-05  9.69294100E-05  9.69294100E-05  9.69294100E-05  9.69294100E-05  9.69294100E-05  9.69294100E-05
  9.69294100E-05  9.69294100E-05  9.69294100E-05  9.69294100E-05  9.69294100E-05  9.69294100E-05  9.69294100E-05  9.69294100E-05  9.69294100E-05  9.69294100E-05  9.69294100E-05  9.69294100E-05  9.69294100E-05  9.69294100E-05  9.69294100E-05  9.69294100E-05  9.69294100E-05  9.69294100E-05  9.69294100E-05  9.69294100E-05
  9.69294100E-05  9.69294100E-05  9.69294100E-05  9.69294100E-05  9.69294100E-05  9.69294100E-05  9.69294100E-05  9.69294100E-05  9.69294100E-05  9.69294100E-05  9.69294100E-05  9.69294100E-05  9.69294100E-05  9.69294100E-05  9.69294100E-05  9.69294100E-05  9.69294100E-05  9.69294100E-05  9.69294100E-05  9.69294100E-05
  9.69294100E-05  9.69294100E-05  9.69294100E-05  9.69294100E-05  9.69294100E-05  9.69294100E-05  9.69294100E-05  9.69294100E-05  9.69294100E-05  9.69294100E-05  9.69294100E-05  9.69294100E-05  9.69294100E-05  9.69294100E-05  9.69294100E-05  9.69294100E-05  9.69294100E-05  9.69294100E-05  9.69294100E-05  9.69294100E-05
  9.69294100E-05  9.69294100E-05  9.69294100E-05  9.69294100E-05  9.69294100E-05  9.69294100E-05  9.69294100E-05  9.69294100E-05  9.69294100E-05  9.69294100E-05  9.69294100E-05  9.69294100E-05  9.69294100E-05  9.69294100E-05  9.69294100E-05  9.69294100E-05  9.69294100E-05  9.69294100E-05  9.69294100E-05  9.69294100E-05
  9.69294100E-05  9.69294100E-05  9.69294100E-05  9.69294100E-05  9.69294100E-05  9.69294100E-05  9.69294100E-05  9.69294100E-05  9.69294100E-05  9.69294100E-05  9.69294100E-05  9.69294100E-05  9.69294100E-05  9.69294100E-05  9.69294100E-05  9.69294100E-05  9.69294100E-05  9.69294100E-05  9.69294100E-05  9.69294100E-05
  9.69294100E-05  9.69294100E-05  9.69294100E-05  9.69294100E-05  9.69294100E-05  9.69294100E-05  9.69294100E-05  9.69294100E-05  9.69294100E-05  9.69294100E-05  9.69294100E-05  9.69294100E-05  9.69294100E-05  9.69294100E-05  9.69294100E-05  9.69294100E-05  9.69294100E-05  9.69294100E-05  9.69294100E-05  9.69294100E-05
  9.69294100E-05  9.69294100E-05  9.69294100E-05  9.69294100E-05  9.69294100E-05  9.69294100E-05  9.69294100E-05  9.69294100E-05  9.69294100E-05  9.69294100E-05  9.69294100E-05  9.69294100E-05  9.69294100E-05  9.69294100E-05  9.69294100E-05  9.69294100E-05  9.69294100E-05  9.69294100E-05  9.69294100E-05  9.69294100E-05
  9.69294100E-05  9.69294100E-05  9.69294100E-05  9.69294100E-05  9.69294100E-05  9.69294100E-05  9.69294100E-05  9.69294100E-05  9.69294100E-05  9.69294100E-05  9.69294100E-05  9.69294100E-05  9.69294100E-05  9.69294100E-05  9.69294100E-05  9.69294100E-05  9.69294100E-05  9.69294100E-05  9.69294100E-05  9.69294100E-05
  9.69294100E-05  9.69294100E-05  9.69294100E-05  9.69294100E-05  9.69294100E-05  9.69294100E-05  9.69294100E-05  9.69294100E-05  9.69294100E-05  9.69294100E-05  9.69294100E-05  9.69294100E-05  9.69294100E-05  9.69294100E-05  9.69294100E-05  9.69294100E-05  9.69294100E-05  9.69294100E-05  9.69294100E-05  9.69294100E-05
  9.69294100E-05  9.69294100E-05  9.69294100E-05  9.69294100E-05  9.69294100E-05  9.69294100E-05  9.69294100E-05  9.69294100E-05  9.69294100E-05  9.69294100E-05  9.69294100E-05  9.69294100E-05  9.69294100E-05  9.69294100E-05  9.69294100E-05  9.69294100E-05  9.69294100E-05  9.69294100E-05  9.69294100E-05  9.69294100E-05
  9.69294100E-05  9.69294100E-05  9.69294100E-05  9.69294100E-05  9.69294100E-05  9.69294100E-05  9.69294100E-05  9.69294100E-05  9.69294100E-05  9.69294100E-05  9.69294100E-05  9.69294100E-05  9.69294100E-05  9.69294100E-05  9.69294100E-05  9.69294100E-05  9.69294100E-05  9.69294100E-05  9.69294100E-05  9.69294100E-05
  9.69294100E-05  9.69294100E-05  9.69294100E-05  9.69294100E-05  9.69294100E-05  9.69294100E-05  9.69294100E-05  9.69294100E-05  9.69294100E-05  9.69294100E-05  9.69294100E-05  9.69294100E-05  9.69294100E-05  9.69294100E-05  9.69294100E-05  9.69294100E-05  9.69294100E-05  9.69294100E-05  9.69294100E-05  9.69294100E-05
  9.69294100E-05  9.69294100E-05  9.69294100E-05  9.69294100E-05  9.69294100E-05  9.69294100E-05  9.69294100E-05  9.69294100E-05  9.69294100E-05  9.69294100E-05  9.69294100E-05  9.69294100E-05  9.69294100E-05  9.69294100E-05  9.69294100E-05  9.69294100E-05  9.69294100E-05  9.69294100E-05  9.69294100E-05  9.69294100E-05
  9.69294100E-05  9.69294100E-05  9.69294100E-05  9.69294100E-05  9.69294100E-05  9.69294100E-05  9.69294100E-05  9.69294100E-05  9.69294100E-05  9.69294100E-05  9.69294100E-05  9.69294100E-05  9.69294100E-05  9.69294100E-05  9.69294100E-05  9.69294100E-05  9.69294100E-05  9.69294100E-05  9.69294100E-05  9.69294100E-05
  9.69294100E-05  9.69294100E-05  9.69294100E-05  9.69294100E-05  9.69294100E-05  9.69294100E-05  9.69294100E-05  9.69294100E-05  9.69294100E-05  9.69294100E-05  9.69294100E-05  9.69294100E-05  9.69294100E-05  9.69294100E-05  9.69294100E-05  9.69294100E-05  9.69294100E-05  9.69294100E-05  9.69294100E-05  9.69294100E-05
  9.69294100E-05  9.69294100E-05  9.69294100E-05  9.69294100E-05  9.69294100E-05  9.69294100E-05  9.69294100E-05  9.69294100E-05  9.69294100E-05  9.69294100E-05  9.69294100E-05  9.69294100E-05  9.69294100E-05  9.69294100E-05  9.69294100E-05  9.69294100E-05  9.69294100E-05  9.69294100E-05  9.69294100E-05  9.69294100E-05
  9.69294100E-05  9.69294100E-05  9.69294100E-05  9.69294100E-05  9.69294100E-05  9.69294100E-05  9.69294100E-05  9.69294100E-05  9.69294100E-05  9.69294100E-05  9.69294100E-05  9.69294100E-05  9.69294100E-05  9.69294100E-05  9.69294100E-05  9.69294100E-05  9.69294100E-05  9.69294100E-05  9.69294100E-05  9.69294100E-05
  9.69294100E-05  9.69294100E-05  9.69294100E-05  9.69294100E-05  9.69294100E-05  9.69294100E-05  9.69294100E-05  9.69294100E-05  9.69294100E-05  9.69294100E-05  9.69294100E-05  9.69294100E-05  9.69294100E-05  9.69294100E-05  9.69294100E-05  9.69294100E-05  9.69294100E-05  9.69294100E-05  9.69294100E-05  9.69294100E-05
  9.69294100E-05  9.69294100E-05  9.69294100E-05  9.69294100E-05  9.69294100E-05  9.69294100E-05  9.69294100E-05  9.69294100E-05  9.69294100E-05  9.69294100E-05  9.69294100E-05  9.69294100E-05  9.69294100E-05  9.69294100E-05  9.69294100E-05  9.69294100E-05  9.69294100E-05  9.69294100E-05  9.69294100E-05  9.69294100E-05
  9.69294100E-05  9.69294100E-05  9.69294100E-05  9.69294100E-05  9.69294100E-05  9.69294100E-05  9.69294100E-05  9.69294100E-05  9.69294100E-05  9.69294100E-05  9.69294100E-05  9.69294100E-05  9.69294100E-05  9.69294100E-05  9.69294100E-05  9.69294100E-05  9.69294100E-05  9.69294100E-05  9.69294100E-05  9.69294100E-05
  9.69294100E-05  9.69294100E-05  9.69294100E-05  9.69294100E-05  9.69294100E-05  9.69294100E-05  9.69294100E-05  9.69294100E-05  9.69294100E-05  9.69294100E-05  9.69294100E-05  9.69294100E-05  9.69294100E-05  9.69294100E-05  9.69294100E-05  9.69294100E-05  9.69294100E-05  9.69294100E-05  9.69294100E-05  9.69294100E-05
  9.69294100E-05  9.69294100E-05  9.69294100E-05  9.69294100E-05  9.69294100E-05  9.69294100E-05  9.69294100E-05  9.69294100E-05  9.69294100E-05  9.69294100E-05  9.69294100E-05  9.69294100E-05  9.69294100E-05  9.69294100E-05  9.69294100E-05  9.69294100E-05  9.69294100E-05  9.69294100E-05  9.69294100E-05  9.69294100E-05
  9.69294100E-05  9.69294100E-05  9.69294100E-05  9.69294100E-05  9.69294100E-05  9.69294100E-05  9.69294100E-05  9.69294100E-05  9.69294100E-05  9.69294100E-05  9.69294100E-05  9.69294100E-05  9.69294100E-05  9.69294100E-05  9.69294100E-05  9.69294100E-05  9.69294100E-05  9.69294100E-05  9.69294100E-05  9.69294100E-05
