       8.88065300       8.65585800       8.37084000       8.02458100       7.61815800       7.15459500       6.63929500       6.08334800       5.51425400       4.99537400       4.59175300       4.45521400       4.52991200       4.74701600       5.01544800       5.27412100       5.46348100       5.55200700       5.55286500       5.50130400
       9.22921600       9.00252800       8.70587900       8.33752400       7.89817500       7.38973700       6.81320600       6.16759600       5.45921900       4.74911100       4.20652100       4.07278800       4.24936500       4.58154300       4.96399400       5.32727400       5.57806000       5.65425700       5.60557500       5.50819900
       9.61735100       9.39446500       9.09073700       8.70429500       8.23730800       7.69400000       7.07591700       6.37242900       5.54544300       4.55683600       3.69977500       3.64369000       3.98701400       4.43024800       4.91430600       5.40420800       5.75438600       5.76006700       5.61817100       5.46737800
      10.04494000       9.83241300       9.52583700       9.12349800       8.63115100       8.06027500       7.42353200       6.72508500       5.92705000       4.79646200       3.00000000       3.45765200       3.87332900       4.31680400       4.81255300       5.37248400       6.00000000       5.72882400       5.51278100       5.34131700
      10.51025000      10.31592000      10.00993000       9.58998300       9.06679800       8.46243400       7.80650300       7.13452400       6.49562700       6.00000000       4.40143300       3.90009500       3.97024800       4.23308100       4.60243200       5.02649900       5.35033000       5.35830700       5.23580100       5.11224500
      11.00943000      10.84383000      10.54161000      10.09743000       9.52784400       8.86712200       8.15802000       7.44384400       6.75047900       5.97191700       5.00227600       4.34090700       4.10182300       4.12564700       4.30182000       4.54662000       4.75625300       4.84705000       4.84364900       4.80380400
      11.53479000      11.41438000      11.12102000      10.64084000       9.99945900       9.24913000       8.44522800       7.62962500       6.81518000       5.97765700       5.15576100       4.50118300       4.10945000       3.94454100       3.94225800       4.04720900       4.20279500       4.33821000       4.42125100       4.46156400
      12.07016000      12.02346000      11.75074000      11.21578000      10.46558000       9.58889400       8.66091200       7.72805000       6.81232200       5.92748100       5.11962700       4.44998300       3.97399600       3.68385000       3.54059200       3.53395200       3.68650200       3.87357600       4.02233800       4.12645300
      12.57851000      12.65685000      12.43579000      11.80985000      10.89382000       9.85548100       8.79000100       7.74254800       6.73750200       5.79684700       4.95906000       4.25626600       3.72952900       3.37866000       3.15733100       3.00000000       3.25753700       3.48978300       3.68024700       3.82696900
      12.97375000      13.25373000      13.18295000      12.36506000      11.20424000       9.99283000       8.80191300       7.65690800       6.57562400       5.57910800       4.69967000       3.95883200       3.40352300       3.06659700       2.88657800       2.85108400       2.99832600       3.21149500       3.41158800       3.57862200
      13.09740000      13.53149000      14.00000000      12.60185000      11.24452000       9.93076800       8.66545500       7.45701200       6.31978800       5.27660200       4.36195200       3.59699700       3.00000000       2.76475300       2.66624500       2.69322300       2.82873900       3.01970400       3.21382500       3.38510300
      12.84326000      13.09482000      12.98896000      12.12794000      10.91446000       9.63969800       8.37450000       7.14594400       5.97664700       4.89764700       3.95854600       3.21060900       2.71557100       2.49467800       2.45984500       2.54113900       2.69710600       2.88713200       3.07587400       3.24285200
      12.32426000      12.34776000      12.05916000      11.35021000      10.33279000       9.17208300       7.96228300       6.75115400       5.57134300       4.46049800       3.48584400       2.75116100       2.34510600       2.21846600       2.26505600       2.40876600       2.60095000       2.80367000       2.98947600       3.14597800
      11.70499000      11.58086000      11.21309000      10.56165000       9.66925300       8.62039700       7.48759500       6.31976900       5.15110000       4.01365500       2.96502000       2.18382000       1.91880300       1.94724700       2.09708600       2.31081100       2.54815300       2.77015400       2.95054100       3.08740000
      11.07640000      10.86116000      10.45210000       9.83103500       9.01851100       8.06102700       7.00863000       5.90297100       4.77610900       3.65321800       2.55631400       1.50000000       1.59747500       1.75973700       1.98502500       2.25781500       2.54467500       2.79059700       2.95448400       3.05538300
      10.47872000      10.20679000       9.77606400       9.17721100       8.42220800       7.53979700       6.56588100       5.53639400       4.48559100       3.45040900       2.49283700       1.79627200       1.60857700       1.70928400       1.93449400       2.23680000       2.57855300       2.86751000       2.98392400       3.02503600
       9.92939900       9.62309400       9.18336800       8.60517000       7.89680900       7.07852400       6.17860200       5.23029500       4.27205700       3.35346900       2.55172100       1.98023900       1.72164700       1.72579200       1.90384200       2.19710900       2.57006000       3.00000000       2.96046200       2.95139100
       9.43561800       9.11054400       8.67110200       8.11440900       7.44691400       6.68437400       5.85075100       4.97746500       4.10433100       3.28261000       2.57859300       2.06162200       1.77632800       1.71672300       1.84164200       2.09172000       2.40414600       2.67323700       2.77414300       2.80277300
       8.99938100       8.66726700       8.23548200       7.70203400       7.07188700       6.35767300       5.57997100       4.76771300       3.95897700       3.20150400       2.55059500       2.05642500       1.74926100       1.64237600       1.73173100       1.93729400       2.18147500       2.39392100       2.52905500       2.60582600
       8.61973100       8.28997800       7.87221700       7.36436000       6.76954500       6.09725100       5.36439600       4.59643100       3.82819000       3.10383000       2.47442700       1.98776300       1.66743900       1.50000000       1.60442100       1.77851500       1.97697400       2.15846500       2.29895000       2.40075400
       8.23907200       7.93443500       7.54979800       7.08196200       6.53137300       5.90351400       5.21076200       4.46673800       3.71704600       2.99801300       2.36209800       1.87400500       1.57601000       1.46167600       1.51039100       1.64541400       1.80750800       1.96362000       2.09747800       2.20759200
       7.96068600       7.67331700       7.31474400       6.88035400       6.36729400       5.77592600       5.11259500       4.39334100       3.64639400       2.91069900       2.23552300       1.71689100       1.47013600       1.40398800       1.43991900       1.54442400       1.67536700       1.80591600       1.92556900       1.99632600
       7.76544600       7.48967300       7.15306000       6.74981900       6.27352700       5.71798800       5.08088700       4.37108000       3.61633200       2.86168000       2.14947300       1.50000000       1.39717100       1.36264700       1.39222500       1.47111500       1.57518400       1.67800000       1.77951300       1.84272700
       7.56784200       7.32100000       7.02329000       6.66833400       6.24640900       5.74314600       5.14274800       4.44075300       3.66563000       2.89424300       2.21572500       1.71163300       1.46769200       1.37787200       1.36720900       1.41280600       1.50000000       1.56036400       1.64158500       1.73610100
       7.39550700       7.18032900       6.92570800       6.62660900       6.27285900       5.84289200       5.30046100       4.61271000       3.78935000       2.96188900       2.33280700       1.88168800       1.58813600       1.42488900       1.35339500       1.34675800       1.38172100       1.43489400       1.50621300       1.59594600
       7.23762900       7.05343400       6.84177400       6.60120600       6.32636900       6.00000000       5.55836100       4.92382400       4.04023300       3.00000000       2.48652700       2.03779600       1.69677500       1.46767000       1.33367400       1.27325700       1.27019500       1.30586900       1.37075200       1.45918800
       7.08356000       6.92550800       6.75021400       6.56044300       6.35874300       6.14178800       5.87715400       5.39742400       4.47745600       3.48144800       2.73525000       2.18647000       1.77470000       1.48242900       1.29286000       1.18727900       1.15396500       1.17415900       1.23478400       1.32509900
       6.92458700       6.78420800       6.63242800       6.47382700       6.31546500       6.17015700       6.05808800       6.00000000       4.79260700       3.74534600       2.91000900       2.27218600       1.79442800       1.44976900       1.21711100       1.07801500       1.02312200       1.03514900       1.09734600       1.19409700
       6.75554300       6.62277000       6.47896800       6.32658400       6.16766600       6.00000000       5.82220400       5.44476800       4.64281100       3.72176200       2.90390300       2.23997400       1.72911900       1.35502500       1.09731000       0.93792850       0.86587020       0.88606640       0.95937640       1.06848600
       6.57546200       6.44124400       6.29223300       6.12676000       5.93957300       5.71713400       5.41949700       4.95494100       4.27575500       3.48718200       2.72830400       2.07937700       1.56941200       1.19453900       0.93455870       0.76833380       0.69252750       0.73067620       0.82724830       0.95360980
       6.38695900       6.24513700       6.08312800       5.89562800       5.67236800       5.39383200       5.02554600       4.52524500       3.88334200       3.15529700       2.43484900       1.80825800       1.32290500       0.97759580       0.74430970       0.59300390       0.50000000       0.59288610       0.71508750       0.85730460
       6.19476700       6.04257100       5.86529100       5.65560400       5.40160600       5.08477500       4.67964600       4.16097000       3.52260500       2.79900400       2.07106500       1.44841300       1.00607100       0.72387640       0.54958890       0.45138740       0.42713100       0.50848670       0.63543900       0.78584040
       6.00416100       5.84163100       5.65072400       5.42367600       5.14937900       4.81276700       4.39502100       3.87456500       3.23124400       2.47440300       1.68033900       1.01236500       0.64801810       0.46686480       0.37085150       0.33534460       0.35668340       0.45662250       0.58621170       0.74044030
       5.81981400       5.64877900       5.44785800       5.20979500       4.92524200       4.58306400       4.17112400       3.67401800       3.04784700       2.24276400       1.36149600       0.50000000       0.34822830       0.26409300       0.23316210       0.24715380       0.30280560       0.42546910       0.56192890       0.71964340
       5.64521000       5.46834300       5.26156100       5.01839900       4.73099900       4.39070000       3.98969500       3.52429700       3.00000000       2.11084700       1.23803800       0.54569030       0.24739490       0.16287670       0.15751580       0.19914010       0.27687340       0.41825700       0.56176900       0.72257540
       5.48252600       5.30267700       5.09400000       4.85079200       4.56594400       4.23072100       3.83426100       3.36016200       2.76334300       2.00062000       1.19956000       0.50000000       0.24917100       0.14994670       0.14471980       0.19620690       0.28491790       0.39998780       0.58701400       0.74930440
       5.33275500       5.15252900       4.94542200       4.70658500       4.42958500       4.10514400       3.71837300       3.24442000       2.65210600       1.94745700       1.22409900       0.63813610       0.31556140       0.19217100       0.18163820       0.23550340       0.32810800       0.44577760       0.63874970       0.80005050
       5.19594200       5.01740000       4.81451800       4.58360300       4.31970000       4.01516900       3.65616300       3.21562100       2.65270100       1.96487700       1.25636300       0.69127520       0.37383840       0.25860650       0.25549810       0.31244620       0.40529170       0.52130740       0.71719950       0.87461840
       5.07150000       4.89595400       4.69877200       4.47756800       4.22952100       3.95087200       3.63514200       3.26446700       2.76438700       2.04285700       1.26405200       0.65139960       0.39781170       0.34658670       0.36562270       0.42548610       0.51506530       0.62544570       0.82167850       0.97215120
       4.95858200       4.78657700       4.59528300       4.38327400       4.14929700       3.89253500       3.61316800       3.31353400       3.00000000       2.14631100       1.30719000       0.50000000       0.47648900       0.50000000       0.52024850       0.57483940       0.65571670       0.75614720       0.95053040       1.09101500
