  4.68462500E-05  4.68462500E-05  4.68462500E-05  4.68462500E-05  4.68462500E-05  4.68462500E-05  4.68462500E-05  4.68462500E-05  4.68462500E-05  4.68462500E-05  4.68462500E-05  4.68462500E-05  4.68462500E-05  4.68462500E-05  4.68462500E-05  4.68462500E-05  4.68462500E-05  4.68462500E-05  4.68462500E-05  4.68462500E-05
  4.68462500E-05  4.68462500E-05  4.68462500E-05  4.68462500E-05  4.68462500E-05  4.68462500E-05  4.68462500E-05  4.68462500E-05  4.68462500E-05  4.68462500E-05  4.68462500E-05  4.68462500E-05  4.68462500E-05  4.68462500E-05  4.68462500E-05  4.68462500E-05  4.68462500E-05  4.68462500E-05  4.68462500E-05  4.68462500E-05
  4.68462500E-05  4.68462500E-05  4.68462500E-05  4.68462500E-05  4.68462500E-05  4.68462500E-05  4.68462500E-05  4.68462500E-05  4.68462500E-05  4.68462500E-05  4.68462500E-05  4.68462500E-05  4.68462500E-05  4.68462500E-05  4.68462500E-05  4.68462500E-05  4.68462500E-05  4.68462500E-05  4.68462500E-05  4.68462500E-05
  4.68462500E-05  4.68462500E-05  4.68462500E-05  4.68462500E-05  4.68462500E-05  4.68462500E-05  4.68462500E-05  4.68462500E-05  4.68462500E-05  4.68462500E-05  4.68462500E-05  4.68462500E-05  4.68462500E-05  4.68462500E-05  4.68462500E-05  4.68462500E-05  4.68462500E-05  4.68462500E-05  4.68462500E-05  4.68462500E-05
  4.68462500E-05  4.68462500E-05  4.68462500E-05  4.68462500E-05  4.68462500E-05  4.68462500E-05  4.68462500E-05  4.68462500E-05  4.68462500E-05  4.68462500E-05  4.68462500E-05  4.68462500E-05  4.68462500E-05  4.68462500E-05  4.68462500E-05  4.68462500E-05  4.68462500E-05  4.68462500E-05  4.68462500E-05  4.68462500E-05
  4.68462500E-05  4.68462500E-05  4.68462500E-05  4.68462500E-05  4.68462500E-05  4.68462500E-05  4.68462500E-05  4.68462500E-05  4.68462500E-05  4.68462500E-05  4.68462500E-05  4.68462500E-05  4.68462500E-05  4.68462500E-05  4.68462500E-05  4.68462500E-05  4.68462500E-05  4.68462500E-05  4.68462500E-05  4.68462500E-05
  4.68462500E-05  4.68462500E-05  4.68462500E-05  4.68462500E-05  4.68462500E-05  4.68462500E-05  4.68462500E-05  4.68462500E-05  4.68462500E-05  4.68462500E-05  4.68462500E-05  4.68462500E-05  4.68462500E-05  4.68462500E-05  4.68462500E-05  4.68462500E-05  4.68462500E-05  4.68462500E-05  4.68462500E-05  4.68462500E-05
  4.68462500E-05  4.68462500E-05  4.68462500E-05  4.68462500E-05  4.68462500E-05  4.68462500E-05  4.68462500E-05  4.68462500E-05  4.68462500E-05  4.68462500E-05  4.68462500E-05  4.68462500E-05  4.68462500E-05  4.68462500E-05  4.68462500E-05  4.68462500E-05  4.68462500E-05  4.68462500E-05  4.68462500E-05  4.68462500E-05
  4.68462500E-05  4.68462500E-05  4.68462500E-05  4.68462500E-05  4.68462500E-05  4.68462500E-05  4.68462500E-05  4.68462500E-05  4.68462500E-05  4.68462500E-05  4.68462500E-05  4.68462500E-05  4.68462500E-05  4.68462500E-05  4.68462500E-05  4.68462500E-05  4.68462500E-05  4.68462500E-05  4.68462500E-05  4.68462500E-05
  4.68462500E-05  4.68462500E-05  4.68462500E-05  4.68462500E-05  4.68462500E-05  4.68462500E-05  4.68462500E-05  4.68462500E-05  4.68462500E-05  4.68462500E-05  4.68462500E-05  4.68462500E-05  4.68462500E-05  4.68462500E-05  4.68462500E-05  4.68462500E-05  4.68462500E-05  4.68462500E-05  4.68462500E-05  4.68462500E-05
  4.68462500E-05  4.68462500E-05  4.68462500E-05  4.68462500E-05  4.68462500E-05  4.68462500E-05  4.68462500E-05  4.68462500E-05  4.68462500E-05  4.68462500E-05  4.68462500E-05  4.68462500E-05  4.68462500E-05  4.68462500E-05  4.68462500E-05  4.68462500E-05  4.68462500E-05  4.68462500E-05  4.68462500E-05  4.68462500E-05
  4.68462500E-05  4.68462500E-05  4.68462500E-05  4.68462500E-05  4.68462500E-05  4.68462500E-05  4.68462500E-05  4.68462500E-05  4.68462500E-05  4.68462500E-05  4.68462500E-05  4.68462500E-05  4.68462500E-05  4.68462500E-05  4.68462500E-05  4.68462500E-05  4.68462500E-05  4.68462500E-05  4.68462500E-05  4.68462500E-05
  4.68462500E-05  4.68462500E-05  4.68462500E-05  4.68462500E-05  4.68462500E-05  4.68462500E-05  4.68462500E-05  4.68462500E-05  4.68462500E-05  4.68462500E-05  4.68462500E-05  4.68462500E-05  4.68462500E-05  4.68462500E-05  4.68462500E-05  4.68462500E-05  4.68462500E-05  4.68462500E-05  4.68462500E-05  4.68462500E-05
  4.68462500E-05  4.68462500E-05  4.68462500E-05  4.68462500E-05  4.68462500E-05  4.68462500E-05  4.68462500E-05  4.68462500E-05  4.68462500E-05  4.68462500E-05  4.68462500E-05  4.68462500E-05  4.68462500E-05  4.68462500E-05  4.68462500E-05  4.68462500E-05  4.68462500E-05  4.68462500E-05  4.68462500E-05  4.68462500E-05
  4.68462500E-05  4.68462500E-05  4.68462500E-05  4.68462500E-05  4.68462500E-05  4.68462500E-05  4.68462500E-05  4.68462500E-05  4.68462500E-05  4.68462500E-05  4.68462500E-05  4.68462500E-05  4.68462500E-05  4.68462500E-05  4.68462500E-05  4.68462500E-05  4.68462500E-05  4.68462500E-05  4.68462500E-05  4.68462500E-05
  4.68462500E-05  4.68462500E-05  4.68462500E-05  4.68462500E-05  4.68462500E-05  4.68462500E-05  4.68462500E-05  4.68462500E-05  4.68462500E-05  4.68462500E-05  4.68462500E-05  4.68462500E-05  4.68462500E-05  4.68462500E-05  4.68462500E-05  4.68462500E-05  4.68462500E-05  4.68462500E-05  4.68462500E-05  4.68462500E-05
  4.68462500E-05  4.68462500E-05  4.68462500E-05  4.68462500E-05  4.68462500E-05  4.68462500E-05  4.68462500E-05  4.68462500E-05  4.68462500E-05  4.68462500E-05  4.68462500E-05  4.68462500E-05  4.68462500E-05  4.68462500E-05  4.68462500E-05  4.68462500E-05  4.68462500E-05  4.68462500E-05  4.68462500E-05  4.68462500E-05
  4.68462500E-05  4.68462500E-05  4.68462500E-05  4.68462500E-05  4.68462500E-05  4.68462500E-05  4.68462500E-05  4.68462500E-05  4.68462500E-05  4.68462500E-05  4.68462500E-05  4.68462500E-05  4.68462500E-05  4.68462500E-05  4.68462500E-05  4.68462500E-05  4.68462500E-05  4.68462500E-05  4.68462500E-05  4.68462500E-05
  4.68462500E-05  4.68462500E-05  4.68462500E-05  4.68462500E-05  4.68462500E-05  4.68462500E-05  4.68462500E-05  4.68462500E-05  4.68462500E-05  4.68462500E-05  4.68462500E-05  4.68462500E-05  4.68462500E-05  4.68462500E-05  4.68462500E-05  4.68462500E-05  4.68462500E-05  4.68462500E-05  4.68462500E-05  4.68462500E-05
  4.68462500E-05  4.68462500E-05  4.68462500E-05  4.68462500E-05  4.68462500E-05  4.68462500E-05  4.68462500E-05  4.68462500E-05  4.68462500E-05  4.68462500E-05  4.68462500E-05  4.68462500E-05  4.68462500E-05  4.68462500E-05  4.68462500E-05  4.68462500E-05  4.68462500E-05  4.68462500E-05  4.68462500E-05  4.68462500E-05
  4.68462500E-05  4.68462500E-05  4.68462500E-05  4.68462500E-05  4.68462500E-05  4.68462500E-05  4.68462500E-05  4.68462500E-05  4.68462500E-05  4.68462500E-05  4.68462500E-05  4.68462500E-05  4.68462500E-05  4.68462500E-05  4.68462500E-05  4.68462500E-05  4.68462500E-05  4.68462500E-05  4.68462500E-05  4.68462500E-05
  4.68462500E-05  4.68462500E-05  4.68462500E-05  4.68462500E-05  4.68462500E-05  4.68462500E-05  4.68462500E-05  4.68462500E-05  4.68462500E-05  4.68462500E-05  4.68462500E-05  4.68462500E-05  4.68462500E-05  4.68462500E-05  4.68462500E-05  4.68462500E-05  4.68462500E-05  4.68462500E-05  4.68462500E-05  4.68462500E-05
  4.68462500E-05  4.68462500E-05  4.68462500E-05  4.68462500E-05  4.68462500E-05  4.68462500E-05  4.68462500E-05  4.68462500E-05  4.68462500E-05  4.68462500E-05  4.68462500E-05  4.68462500E-05  4.68462500E-05  4.68462500E-05  4.68462500E-05  4.68462500E-05  4.68462500E-05  4.68462500E-05  4.68462500E-05  4.68462500E-05
  4.68462500E-05  4.68462500E-05  4.68462500E-05  4.68462500E-05  4.68462500E-05  4.68462500E-05  4.68462500E-05  4.68462500E-05  4.68462500E-05  4.68462500E-05  4.68462500E-05  4.68462500E-05  4.68462500E-05  4.68462500E-05  4.68462500E-05  4.68462500E-05  4.68462500E-05  4.68462500E-05  4.68462500E-05  4.68462500E-05
  4.68462500E-05  4.68462500E-05  4.68462500E-05  4.68462500E-05  4.68462500E-05  4.68462500E-05  4.68462500E-05  4.68462500E-05  4.68462500E-05  4.68462500E-05  4.68462500E-05  4.68462500E-05  4.68462500E-05  4.68462500E-05  4.68462500E-05  4.68462500E-05  4.68462500E-05  4.68462500E-05  4.68462500E-05  4.68462500E-05
  4.68462500E-05  4.68462500E-05  4.68462500E-05  4.68462500E-05  4.68462500E-05  4.68462500E-05  4.68462500E-05  4.68462500E-05  4.68462500E-05  4.68462500E-05  4.68462500E-05  4.68462500E-05  4.68462500E-05  4.68462500E-05  4.68462500E-05  4.68462500E-05  4.68462500E-05  4.68462500E-05  4.68462500E-05  4.68462500E-05
  4.68462500E-05  4.68462500E-05  4.68462500E-05  4.68462500E-05  4.68462500E-05  4.68462500E-05  4.68462500E-05  4.68462500E-05  4.68462500E-05  4.68462500E-05  4.68462500E-05  4.68462500E-05  4.68462500E-05  4.68462500E-05  4.68462500E-05  4.68462500E-05  4.68462500E-05  4.68462500E-05  4.68462500E-05  4.68462500E-05
  4.68462500E-05  4.68462500E-05  4.68462500E-05  4.68462500E-05  4.68462500E-05  4.68462500E-05  4.68462500E-05  4.68462500E-05  4.68462500E-05  4.68462500E-05  4.68462500E-05  4.68462500E-05  4.68462500E-05  4.68462500E-05  4.68462500E-05  4.68462500E-05  4.68462500E-05  4.68462500E-05  4.68462500E-05  4.68462500E-05
  4.68462500E-05  4.68462500E-05  4.68462500E-05  4.68462500E-05  4.68462500E-05  4.68462500E-05  4.68462500E-05  4.68462500E-05  4.68462500E-05  4.68462500E-05  4.68462500E-05  4.68462500E-05  4.68462500E-05  4.68462500E-05  4.68462500E-05  4.68462500E-05  4.68462500E-05  4.68462500E-05  4.68462500E-05  4.68462500E-05
  4.68462500E-05  4.68462500E-05  4.68462500E-05  4.68462500E-05  4.68462500E-05  4.68462500E-05  4.68462500E-05  4.68462500E-05  4.68462500E-05  4.68462500E-05  4.68462500E-05  4.68462500E-05  4.68462500E-05  4.68462500E-05  4.68462500E-05  4.68462500E-05  4.68462500E-05  4.68462500E-05  4.68462500E-05  4.68462500E-05
  4.68462500E-05  4.68462500E-05  4.68462500E-05  4.68462500E-05  4.68462500E-05  4.68462500E-05  4.68462500E-05  4.68462500E-05  4.68462500E-05  4.68462500E-05  4.68462500E-05  4.68462500E-05  4.68462500E-05  4.68462500E-05  4.68462500E-05  4.68462500E-05  4.68462500E-05  4.68462500E-05  4.68462500E-05  4.68462500E-05
  4.68462500E-05  4.68462500E-05  4.68462500E-05  4.68462500E-05  4.68462500E-05  4.68462500E-05  4.68462500E-05  4.68462500E-05  4.68462500E-05  4.68462500E-05  4.68462500E-05  4.68462500E-05  4.68462500E-05  4.68462500E-05  4.68462500E-05  4.68462500E-05  4.68462500E-05  4.68462500E-05  4.68462500E-05  4.68462500E-05
  4.68462500E-05  4.68462500E-05  4.68462500E-05  4.68462500E-05  4.68462500E-05  4.68462500E-05  4.68462500E-05  4.68462500E-05  4.68462500E-05  4.68462500E-05  4.68462500E-05  4.68462500E-05  4.68462500E-05  4.68462500E-05  4.68462500E-05  4.68462500E-05  4.68462500E-05  4.68462500E-05  4.68462500E-05  4.68462500E-05
  4.68462500E-05  4.68462500E-05  4.68462500E-05  4.68462500E-05  4.68462500E-05  4.68462500E-05  4.68462500E-05  4.68462500E-05  4.68462500E-05  4.68462500E-05  4.68462500E-05  4.68462500E-05  4.68462500E-05  4.68462500E-05  4.68462500E-05  4.68462500E-05  4.68462500E-05  4.68462500E-05  4.68462500E-05  4.68462500E-05
  4.68462500E-05  4.68462500E-05  4.68462500E-05  4.68462500E-05  4.68462500E-05  4.68462500E-05  4.68462500E-05  4.68462500E-05  4.68462500E-05  4.68462500E-05  4.68462500E-05  4.68462500E-05  4.68462500E-05  4.68462500E-05  4.68462500E-05  4.68462500E-05  4.68462500E-05  4.68462500E-05  4.68462500E-05  4.68462500E-05
  4.68462500E-05  4.68462500E-05  4.68462500E-05  4.68462500E-05  4.68462500E-05  4.68462500E-05  4.68462500E-05  4.68462500E-05  4.68462500E-05  4.68462500E-05  4.68462500E-05  4.68462500E-05  4.68462500E-05  4.68462500E-05  4.68462500E-05  4.68462500E-05  4.68462500E-05  4.68462500E-05  4.68462500E-05  4.68462500E-05
  4.68462500E-05  4.68462500E-05  4.68462500E-05  4.68462500E-05  4.68462500E-05  4.68462500E-05  4.68462500E-05  4.68462500E-05  4.68462500E-05  4.68462500E-05  4.68462500E-05  4.68462500E-05  4.68462500E-05  4.68462500E-05  4.68462500E-05  4.68462500E-05  4.68462500E-05  4.68462500E-05  4.68462500E-05  4.68462500E-05
  4.68462500E-05  4.68462500E-05  4.68462500E-05  4.68462500E-05  4.68462500E-05  4.68462500E-05  4.68462500E-05  4.68462500E-05  4.68462500E-05  4.68462500E-05  4.68462500E-05  4.68462500E-05  4.68462500E-05  4.68462500E-05  4.68462500E-05  4.68462500E-05  4.68462500E-05  4.68462500E-05  4.68462500E-05  4.68462500E-05
  4.68462500E-05  4.68462500E-05  4.68462500E-05  4.68462500E-05  4.68462500E-05  4.68462500E-05  4.68462500E-05  4.68462500E-05  4.68462500E-05  4.68462500E-05  4.68462500E-05  4.68462500E-05  4.68462500E-05  4.68462500E-05  4.68462500E-05  4.68462500E-05  4.68462500E-05  4.68462500E-05  4.68462500E-05  4.68462500E-05
  4.68462500E-05  4.68462500E-05  4.68462500E-05  4.68462500E-05  4.68462500E-05  4.68462500E-05  4.68462500E-05  4.68462500E-05  4.68462500E-05  4.68462500E-05  4.68462500E-05  4.68462500E-05  4.68462500E-05  4.68462500E-05  4.68462500E-05  4.68462500E-05  4.68462500E-05  4.68462500E-05  4.68462500E-05  4.68462500E-05
