  2.10572200E-05  2.10572200E-05  2.10572200E-05  2.10572200E-05  2.10572200E-05  2.10572200E-05  2.10572200E-05  2.10572200E-05  2.10572200E-05  2.10572200E-05  2.10572200E-05  2.10572200E-05  2.10572200E-05  2.10572200E-05  2.10572200E-05  2.10572200E-05  2.10572200E-05  2.10572200E-05  2.10572200E-05  2.10572200E-05
  2.10572200E-05  2.10572200E-05  2.10572200E-05  2.10572200E-05  2.10572200E-05  2.10572200E-05  2.10572200E-05  2.10572200E-05  2.10572200E-05  2.10572200E-05  2.10572200E-05  2.10572200E-05  2.10572200E-05  2.10572200E-05  2.10572200E-05  2.10572200E-05  2.10572200E-05  2.10572200E-05  2.10572200E-05  2.10572200E-05
  2.10572200E-05  2.10572200E-05  2.10572200E-05  2.10572200E-05  2.10572200E-05  2.10572200E-05  2.10572200E-05  2.10572200E-05  2.10572200E-05  2.10572200E-05  2.10572200E-05  2.10572200E-05  2.10572200E-05  2.10572200E-05  2.10572200E-05  2.10572200E-05  2.10572200E-05  2.10572200E-05  2.10572200E-05  2.10572200E-05
  2.10572200E-05  2.10572200E-05  2.10572200E-05  2.10572200E-05  2.10572200E-05  2.10572200E-05  2.10572200E-05  2.10572200E-05  2.10572200E-05  2.10572200E-05  2.10572200E-05  2.10572200E-05  2.10572200E-05  2.10572200E-05  2.10572200E-05  2.10572200E-05  2.10572200E-05  2.10572200E-05  2.10572200E-05  2.10572200E-05
  2.10572200E-05  2.10572200E-05  2.10572200E-05  2.10572200E-05  2.10572200E-05  2.10572200E-05  2.10572200E-05  2.10572200E-05  2.10572200E-05  2.10572200E-05  2.10572200E-05  2.10572200E-05  2.10572200E-05  2.10572200E-05  2.10572200E-05  2.10572200E-05  2.10572200E-05  2.10572200E-05  2.10572200E-05  2.10572200E-05
  2.10572200E-05  2.10572200E-05  2.10572200E-05  2.10572200E-05  2.10572200E-05  2.10572200E-05  2.10572200E-05  2.10572200E-05  2.10572200E-05  2.10572200E-05  2.10572200E-05  2.10572200E-05  2.10572200E-05  2.10572200E-05  2.10572200E-05  2.10572200E-05  2.10572200E-05  2.10572200E-05  2.10572200E-05  2.10572200E-05
  2.10572200E-05  2.10572200E-05  2.10572200E-05  2.10572200E-05  2.10572200E-05  2.10572200E-05  2.10572200E-05  2.10572200E-05  2.10572200E-05  2.10572200E-05  2.10572200E-05  2.10572200E-05  2.10572200E-05  2.10572200E-05  2.10572200E-05  2.10572200E-05  2.10572200E-05  2.10572200E-05  2.10572200E-05  2.10572200E-05
  2.10572200E-05  2.10572200E-05  2.10572200E-05  2.10572200E-05  2.10572200E-05  2.10572200E-05  2.10572200E-05  2.10572200E-05  2.10572200E-05  2.10572200E-05  2.10572200E-05  2.10572200E-05  2.10572200E-05  2.10572200E-05  2.10572200E-05  2.10572200E-05  2.10572200E-05  2.10572200E-05  2.10572200E-05  2.10572200E-05
  2.10572200E-05  2.10572200E-05  2.10572200E-05  2.10572200E-05  2.10572200E-05  2.10572200E-05  2.10572200E-05  2.10572200E-05  2.10572200E-05  2.10572200E-05  2.10572200E-05  2.10572200E-05  2.10572200E-05  2.10572200E-05  2.10572200E-05  2.10572200E-05  2.10572200E-05  2.10572200E-05  2.10572200E-05  2.10572200E-05
  2.10572200E-05  2.10572200E-05  2.10572200E-05  2.10572200E-05  2.10572200E-05  2.10572200E-05  2.10572200E-05  2.10572200E-05  2.10572200E-05  2.10572200E-05  2.10572200E-05  2.10572200E-05  2.10572200E-05  2.10572200E-05  2.10572200E-05  2.10572200E-05  2.10572200E-05  2.10572200E-05  2.10572200E-05  2.10572200E-05
  2.10572200E-05  2.10572200E-05  2.10572200E-05  2.10572200E-05  2.10572200E-05  2.10572200E-05  2.10572200E-05  2.10572200E-05  2.10572200E-05  2.10572200E-05  2.10572200E-05  2.10572200E-05  2.10572200E-05  2.10572200E-05  2.10572200E-05  2.10572200E-05  2.10572200E-05  2.10572200E-05  2.10572200E-05  2.10572200E-05
  2.10572200E-05  2.10572200E-05  2.10572200E-05  2.10572200E-05  2.10572200E-05  2.10572200E-05  2.10572200E-05  2.10572200E-05  2.10572200E-05  2.10572200E-05  2.10572200E-05  2.10572200E-05  2.10572200E-05  2.10572200E-05  2.10572200E-05  2.10572200E-05  2.10572200E-05  2.10572200E-05  2.10572200E-05  2.10572200E-05
  2.10572200E-05  2.10572200E-05  2.10572200E-05  2.10572200E-05  2.10572200E-05  2.10572200E-05  2.10572200E-05  2.10572200E-05  2.10572200E-05  2.10572200E-05  2.10572200E-05  2.10572200E-05  2.10572200E-05  2.10572200E-05  2.10572200E-05  2.10572200E-05  2.10572200E-05  2.10572200E-05  2.10572200E-05  2.10572200E-05
  2.10572200E-05  2.10572200E-05  2.10572200E-05  2.10572200E-05  2.10572200E-05  2.10572200E-05  2.10572200E-05  2.10572200E-05  2.10572200E-05  2.10572200E-05  2.10572200E-05  2.10572200E-05  2.10572200E-05  2.10572200E-05  2.10572200E-05  2.10572200E-05  2.10572200E-05  2.10572200E-05  2.10572200E-05  2.10572200E-05
  2.10572200E-05  2.10572200E-05  2.10572200E-05  2.10572200E-05  2.10572200E-05  2.10572200E-05  2.10572200E-05  2.10572200E-05  2.10572200E-05  2.10572200E-05  2.10572200E-05  2.10572200E-05  2.10572200E-05  2.10572200E-05  2.10572200E-05  2.10572200E-05  2.10572200E-05  2.10572200E-05  2.10572200E-05  2.10572200E-05
  2.10572200E-05  2.10572200E-05  2.10572200E-05  2.10572200E-05  2.10572200E-05  2.10572200E-05  2.10572200E-05  2.10572200E-05  2.10572200E-05  2.10572200E-05  2.10572200E-05  2.10572200E-05  2.10572200E-05  2.10572200E-05  2.10572200E-05  2.10572200E-05  2.10572200E-05  2.10572200E-05  2.10572200E-05  2.10572200E-05
  2.10572200E-05  2.10572200E-05  2.10572200E-05  2.10572200E-05  2.10572200E-05  2.10572200E-05  2.10572200E-05  2.10572200E-05  2.10572200E-05  2.10572200E-05  2.10572200E-05  2.10572200E-05  2.10572200E-05  2.10572200E-05  2.10572200E-05  2.10572200E-05  2.10572200E-05  2.10572200E-05  2.10572200E-05  2.10572200E-05
  2.10572200E-05  2.10572200E-05  2.10572200E-05  2.10572200E-05  2.10572200E-05  2.10572200E-05  2.10572200E-05  2.10572200E-05  2.10572200E-05  2.10572200E-05  2.10572200E-05  2.10572200E-05  2.10572200E-05  2.10572200E-05  2.10572200E-05  2.10572200E-05  2.10572200E-05  2.10572200E-05  2.10572200E-05  2.10572200E-05
  2.10572200E-05  2.10572200E-05  2.10572200E-05  2.10572200E-05  2.10572200E-05  2.10572200E-05  2.10572200E-05  2.10572200E-05  2.10572200E-05  2.10572200E-05  2.10572200E-05  2.10572200E-05  2.10572200E-05  2.10572200E-05  2.10572200E-05  2.10572200E-05  2.10572200E-05  2.10572200E-05  2.10572200E-05  2.10572200E-05
  2.10572200E-05  2.10572200E-05  2.10572200E-05  2.10572200E-05  2.10572200E-05  2.10572200E-05  2.10572200E-05  2.10572200E-05  2.10572200E-05  2.10572200E-05  2.10572200E-05  2.10572200E-05  2.10572200E-05  2.10572200E-05  2.10572200E-05  2.10572200E-05  2.10572200E-05  2.10572200E-05  2.10572200E-05  2.10572200E-05
  2.10572200E-05  2.10572200E-05  2.10572200E-05  2.10572200E-05  2.10572200E-05  2.10572200E-05  2.10572200E-05  2.10572200E-05  2.10572200E-05  2.10572200E-05  2.10572200E-05  2.10572200E-05  2.10572200E-05  2.10572200E-05  2.10572200E-05  2.10572200E-05  2.10572200E-05  2.10572200E-05  2.10572200E-05  2.10572200E-05
  2.10572200E-05  2.10572200E-05  2.10572200E-05  2.10572200E-05  2.10572200E-05  2.10572200E-05  2.10572200E-05  2.10572200E-05  2.10572200E-05  2.10572200E-05  2.10572200E-05  2.10572200E-05  2.10572200E-05  2.10572200E-05  2.10572200E-05  2.10572200E-05  2.10572200E-05  2.10572200E-05  2.10572200E-05  2.10572200E-05
  2.10572200E-05  2.10572200E-05  2.10572200E-05  2.10572200E-05  2.10572200E-05  2.10572200E-05  2.10572200E-05  2.10572200E-05  2.10572200E-05  2.10572200E-05  2.10572200E-05  2.10572200E-05  2.10572200E-05  2.10572200E-05  2.10572200E-05  2.10572200E-05  2.10572200E-05  2.10572200E-05  2.10572200E-05  2.10572200E-05
  2.10572200E-05  2.10572200E-05  2.10572200E-05  2.10572200E-05  2.10572200E-05  2.10572200E-05  2.10572200E-05  2.10572200E-05  2.10572200E-05  2.10572200E-05  2.10572200E-05  2.10572200E-05  2.10572200E-05  2.10572200E-05  2.10572200E-05  2.10572200E-05  2.10572200E-05  2.10572200E-05  2.10572200E-05  2.10572200E-05
  2.10572200E-05  2.10572200E-05  2.10572200E-05  2.10572200E-05  2.10572200E-05  2.10572200E-05  2.10572200E-05  2.10572200E-05  2.10572200E-05  2.10572200E-05  2.10572200E-05  2.10572200E-05  2.10572200E-05  2.10572200E-05  2.10572200E-05  2.10572200E-05  2.10572200E-05  2.10572200E-05  2.10572200E-05  2.10572200E-05
  2.10572200E-05  2.10572200E-05  2.10572200E-05  2.10572200E-05  2.10572200E-05  2.10572200E-05  2.10572200E-05  2.10572200E-05  2.10572200E-05  2.10572200E-05  2.10572200E-05  2.10572200E-05  2.10572200E-05  2.10572200E-05  2.10572200E-05  2.10572200E-05  2.10572200E-05  2.10572200E-05  2.10572200E-05  2.10572200E-05
  2.10572200E-05  2.10572200E-05  2.10572200E-05  2.10572200E-05  2.10572200E-05  2.10572200E-05  2.10572200E-05  2.10572200E-05  2.10572200E-05  2.10572200E-05  2.10572200E-05  2.10572200E-05  2.10572200E-05  2.10572200E-05  2.10572200E-05  2.10572200E-05  2.10572200E-05  2.10572200E-05  2.10572200E-05  2.10572200E-05
  2.10572200E-05  2.10572200E-05  2.10572200E-05  2.10572200E-05  2.10572200E-05  2.10572200E-05  2.10572200E-05  2.10572200E-05  2.10572200E-05  2.10572200E-05  2.10572200E-05  2.10572200E-05  2.10572200E-05  2.10572200E-05  2.10572200E-05  2.10572200E-05  2.10572200E-05  2.10572200E-05  2.10572200E-05  2.10572200E-05
  2.10572200E-05  2.10572200E-05  2.10572200E-05  2.10572200E-05  2.10572200E-05  2.10572200E-05  2.10572200E-05  2.10572200E-05  2.10572200E-05  2.10572200E-05  2.10572200E-05  2.10572200E-05  2.10572200E-05  2.10572200E-05  2.10572200E-05  2.10572200E-05  2.10572200E-05  2.10572200E-05  2.10572200E-05  2.10572200E-05
  2.10572200E-05  2.10572200E-05  2.10572200E-05  2.10572200E-05  2.10572200E-05  2.10572200E-05  2.10572200E-05  2.10572200E-05  2.10572200E-05  2.10572200E-05  2.10572200E-05  2.10572200E-05  2.10572200E-05  2.10572200E-05  2.10572200E-05  2.10572200E-05  2.10572200E-05  2.10572200E-05  2.10572200E-05  2.10572200E-05
  2.10572200E-05  2.10572200E-05  2.10572200E-05  2.10572200E-05  2.10572200E-05  2.10572200E-05  2.10572200E-05  2.10572200E-05  2.10572200E-05  2.10572200E-05  2.10572200E-05  2.10572200E-05  2.10572200E-05  2.10572200E-05  2.10572200E-05  2.10572200E-05  2.10572200E-05  2.10572200E-05  2.10572200E-05  2.10572200E-05
  2.10572200E-05  2.10572200E-05  2.10572200E-05  2.10572200E-05  2.10572200E-05  2.10572200E-05  2.10572200E-05  2.10572200E-05  2.10572200E-05  2.10572200E-05  2.10572200E-05  2.10572200E-05  2.10572200E-05  2.10572200E-05  2.10572200E-05  2.10572200E-05  2.10572200E-05  2.10572200E-05  2.10572200E-05  2.10572200E-05
  2.10572200E-05  2.10572200E-05  2.10572200E-05  2.10572200E-05  2.10572200E-05  2.10572200E-05  2.10572200E-05  2.10572200E-05  2.10572200E-05  2.10572200E-05  2.10572200E-05  2.10572200E-05  2.10572200E-05  2.10572200E-05  2.10572200E-05  2.10572200E-05  2.10572200E-05  2.10572200E-05  2.10572200E-05  2.10572200E-05
  2.10572200E-05  2.10572200E-05  2.10572200E-05  2.10572200E-05  2.10572200E-05  2.10572200E-05  2.10572200E-05  2.10572200E-05  2.10572200E-05  2.10572200E-05  2.10572200E-05  2.10572200E-05  2.10572200E-05  2.10572200E-05  2.10572200E-05  2.10572200E-05  2.10572200E-05  2.10572200E-05  2.10572200E-05  2.10572200E-05
  2.10572200E-05  2.10572200E-05  2.10572200E-05  2.10572200E-05  2.10572200E-05  2.10572200E-05  2.10572200E-05  2.10572200E-05  2.10572200E-05  2.10572200E-05  2.10572200E-05  2.10572200E-05  2.10572200E-05  2.10572200E-05  2.10572200E-05  2.10572200E-05  2.10572200E-05  2.10572200E-05  2.10572200E-05  2.10572200E-05
  2.10572200E-05  2.10572200E-05  2.10572200E-05  2.10572200E-05  2.10572200E-05  2.10572200E-05  2.10572200E-05  2.10572200E-05  2.10572200E-05  2.10572200E-05  2.10572200E-05  2.10572200E-05  2.10572200E-05  2.10572200E-05  2.10572200E-05  2.10572200E-05  2.10572200E-05  2.10572200E-05  2.10572200E-05  2.10572200E-05
  2.10572200E-05  2.10572200E-05  2.10572200E-05  2.10572200E-05  2.10572200E-05  2.10572200E-05  2.10572200E-05  2.10572200E-05  2.10572200E-05  2.10572200E-05  2.10572200E-05  2.10572200E-05  2.10572200E-05  2.10572200E-05  2.10572200E-05  2.10572200E-05  2.10572200E-05  2.10572200E-05  2.10572200E-05  2.10572200E-05
  2.10572200E-05  2.10572200E-05  2.10572200E-05  2.10572200E-05  2.10572200E-05  2.10572200E-05  2.10572200E-05  2.10572200E-05  2.10572200E-05  2.10572200E-05  2.10572200E-05  2.10572200E-05  2.10572200E-05  2.10572200E-05  2.10572200E-05  2.10572200E-05  2.10572200E-05  2.10572200E-05  2.10572200E-05  2.10572200E-05
  2.10572200E-05  2.10572200E-05  2.10572200E-05  2.10572200E-05  2.10572200E-05  2.10572200E-05  2.10572200E-05  2.10572200E-05  2.10572200E-05  2.10572200E-05  2.10572200E-05  2.10572200E-05  2.10572200E-05  2.10572200E-05  2.10572200E-05  2.10572200E-05  2.10572200E-05  2.10572200E-05  2.10572200E-05  2.10572200E-05
  2.10572200E-05  2.10572200E-05  2.10572200E-05  2.10572200E-05  2.10572200E-05  2.10572200E-05  2.10572200E-05  2.10572200E-05  2.10572200E-05  2.10572200E-05  2.10572200E-05  2.10572200E-05  2.10572200E-05  2.10572200E-05  2.10572200E-05  2.10572200E-05  2.10572200E-05  2.10572200E-05  2.10572200E-05  2.10572200E-05
