  8.54919300E-05  8.54919300E-05  8.54919300E-05  8.54919300E-05  8.54919300E-05  8.54919300E-05  8.54919300E-05  8.54919300E-05  8.54919300E-05  8.54919300E-05  8.54919300E-05  8.54919300E-05  8.54919300E-05  8.54919300E-05  8.54919300E-05  8.54919300E-05  8.54919300E-05  8.54919300E-05  8.54919300E-05  8.54919300E-05
  8.54919300E-05  8.54919300E-05  8.54919300E-05  8.54919300E-05  8.54919300E-05  8.54919300E-05  8.54919300E-05  8.54919300E-05  8.54919300E-05  8.54919300E-05  8.54919300E-05  8.54919300E-05  8.54919300E-05  8.54919300E-05  8.54919300E-05  8.54919300E-05  8.54919300E-05  8.54919300E-05  8.54919300E-05  8.54919300E-05
  8.54919300E-05  8.54919300E-05  8.54919300E-05  8.54919300E-05  8.54919300E-05  8.54919300E-05  8.54919300E-05  8.54919300E-05  8.54919300E-05  8.54919300E-05  8.54919300E-05  8.54919300E-05  8.54919300E-05  8.54919300E-05  8.54919300E-05  8.54919300E-05  8.54919300E-05  8.54919300E-05  8.54919300E-05  8.54919300E-05
  8.54919300E-05  8.54919300E-05  8.54919300E-05  8.54919300E-05  8.54919300E-05  8.54919300E-05  8.54919300E-05  8.54919300E-05  8.54919300E-05  8.54919300E-05  8.54919300E-05  8.54919300E-05  8.54919300E-05  8.54919300E-05  8.54919300E-05  8.54919300E-05  8.54919300E-05  8.54919300E-05  8.54919300E-05  8.54919300E-05
  8.54919300E-05  8.54919300E-05  8.54919300E-05  8.54919300E-05  8.54919300E-05  8.54919300E-05  8.54919300E-05  8.54919300E-05  8.54919300E-05  8.54919300E-05  8.54919300E-05  8.54919300E-05  8.54919300E-05  8.54919300E-05  8.54919300E-05  8.54919300E-05  8.54919300E-05  8.54919300E-05  8.54919300E-05  8.54919300E-05
  8.54919300E-05  8.54919300E-05  8.54919300E-05  8.54919300E-05  8.54919300E-05  8.54919300E-05  8.54919300E-05  8.54919300E-05  8.54919300E-05  8.54919300E-05  8.54919300E-05  8.54919300E-05  8.54919300E-05  8.54919300E-05  8.54919300E-05  8.54919300E-05  8.54919300E-05  8.54919300E-05  8.54919300E-05  8.54919300E-05
  8.54919300E-05  8.54919300E-05  8.54919300E-05  8.54919300E-05  8.54919300E-05  8.54919300E-05  8.54919300E-05  8.54919300E-05  8.54919300E-05  8.54919300E-05  8.54919300E-05  8.54919300E-05  8.54919300E-05  8.54919300E-05  8.54919300E-05  8.54919300E-05  8.54919300E-05  8.54919300E-05  8.54919300E-05  8.54919300E-05
  8.54919300E-05  8.54919300E-05  8.54919300E-05  8.54919300E-05  8.54919300E-05  8.54919300E-05  8.54919300E-05  8.54919300E-05  8.54919300E-05  8.54919300E-05  8.54919300E-05  8.54919300E-05  8.54919300E-05  8.54919300E-05  8.54919300E-05  8.54919300E-05  8.54919300E-05  8.54919300E-05  8.54919300E-05  8.54919300E-05
  8.54919300E-05  8.54919300E-05  8.54919300E-05  8.54919300E-05  8.54919300E-05  8.54919300E-05  8.54919300E-05  8.54919300E-05  8.54919300E-05  8.54919300E-05  8.54919300E-05  8.54919300E-05  8.54919300E-05  8.54919300E-05  8.54919300E-05  8.54919300E-05  8.54919300E-05  8.54919300E-05  8.54919300E-05  8.54919300E-05
  8.54919300E-05  8.54919300E-05  8.54919300E-05  8.54919300E-05  8.54919300E-05  8.54919300E-05  8.54919300E-05  8.54919300E-05  8.54919300E-05  8.54919300E-05  8.54919300E-05  8.54919300E-05  8.54919300E-05  8.54919300E-05  8.54919300E-05  8.54919300E-05  8.54919300E-05  8.54919300E-05  8.54919300E-05  8.54919300E-05
  8.54919300E-05  8.54919300E-05  8.54919300E-05  8.54919300E-05  8.54919300E-05  8.54919300E-05  8.54919300E-05  8.54919300E-05  8.54919300E-05  8.54919300E-05  8.54919300E-05  8.54919300E-05  8.54919300E-05  8.54919300E-05  8.54919300E-05  8.54919300E-05  8.54919300E-05  8.54919300E-05  8.54919300E-05  8.54919300E-05
  8.54919300E-05  8.54919300E-05  8.54919300E-05  8.54919300E-05  8.54919300E-05  8.54919300E-05  8.54919300E-05  8.54919300E-05  8.54919300E-05  8.54919300E-05  8.54919300E-05  8.54919300E-05  8.54919300E-05  8.54919300E-05  8.54919300E-05  8.54919300E-05  8.54919300E-05  8.54919300E-05  8.54919300E-05  8.54919300E-05
  8.54919300E-05  8.54919300E-05  8.54919300E-05  8.54919300E-05  8.54919300E-05  8.54919300E-05  8.54919300E-05  8.54919300E-05  8.54919300E-05  8.54919300E-05  8.54919300E-05  8.54919300E-05  8.54919300E-05  8.54919300E-05  8.54919300E-05  8.54919300E-05  8.54919300E-05  8.54919300E-05  8.54919300E-05  8.54919300E-05
  8.54919300E-05  8.54919300E-05  8.54919300E-05  8.54919300E-05  8.54919300E-05  8.54919300E-05  8.54919300E-05  8.54919300E-05  8.54919300E-05  8.54919300E-05  8.54919300E-05  8.54919300E-05  8.54919300E-05  8.54919300E-05  8.54919300E-05  8.54919300E-05  8.54919300E-05  8.54919300E-05  8.54919300E-05  8.54919300E-05
  8.54919300E-05  8.54919300E-05  8.54919300E-05  8.54919300E-05  8.54919300E-05  8.54919300E-05  8.54919300E-05  8.54919300E-05  8.54919300E-05  8.54919300E-05  8.54919300E-05  8.54919300E-05  8.54919300E-05  8.54919300E-05  8.54919300E-05  8.54919300E-05  8.54919300E-05  8.54919300E-05  8.54919300E-05  8.54919300E-05
  8.54919300E-05  8.54919300E-05  8.54919300E-05  8.54919300E-05  8.54919300E-05  8.54919300E-05  8.54919300E-05  8.54919300E-05  8.54919300E-05  8.54919300E-05  8.54919300E-05  8.54919300E-05  8.54919300E-05  8.54919300E-05  8.54919300E-05  8.54919300E-05  8.54919300E-05  8.54919300E-05  8.54919300E-05  8.54919300E-05
  8.54919300E-05  8.54919300E-05  8.54919300E-05  8.54919300E-05  8.54919300E-05  8.54919300E-05  8.54919300E-05  8.54919300E-05  8.54919300E-05  8.54919300E-05  8.54919300E-05  8.54919300E-05  8.54919300E-05  8.54919300E-05  8.54919300E-05  8.54919300E-05  8.54919300E-05  8.54919300E-05  8.54919300E-05  8.54919300E-05
  8.54919300E-05  8.54919300E-05  8.54919300E-05  8.54919300E-05  8.54919300E-05  8.54919300E-05  8.54919300E-05  8.54919300E-05  8.54919300E-05  8.54919300E-05  8.54919300E-05  8.54919300E-05  8.54919300E-05  8.54919300E-05  8.54919300E-05  8.54919300E-05  8.54919300E-05  8.54919300E-05  8.54919300E-05  8.54919300E-05
  8.54919300E-05  8.54919300E-05  8.54919300E-05  8.54919300E-05  8.54919300E-05  8.54919300E-05  8.54919300E-05  8.54919300E-05  8.54919300E-05  8.54919300E-05  8.54919300E-05  8.54919300E-05  8.54919300E-05  8.54919300E-05  8.54919300E-05  8.54919300E-05  8.54919300E-05  8.54919300E-05  8.54919300E-05  8.54919300E-05
  8.54919300E-05  8.54919300E-05  8.54919300E-05  8.54919300E-05  8.54919300E-05  8.54919300E-05  8.54919300E-05  8.54919300E-05  8.54919300E-05  8.54919300E-05  8.54919300E-05  8.54919300E-05  8.54919300E-05  8.54919300E-05  8.54919300E-05  8.54919300E-05  8.54919300E-05  8.54919300E-05  8.54919300E-05  8.54919300E-05
  8.54919300E-05  8.54919300E-05  8.54919300E-05  8.54919300E-05  8.54919300E-05  8.54919300E-05  8.54919300E-05  8.54919300E-05  8.54919300E-05  8.54919300E-05  8.54919300E-05  8.54919300E-05  8.54919300E-05  8.54919300E-05  8.54919300E-05  8.54919300E-05  8.54919300E-05  8.54919300E-05  8.54919300E-05  8.54919300E-05
  8.54919300E-05  8.54919300E-05  8.54919300E-05  8.54919300E-05  8.54919300E-05  8.54919300E-05  8.54919300E-05  8.54919300E-05  8.54919300E-05  8.54919300E-05  8.54919300E-05  8.54919300E-05  8.54919300E-05  8.54919300E-05  8.54919300E-05  8.54919300E-05  8.54919300E-05  8.54919300E-05  8.54919300E-05  8.54919300E-05
  8.54919300E-05  8.54919300E-05  8.54919300E-05  8.54919300E-05  8.54919300E-05  8.54919300E-05  8.54919300E-05  8.54919300E-05  8.54919300E-05  8.54919300E-05  8.54919300E-05  8.54919300E-05  8.54919300E-05  8.54919300E-05  8.54919300E-05  8.54919300E-05  8.54919300E-05  8.54919300E-05  8.54919300E-05  8.54919300E-05
  8.54919300E-05  8.54919300E-05  8.54919300E-05  8.54919300E-05  8.54919300E-05  8.54919300E-05  8.54919300E-05  8.54919300E-05  8.54919300E-05  8.54919300E-05  8.54919300E-05  8.54919300E-05  8.54919300E-05  8.54919300E-05  8.54919300E-05  8.54919300E-05  8.54919300E-05  8.54919300E-05  8.54919300E-05  8.54919300E-05
  8.54919300E-05  8.54919300E-05  8.54919300E-05  8.54919300E-05  8.54919300E-05  8.54919300E-05  8.54919300E-05  8.54919300E-05  8.54919300E-05  8.54919300E-05  8.54919300E-05  8.54919300E-05  8.54919300E-05  8.54919300E-05  8.54919300E-05  8.54919300E-05  8.54919300E-05  8.54919300E-05  8.54919300E-05  8.54919300E-05
  8.54919300E-05  8.54919300E-05  8.54919300E-05  8.54919300E-05  8.54919300E-05  8.54919300E-05  8.54919300E-05  8.54919300E-05  8.54919300E-05  8.54919300E-05  8.54919300E-05  8.54919300E-05  8.54919300E-05  8.54919300E-05  8.54919300E-05  8.54919300E-05  8.54919300E-05  8.54919300E-05  8.54919300E-05  8.54919300E-05
  8.54919300E-05  8.54919300E-05  8.54919300E-05  8.54919300E-05  8.54919300E-05  8.54919300E-05  8.54919300E-05  8.54919300E-05  8.54919300E-05  8.54919300E-05  8.54919300E-05  8.54919300E-05  8.54919300E-05  8.54919300E-05  8.54919300E-05  8.54919300E-05  8.54919300E-05  8.54919300E-05  8.54919300E-05  8.54919300E-05
  8.54919300E-05  8.54919300E-05  8.54919300E-05  8.54919300E-05  8.54919300E-05  8.54919300E-05  8.54919300E-05  8.54919300E-05  8.54919300E-05  8.54919300E-05  8.54919300E-05  8.54919300E-05  8.54919300E-05  8.54919300E-05  8.54919300E-05  8.54919300E-05  8.54919300E-05  8.54919300E-05  8.54919300E-05  8.54919300E-05
  8.54919300E-05  8.54919300E-05  8.54919300E-05  8.54919300E-05  8.54919300E-05  8.54919300E-05  8.54919300E-05  8.54919300E-05  8.54919300E-05  8.54919300E-05  8.54919300E-05  8.54919300E-05  8.54919300E-05  8.54919300E-05  8.54919300E-05  8.54919300E-05  8.54919300E-05  8.54919300E-05  8.54919300E-05  8.54919300E-05
  8.54919300E-05  8.54919300E-05  8.54919300E-05  8.54919300E-05  8.54919300E-05  8.54919300E-05  8.54919300E-05  8.54919300E-05  8.54919300E-05  8.54919300E-05  8.54919300E-05  8.54919300E-05  8.54919300E-05  8.54919300E-05  8.54919300E-05  8.54919300E-05  8.54919300E-05  8.54919300E-05  8.54919300E-05  8.54919300E-05
  8.54919300E-05  8.54919300E-05  8.54919300E-05  8.54919300E-05  8.54919300E-05  8.54919300E-05  8.54919300E-05  8.54919300E-05  8.54919300E-05  8.54919300E-05  8.54919300E-05  8.54919300E-05  8.54919300E-05  8.54919300E-05  8.54919300E-05  8.54919300E-05  8.54919300E-05  8.54919300E-05  8.54919300E-05  8.54919300E-05
  8.54919300E-05  8.54919300E-05  8.54919300E-05  8.54919300E-05  8.54919300E-05  8.54919300E-05  8.54919300E-05  8.54919300E-05  8.54919300E-05  8.54919300E-05  8.54919300E-05  8.54919300E-05  8.54919300E-05  8.54919300E-05  8.54919300E-05  8.54919300E-05  8.54919300E-05  8.54919300E-05  8.54919300E-05  8.54919300E-05
  8.54919300E-05  8.54919300E-05  8.54919300E-05  8.54919300E-05  8.54919300E-05  8.54919300E-05  8.54919300E-05  8.54919300E-05  8.54919300E-05  8.54919300E-05  8.54919300E-05  8.54919300E-05  8.54919300E-05  8.54919300E-05  8.54919300E-05  8.54919300E-05  8.54919300E-05  8.54919300E-05  8.54919300E-05  8.54919300E-05
  8.54919300E-05  8.54919300E-05  8.54919300E-05  8.54919300E-05  8.54919300E-05  8.54919300E-05  8.54919300E-05  8.54919300E-05  8.54919300E-05  8.54919300E-05  8.54919300E-05  8.54919300E-05  8.54919300E-05  8.54919300E-05  8.54919300E-05  8.54919300E-05  8.54919300E-05  8.54919300E-05  8.54919300E-05  8.54919300E-05
  8.54919300E-05  8.54919300E-05  8.54919300E-05  8.54919300E-05  8.54919300E-05  8.54919300E-05  8.54919300E-05  8.54919300E-05  8.54919300E-05  8.54919300E-05  8.54919300E-05  8.54919300E-05  8.54919300E-05  8.54919300E-05  8.54919300E-05  8.54919300E-05  8.54919300E-05  8.54919300E-05  8.54919300E-05  8.54919300E-05
  8.54919300E-05  8.54919300E-05  8.54919300E-05  8.54919300E-05  8.54919300E-05  8.54919300E-05  8.54919300E-05  8.54919300E-05  8.54919300E-05  8.54919300E-05  8.54919300E-05  8.54919300E-05  8.54919300E-05  8.54919300E-05  8.54919300E-05  8.54919300E-05  8.54919300E-05  8.54919300E-05  8.54919300E-05  8.54919300E-05
  8.54919300E-05  8.54919300E-05  8.54919300E-05  8.54919300E-05  8.54919300E-05  8.54919300E-05  8.54919300E-05  8.54919300E-05  8.54919300E-05  8.54919300E-05  8.54919300E-05  8.54919300E-05  8.54919300E-05  8.54919300E-05  8.54919300E-05  8.54919300E-05  8.54919300E-05  8.54919300E-05  8.54919300E-05  8.54919300E-05
  8.54919300E-05  8.54919300E-05  8.54919300E-05  8.54919300E-05  8.54919300E-05  8.54919300E-05  8.54919300E-05  8.54919300E-05  8.54919300E-05  8.54919300E-05  8.54919300E-05  8.54919300E-05  8.54919300E-05  8.54919300E-05  8.54919300E-05  8.54919300E-05  8.54919300E-05  8.54919300E-05  8.54919300E-05  8.54919300E-05
  8.54919300E-05  8.54919300E-05  8.54919300E-05  8.54919300E-05  8.54919300E-05  8.54919300E-05  8.54919300E-05  8.54919300E-05  8.54919300E-05  8.54919300E-05  8.54919300E-05  8.54919300E-05  8.54919300E-05  8.54919300E-05  8.54919300E-05  8.54919300E-05  8.54919300E-05  8.54919300E-05  8.54919300E-05  8.54919300E-05
  8.54919300E-05  8.54919300E-05  8.54919300E-05  8.54919300E-05  8.54919300E-05  8.54919300E-05  8.54919300E-05  8.54919300E-05  8.54919300E-05  8.54919300E-05  8.54919300E-05  8.54919300E-05  8.54919300E-05  8.54919300E-05  8.54919300E-05  8.54919300E-05  8.54919300E-05  8.54919300E-05  8.54919300E-05  8.54919300E-05
