  8.41282700E-05  8.41282700E-05  8.41282700E-05  8.41282700E-05  8.41282700E-05  8.41282700E-05  8.41282700E-05  8.41282700E-05  8.41282700E-05  8.41282700E-05  8.41282700E-05  8.41282700E-05  8.41282700E-05  8.41282700E-05  8.41282700E-05  8.41282700E-05  8.41282700E-05  8.41282700E-05  8.41282700E-05  8.41282700E-05
  8.41282700E-05  8.41282700E-05  8.41282700E-05  8.41282700E-05  8.41282700E-05  8.41282700E-05  8.41282700E-05  8.41282700E-05  8.41282700E-05  8.41282700E-05  8.41282700E-05  8.41282700E-05  8.41282700E-05  8.41282700E-05  8.41282700E-05  8.41282700E-05  8.41282700E-05  8.41282700E-05  8.41282700E-05  8.41282700E-05
  8.41282700E-05  8.41282700E-05  8.41282700E-05  8.41282700E-05  8.41282700E-05  8.41282700E-05  8.41282700E-05  8.41282700E-05  8.41282700E-05  8.41282700E-05  8.41282700E-05  8.41282700E-05  8.41282700E-05  8.41282700E-05  8.41282700E-05  8.41282700E-05  8.41282700E-05  8.41282700E-05  8.41282700E-05  8.41282700E-05
  8.41282700E-05  8.41282700E-05  8.41282700E-05  8.41282700E-05  8.41282700E-05  8.41282700E-05  8.41282700E-05  8.41282700E-05  8.41282700E-05  8.41282700E-05  8.41282700E-05  8.41282700E-05  8.41282700E-05  8.41282700E-05  8.41282700E-05  8.41282700E-05  8.41282700E-05  8.41282700E-05  8.41282700E-05  8.41282700E-05
  8.41282700E-05  8.41282700E-05  8.41282700E-05  8.41282700E-05  8.41282700E-05  8.41282700E-05  8.41282700E-05  8.41282700E-05  8.41282700E-05  8.41282700E-05  8.41282700E-05  8.41282700E-05  8.41282700E-05  8.41282700E-05  8.41282700E-05  8.41282700E-05  8.41282700E-05  8.41282700E-05  8.41282700E-05  8.41282700E-05
  8.41282700E-05  8.41282700E-05  8.41282700E-05  8.41282700E-05  8.41282700E-05  8.41282700E-05  8.41282700E-05  8.41282700E-05  8.41282700E-05  8.41282700E-05  8.41282700E-05  8.41282700E-05  8.41282700E-05  8.41282700E-05  8.41282700E-05  8.41282700E-05  8.41282700E-05  8.41282700E-05  8.41282700E-05  8.41282700E-05
  8.41282700E-05  8.41282700E-05  8.41282700E-05  8.41282700E-05  8.41282700E-05  8.41282700E-05  8.41282700E-05  8.41282700E-05  8.41282700E-05  8.41282700E-05  8.41282700E-05  8.41282700E-05  8.41282700E-05  8.41282700E-05  8.41282700E-05  8.41282700E-05  8.41282700E-05  8.41282700E-05  8.41282700E-05  8.41282700E-05
  8.41282700E-05  8.41282700E-05  8.41282700E-05  8.41282700E-05  8.41282700E-05  8.41282700E-05  8.41282700E-05  8.41282700E-05  8.41282700E-05  8.41282700E-05  8.41282700E-05  8.41282700E-05  8.41282700E-05  8.41282700E-05  8.41282700E-05  8.41282700E-05  8.41282700E-05  8.41282700E-05  8.41282700E-05  8.41282700E-05
  8.41282700E-05  8.41282700E-05  8.41282700E-05  8.41282700E-05  8.41282700E-05  8.41282700E-05  8.41282700E-05  8.41282700E-05  8.41282700E-05  8.41282700E-05  8.41282700E-05  8.41282700E-05  8.41282700E-05  8.41282700E-05  8.41282700E-05  8.41282700E-05  8.41282700E-05  8.41282700E-05  8.41282700E-05  8.41282700E-05
  8.41282700E-05  8.41282700E-05  8.41282700E-05  8.41282700E-05  8.41282700E-05  8.41282700E-05  8.41282700E-05  8.41282700E-05  8.41282700E-05  8.41282700E-05  8.41282700E-05  8.41282700E-05  8.41282700E-05  8.41282700E-05  8.41282700E-05  8.41282700E-05  8.41282700E-05  8.41282700E-05  8.41282700E-05  8.41282700E-05
  8.41282700E-05  8.41282700E-05  8.41282700E-05  8.41282700E-05  8.41282700E-05  8.41282700E-05  8.41282700E-05  8.41282700E-05  8.41282700E-05  8.41282700E-05  8.41282700E-05  8.41282700E-05  8.41282700E-05  8.41282700E-05  8.41282700E-05  8.41282700E-05  8.41282700E-05  8.41282700E-05  8.41282700E-05  8.41282700E-05
  8.41282700E-05  8.41282700E-05  8.41282700E-05  8.41282700E-05  8.41282700E-05  8.41282700E-05  8.41282700E-05  8.41282700E-05  8.41282700E-05  8.41282700E-05  8.41282700E-05  8.41282700E-05  8.41282700E-05  8.41282700E-05  8.41282700E-05  8.41282700E-05  8.41282700E-05  8.41282700E-05  8.41282700E-05  8.41282700E-05
  8.41282700E-05  8.41282700E-05  8.41282700E-05  8.41282700E-05  8.41282700E-05  8.41282700E-05  8.41282700E-05  8.41282700E-05  8.41282700E-05  8.41282700E-05  8.41282700E-05  8.41282700E-05  8.41282700E-05  8.41282700E-05  8.41282700E-05  8.41282700E-05  8.41282700E-05  8.41282700E-05  8.41282700E-05  8.41282700E-05
  8.41282700E-05  8.41282700E-05  8.41282700E-05  8.41282700E-05  8.41282700E-05  8.41282700E-05  8.41282700E-05  8.41282700E-05  8.41282700E-05  8.41282700E-05  8.41282700E-05  8.41282700E-05  8.41282700E-05  8.41282700E-05  8.41282700E-05  8.41282700E-05  8.41282700E-05  8.41282700E-05  8.41282700E-05  8.41282700E-05
  8.41282700E-05  8.41282700E-05  8.41282700E-05  8.41282700E-05  8.41282700E-05  8.41282700E-05  8.41282700E-05  8.41282700E-05  8.41282700E-05  8.41282700E-05  8.41282700E-05  8.41282700E-05  8.41282700E-05  8.41282700E-05  8.41282700E-05  8.41282700E-05  8.41282700E-05  8.41282700E-05  8.41282700E-05  8.41282700E-05
  8.41282700E-05  8.41282700E-05  8.41282700E-05  8.41282700E-05  8.41282700E-05  8.41282700E-05  8.41282700E-05  8.41282700E-05  8.41282700E-05  8.41282700E-05  8.41282700E-05  8.41282700E-05  8.41282700E-05  8.41282700E-05  8.41282700E-05  8.41282700E-05  8.41282700E-05  8.41282700E-05  8.41282700E-05  8.41282700E-05
  8.41282700E-05  8.41282700E-05  8.41282700E-05  8.41282700E-05  8.41282700E-05  8.41282700E-05  8.41282700E-05  8.41282700E-05  8.41282700E-05  8.41282700E-05  8.41282700E-05  8.41282700E-05  8.41282700E-05  8.41282700E-05  8.41282700E-05  8.41282700E-05  8.41282700E-05  8.41282700E-05  8.41282700E-05  8.41282700E-05
  8.41282700E-05  8.41282700E-05  8.41282700E-05  8.41282700E-05  8.41282700E-05  8.41282700E-05  8.41282700E-05  8.41282700E-05  8.41282700E-05  8.41282700E-05  8.41282700E-05  8.41282700E-05  8.41282700E-05  8.41282700E-05  8.41282700E-05  8.41282700E-05  8.41282700E-05  8.41282700E-05  8.41282700E-05  8.41282700E-05
  8.41282700E-05  8.41282700E-05  8.41282700E-05  8.41282700E-05  8.41282700E-05  8.41282700E-05  8.41282700E-05  8.41282700E-05  8.41282700E-05  8.41282700E-05  8.41282700E-05  8.41282700E-05  8.41282700E-05  8.41282700E-05  8.41282700E-05  8.41282700E-05  8.41282700E-05  8.41282700E-05  8.41282700E-05  8.41282700E-05
  8.41282700E-05  8.41282700E-05  8.41282700E-05  8.41282700E-05  8.41282700E-05  8.41282700E-05  8.41282700E-05  8.41282700E-05  8.41282700E-05  8.41282700E-05  8.41282700E-05  8.41282700E-05  8.41282700E-05  8.41282700E-05  8.41282700E-05  8.41282700E-05  8.41282700E-05  8.41282700E-05  8.41282700E-05  8.41282700E-05
  8.41282700E-05  8.41282700E-05  8.41282700E-05  8.41282700E-05  8.41282700E-05  8.41282700E-05  8.41282700E-05  8.41282700E-05  8.41282700E-05  8.41282700E-05  8.41282700E-05  8.41282700E-05  8.41282700E-05  8.41282700E-05  8.41282700E-05  8.41282700E-05  8.41282700E-05  8.41282700E-05  8.41282700E-05  8.41282700E-05
  8.41282700E-05  8.41282700E-05  8.41282700E-05  8.41282700E-05  8.41282700E-05  8.41282700E-05  8.41282700E-05  8.41282700E-05  8.41282700E-05  8.41282700E-05  8.41282700E-05  8.41282700E-05  8.41282700E-05  8.41282700E-05  8.41282700E-05  8.41282700E-05  8.41282700E-05  8.41282700E-05  8.41282700E-05  8.41282700E-05
  8.41282700E-05  8.41282700E-05  8.41282700E-05  8.41282700E-05  8.41282700E-05  8.41282700E-05  8.41282700E-05  8.41282700E-05  8.41282700E-05  8.41282700E-05  8.41282700E-05  8.41282700E-05  8.41282700E-05  8.41282700E-05  8.41282700E-05  8.41282700E-05  8.41282700E-05  8.41282700E-05  8.41282700E-05  8.41282700E-05
  8.41282700E-05  8.41282700E-05  8.41282700E-05  8.41282700E-05  8.41282700E-05  8.41282700E-05  8.41282700E-05  8.41282700E-05  8.41282700E-05  8.41282700E-05  8.41282700E-05  8.41282700E-05  8.41282700E-05  8.41282700E-05  8.41282700E-05  8.41282700E-05  8.41282700E-05  8.41282700E-05  8.41282700E-05  8.41282700E-05
  8.41282700E-05  8.41282700E-05  8.41282700E-05  8.41282700E-05  8.41282700E-05  8.41282700E-05  8.41282700E-05  8.41282700E-05  8.41282700E-05  8.41282700E-05  8.41282700E-05  8.41282700E-05  8.41282700E-05  8.41282700E-05  8.41282700E-05  8.41282700E-05  8.41282700E-05  8.41282700E-05  8.41282700E-05  8.41282700E-05
  8.41282700E-05  8.41282700E-05  8.41282700E-05  8.41282700E-05  8.41282700E-05  8.41282700E-05  8.41282700E-05  8.41282700E-05  8.41282700E-05  8.41282700E-05  8.41282700E-05  8.41282700E-05  8.41282700E-05  8.41282700E-05  8.41282700E-05  8.41282700E-05  8.41282700E-05  8.41282700E-05  8.41282700E-05  8.41282700E-05
  8.41282700E-05  8.41282700E-05  8.41282700E-05  8.41282700E-05  8.41282700E-05  8.41282700E-05  8.41282700E-05  8.41282700E-05  8.41282700E-05  8.41282700E-05  8.41282700E-05  8.41282700E-05  8.41282700E-05  8.41282700E-05  8.41282700E-05  8.41282700E-05  8.41282700E-05  8.41282700E-05  8.41282700E-05  8.41282700E-05
  8.41282700E-05  8.41282700E-05  8.41282700E-05  8.41282700E-05  8.41282700E-05  8.41282700E-05  8.41282700E-05  8.41282700E-05  8.41282700E-05  8.41282700E-05  8.41282700E-05  8.41282700E-05  8.41282700E-05  8.41282700E-05  8.41282700E-05  8.41282700E-05  8.41282700E-05  8.41282700E-05  8.41282700E-05  8.41282700E-05
  8.41282700E-05  8.41282700E-05  8.41282700E-05  8.41282700E-05  8.41282700E-05  8.41282700E-05  8.41282700E-05  8.41282700E-05  8.41282700E-05  8.41282700E-05  8.41282700E-05  8.41282700E-05  8.41282700E-05  8.41282700E-05  8.41282700E-05  8.41282700E-05  8.41282700E-05  8.41282700E-05  8.41282700E-05  8.41282700E-05
  8.41282700E-05  8.41282700E-05  8.41282700E-05  8.41282700E-05  8.41282700E-05  8.41282700E-05  8.41282700E-05  8.41282700E-05  8.41282700E-05  8.41282700E-05  8.41282700E-05  8.41282700E-05  8.41282700E-05  8.41282700E-05  8.41282700E-05  8.41282700E-05  8.41282700E-05  8.41282700E-05  8.41282700E-05  8.41282700E-05
  8.41282700E-05  8.41282700E-05  8.41282700E-05  8.41282700E-05  8.41282700E-05  8.41282700E-05  8.41282700E-05  8.41282700E-05  8.41282700E-05  8.41282700E-05  8.41282700E-05  8.41282700E-05  8.41282700E-05  8.41282700E-05  8.41282700E-05  8.41282700E-05  8.41282700E-05  8.41282700E-05  8.41282700E-05  8.41282700E-05
  8.41282700E-05  8.41282700E-05  8.41282700E-05  8.41282700E-05  8.41282700E-05  8.41282700E-05  8.41282700E-05  8.41282700E-05  8.41282700E-05  8.41282700E-05  8.41282700E-05  8.41282700E-05  8.41282700E-05  8.41282700E-05  8.41282700E-05  8.41282700E-05  8.41282700E-05  8.41282700E-05  8.41282700E-05  8.41282700E-05
  8.41282700E-05  8.41282700E-05  8.41282700E-05  8.41282700E-05  8.41282700E-05  8.41282700E-05  8.41282700E-05  8.41282700E-05  8.41282700E-05  8.41282700E-05  8.41282700E-05  8.41282700E-05  8.41282700E-05  8.41282700E-05  8.41282700E-05  8.41282700E-05  8.41282700E-05  8.41282700E-05  8.41282700E-05  8.41282700E-05
  8.41282700E-05  8.41282700E-05  8.41282700E-05  8.41282700E-05  8.41282700E-05  8.41282700E-05  8.41282700E-05  8.41282700E-05  8.41282700E-05  8.41282700E-05  8.41282700E-05  8.41282700E-05  8.41282700E-05  8.41282700E-05  8.41282700E-05  8.41282700E-05  8.41282700E-05  8.41282700E-05  8.41282700E-05  8.41282700E-05
  8.41282700E-05  8.41282700E-05  8.41282700E-05  8.41282700E-05  8.41282700E-05  8.41282700E-05  8.41282700E-05  8.41282700E-05  8.41282700E-05  8.41282700E-05  8.41282700E-05  8.41282700E-05  8.41282700E-05  8.41282700E-05  8.41282700E-05  8.41282700E-05  8.41282700E-05  8.41282700E-05  8.41282700E-05  8.41282700E-05
  8.41282700E-05  8.41282700E-05  8.41282700E-05  8.41282700E-05  8.41282700E-05  8.41282700E-05  8.41282700E-05  8.41282700E-05  8.41282700E-05  8.41282700E-05  8.41282700E-05  8.41282700E-05  8.41282700E-05  8.41282700E-05  8.41282700E-05  8.41282700E-05  8.41282700E-05  8.41282700E-05  8.41282700E-05  8.41282700E-05
  8.41282700E-05  8.41282700E-05  8.41282700E-05  8.41282700E-05  8.41282700E-05  8.41282700E-05  8.41282700E-05  8.41282700E-05  8.41282700E-05  8.41282700E-05  8.41282700E-05  8.41282700E-05  8.41282700E-05  8.41282700E-05  8.41282700E-05  8.41282700E-05  8.41282700E-05  8.41282700E-05  8.41282700E-05  8.41282700E-05
  8.41282700E-05  8.41282700E-05  8.41282700E-05  8.41282700E-05  8.41282700E-05  8.41282700E-05  8.41282700E-05  8.41282700E-05  8.41282700E-05  8.41282700E-05  8.41282700E-05  8.41282700E-05  8.41282700E-05  8.41282700E-05  8.41282700E-05  8.41282700E-05  8.41282700E-05  8.41282700E-05  8.41282700E-05  8.41282700E-05
  8.41282700E-05  8.41282700E-05  8.41282700E-05  8.41282700E-05  8.41282700E-05  8.41282700E-05  8.41282700E-05  8.41282700E-05  8.41282700E-05  8.41282700E-05  8.41282700E-05  8.41282700E-05  8.41282700E-05  8.41282700E-05  8.41282700E-05  8.41282700E-05  8.41282700E-05  8.41282700E-05  8.41282700E-05  8.41282700E-05
  8.41282700E-05  8.41282700E-05  8.41282700E-05  8.41282700E-05  8.41282700E-05  8.41282700E-05  8.41282700E-05  8.41282700E-05  8.41282700E-05  8.41282700E-05  8.41282700E-05  8.41282700E-05  8.41282700E-05  8.41282700E-05  8.41282700E-05  8.41282700E-05  8.41282700E-05  8.41282700E-05  8.41282700E-05  8.41282700E-05
