  9.08867700E-05  9.08867700E-05  9.08867700E-05  9.08867700E-05  9.08867700E-05  9.08867700E-05  9.08867700E-05  9.08867700E-05  9.08867700E-05  9.08867700E-05  9.08867700E-05  9.08867700E-05  9.08867700E-05  9.08867700E-05  9.08867700E-05  9.08867700E-05  9.08867700E-05  9.08867700E-05  9.08867700E-05  9.08867700E-05
  9.08867700E-05  9.08867700E-05  9.08867700E-05  9.08867700E-05  9.08867700E-05  9.08867700E-05  9.08867700E-05  9.08867700E-05  9.08867700E-05  9.08867700E-05  9.08867700E-05  9.08867700E-05  9.08867700E-05  9.08867700E-05  9.08867700E-05  9.08867700E-05  9.08867700E-05  9.08867700E-05  9.08867700E-05  9.08867700E-05
  9.08867700E-05  9.08867700E-05  9.08867700E-05  9.08867700E-05  9.08867700E-05  9.08867700E-05  9.08867700E-05  9.08867700E-05  9.08867700E-05  9.08867700E-05  9.08867700E-05  9.08867700E-05  9.08867700E-05  9.08867700E-05  9.08867700E-05  9.08867700E-05  9.08867700E-05  9.08867700E-05  9.08867700E-05  9.08867700E-05
  9.08867700E-05  9.08867700E-05  9.08867700E-05  9.08867700E-05  9.08867700E-05  9.08867700E-05  9.08867700E-05  9.08867700E-05  9.08867700E-05  9.08867700E-05  9.08867700E-05  9.08867700E-05  9.08867700E-05  9.08867700E-05  9.08867700E-05  9.08867700E-05  9.08867700E-05  9.08867700E-05  9.08867700E-05  9.08867700E-05
  9.08867700E-05  9.08867700E-05  9.08867700E-05  9.08867700E-05  9.08867700E-05  9.08867700E-05  9.08867700E-05  9.08867700E-05  9.08867700E-05  9.08867700E-05  9.08867700E-05  9.08867700E-05  9.08867700E-05  9.08867700E-05  9.08867700E-05  9.08867700E-05  9.08867700E-05  9.08867700E-05  9.08867700E-05  9.08867700E-05
  9.08867700E-05  9.08867700E-05  9.08867700E-05  9.08867700E-05  9.08867700E-05  9.08867700E-05  9.08867700E-05  9.08867700E-05  9.08867700E-05  9.08867700E-05  9.08867700E-05  9.08867700E-05  9.08867700E-05  9.08867700E-05  9.08867700E-05  9.08867700E-05  9.08867700E-05  9.08867700E-05  9.08867700E-05  9.08867700E-05
  9.08867700E-05  9.08867700E-05  9.08867700E-05  9.08867700E-05  9.08867700E-05  9.08867700E-05  9.08867700E-05  9.08867700E-05  9.08867700E-05  9.08867700E-05  9.08867700E-05  9.08867700E-05  9.08867700E-05  9.08867700E-05  9.08867700E-05  9.08867700E-05  9.08867700E-05  9.08867700E-05  9.08867700E-05  9.08867700E-05
  9.08867700E-05  9.08867700E-05  9.08867700E-05  9.08867700E-05  9.08867700E-05  9.08867700E-05  9.08867700E-05  9.08867700E-05  9.08867700E-05  9.08867700E-05  9.08867700E-05  9.08867700E-05  9.08867700E-05  9.08867700E-05  9.08867700E-05  9.08867700E-05  9.08867700E-05  9.08867700E-05  9.08867700E-05  9.08867700E-05
  9.08867700E-05  9.08867700E-05  9.08867700E-05  9.08867700E-05  9.08867700E-05  9.08867700E-05  9.08867700E-05  9.08867700E-05  9.08867700E-05  9.08867700E-05  9.08867700E-05  9.08867700E-05  9.08867700E-05  9.08867700E-05  9.08867700E-05  9.08867700E-05  9.08867700E-05  9.08867700E-05  9.08867700E-05  9.08867700E-05
  9.08867700E-05  9.08867700E-05  9.08867700E-05  9.08867700E-05  9.08867700E-05  9.08867700E-05  9.08867700E-05  9.08867700E-05  9.08867700E-05  9.08867700E-05  9.08867700E-05  9.08867700E-05  9.08867700E-05  9.08867700E-05  9.08867700E-05  9.08867700E-05  9.08867700E-05  9.08867700E-05  9.08867700E-05  9.08867700E-05
  9.08867700E-05  9.08867700E-05  9.08867700E-05  9.08867700E-05  9.08867700E-05  9.08867700E-05  9.08867700E-05  9.08867700E-05  9.08867700E-05  9.08867700E-05  9.08867700E-05  9.08867700E-05  9.08867700E-05  9.08867700E-05  9.08867700E-05  9.08867700E-05  9.08867700E-05  9.08867700E-05  9.08867700E-05  9.08867700E-05
  9.08867700E-05  9.08867700E-05  9.08867700E-05  9.08867700E-05  9.08867700E-05  9.08867700E-05  9.08867700E-05  9.08867700E-05  9.08867700E-05  9.08867700E-05  9.08867700E-05  9.08867700E-05  9.08867700E-05  9.08867700E-05  9.08867700E-05  9.08867700E-05  9.08867700E-05  9.08867700E-05  9.08867700E-05  9.08867700E-05
  9.08867700E-05  9.08867700E-05  9.08867700E-05  9.08867700E-05  9.08867700E-05  9.08867700E-05  9.08867700E-05  9.08867700E-05  9.08867700E-05  9.08867700E-05  9.08867700E-05  9.08867700E-05  9.08867700E-05  9.08867700E-05  9.08867700E-05  9.08867700E-05  9.08867700E-05  9.08867700E-05  9.08867700E-05  9.08867700E-05
  9.08867700E-05  9.08867700E-05  9.08867700E-05  9.08867700E-05  9.08867700E-05  9.08867700E-05  9.08867700E-05  9.08867700E-05  9.08867700E-05  9.08867700E-05  9.08867700E-05  9.08867700E-05  9.08867700E-05  9.08867700E-05  9.08867700E-05  9.08867700E-05  9.08867700E-05  9.08867700E-05  9.08867700E-05  9.08867700E-05
  9.08867700E-05  9.08867700E-05  9.08867700E-05  9.08867700E-05  9.08867700E-05  9.08867700E-05  9.08867700E-05  9.08867700E-05  9.08867700E-05  9.08867700E-05  9.08867700E-05  9.08867700E-05  9.08867700E-05  9.08867700E-05  9.08867700E-05  9.08867700E-05  9.08867700E-05  9.08867700E-05  9.08867700E-05  9.08867700E-05
  9.08867700E-05  9.08867700E-05  9.08867700E-05  9.08867700E-05  9.08867700E-05  9.08867700E-05  9.08867700E-05  9.08867700E-05  9.08867700E-05  9.08867700E-05  9.08867700E-05  9.08867700E-05  9.08867700E-05  9.08867700E-05  9.08867700E-05  9.08867700E-05  9.08867700E-05  9.08867700E-05  9.08867700E-05  9.08867700E-05
  9.08867700E-05  9.08867700E-05  9.08867700E-05  9.08867700E-05  9.08867700E-05  9.08867700E-05  9.08867700E-05  9.08867700E-05  9.08867700E-05  9.08867700E-05  9.08867700E-05  9.08867700E-05  9.08867700E-05  9.08867700E-05  9.08867700E-05  9.08867700E-05  9.08867700E-05  9.08867700E-05  9.08867700E-05  9.08867700E-05
  9.08867700E-05  9.08867700E-05  9.08867700E-05  9.08867700E-05  9.08867700E-05  9.08867700E-05  9.08867700E-05  9.08867700E-05  9.08867700E-05  9.08867700E-05  9.08867700E-05  9.08867700E-05  9.08867700E-05  9.08867700E-05  9.08867700E-05  9.08867700E-05  9.08867700E-05  9.08867700E-05  9.08867700E-05  9.08867700E-05
  9.08867700E-05  9.08867700E-05  9.08867700E-05  9.08867700E-05  9.08867700E-05  9.08867700E-05  9.08867700E-05  9.08867700E-05  9.08867700E-05  9.08867700E-05  9.08867700E-05  9.08867700E-05  9.08867700E-05  9.08867700E-05  9.08867700E-05  9.08867700E-05  9.08867700E-05  9.08867700E-05  9.08867700E-05  9.08867700E-05
  9.08867700E-05  9.08867700E-05  9.08867700E-05  9.08867700E-05  9.08867700E-05  9.08867700E-05  9.08867700E-05  9.08867700E-05  9.08867700E-05  9.08867700E-05  9.08867700E-05  9.08867700E-05  9.08867700E-05  9.08867700E-05  9.08867700E-05  9.08867700E-05  9.08867700E-05  9.08867700E-05  9.08867700E-05  9.08867700E-05
  9.08867700E-05  9.08867700E-05  9.08867700E-05  9.08867700E-05  9.08867700E-05  9.08867700E-05  9.08867700E-05  9.08867700E-05  9.08867700E-05  9.08867700E-05  9.08867700E-05  9.08867700E-05  9.08867700E-05  9.08867700E-05  9.08867700E-05  9.08867700E-05  9.08867700E-05  9.08867700E-05  9.08867700E-05  9.08867700E-05
  9.08867700E-05  9.08867700E-05  9.08867700E-05  9.08867700E-05  9.08867700E-05  9.08867700E-05  9.08867700E-05  9.08867700E-05  9.08867700E-05  9.08867700E-05  9.08867700E-05  9.08867700E-05  9.08867700E-05  9.08867700E-05  9.08867700E-05  9.08867700E-05  9.08867700E-05  9.08867700E-05  9.08867700E-05  9.08867700E-05
  9.08867700E-05  9.08867700E-05  9.08867700E-05  9.08867700E-05  9.08867700E-05  9.08867700E-05  9.08867700E-05  9.08867700E-05  9.08867700E-05  9.08867700E-05  9.08867700E-05  9.08867700E-05  9.08867700E-05  9.08867700E-05  9.08867700E-05  9.08867700E-05  9.08867700E-05  9.08867700E-05  9.08867700E-05  9.08867700E-05
  9.08867700E-05  9.08867700E-05  9.08867700E-05  9.08867700E-05  9.08867700E-05  9.08867700E-05  9.08867700E-05  9.08867700E-05  9.08867700E-05  9.08867700E-05  9.08867700E-05  9.08867700E-05  9.08867700E-05  9.08867700E-05  9.08867700E-05  9.08867700E-05  9.08867700E-05  9.08867700E-05  9.08867700E-05  9.08867700E-05
  9.08867700E-05  9.08867700E-05  9.08867700E-05  9.08867700E-05  9.08867700E-05  9.08867700E-05  9.08867700E-05  9.08867700E-05  9.08867700E-05  9.08867700E-05  9.08867700E-05  9.08867700E-05  9.08867700E-05  9.08867700E-05  9.08867700E-05  9.08867700E-05  9.08867700E-05  9.08867700E-05  9.08867700E-05  9.08867700E-05
  9.08867700E-05  9.08867700E-05  9.08867700E-05  9.08867700E-05  9.08867700E-05  9.08867700E-05  9.08867700E-05  9.08867700E-05  9.08867700E-05  9.08867700E-05  9.08867700E-05  9.08867700E-05  9.08867700E-05  9.08867700E-05  9.08867700E-05  9.08867700E-05  9.08867700E-05  9.08867700E-05  9.08867700E-05  9.08867700E-05
  9.08867700E-05  9.08867700E-05  9.08867700E-05  9.08867700E-05  9.08867700E-05  9.08867700E-05  9.08867700E-05  9.08867700E-05  9.08867700E-05  9.08867700E-05  9.08867700E-05  9.08867700E-05  9.08867700E-05  9.08867700E-05  9.08867700E-05  9.08867700E-05  9.08867700E-05  9.08867700E-05  9.08867700E-05  9.08867700E-05
  9.08867700E-05  9.08867700E-05  9.08867700E-05  9.08867700E-05  9.08867700E-05  9.08867700E-05  9.08867700E-05  9.08867700E-05  9.08867700E-05  9.08867700E-05  9.08867700E-05  9.08867700E-05  9.08867700E-05  9.08867700E-05  9.08867700E-05  9.08867700E-05  9.08867700E-05  9.08867700E-05  9.08867700E-05  9.08867700E-05
  9.08867700E-05  9.08867700E-05  9.08867700E-05  9.08867700E-05  9.08867700E-05  9.08867700E-05  9.08867700E-05  9.08867700E-05  9.08867700E-05  9.08867700E-05  9.08867700E-05  9.08867700E-05  9.08867700E-05  9.08867700E-05  9.08867700E-05  9.08867700E-05  9.08867700E-05  9.08867700E-05  9.08867700E-05  9.08867700E-05
  9.08867700E-05  9.08867700E-05  9.08867700E-05  9.08867700E-05  9.08867700E-05  9.08867700E-05  9.08867700E-05  9.08867700E-05  9.08867700E-05  9.08867700E-05  9.08867700E-05  9.08867700E-05  9.08867700E-05  9.08867700E-05  9.08867700E-05  9.08867700E-05  9.08867700E-05  9.08867700E-05  9.08867700E-05  9.08867700E-05
  9.08867700E-05  9.08867700E-05  9.08867700E-05  9.08867700E-05  9.08867700E-05  9.08867700E-05  9.08867700E-05  9.08867700E-05  9.08867700E-05  9.08867700E-05  9.08867700E-05  9.08867700E-05  9.08867700E-05  9.08867700E-05  9.08867700E-05  9.08867700E-05  9.08867700E-05  9.08867700E-05  9.08867700E-05  9.08867700E-05
  9.08867700E-05  9.08867700E-05  9.08867700E-05  9.08867700E-05  9.08867700E-05  9.08867700E-05  9.08867700E-05  9.08867700E-05  9.08867700E-05  9.08867700E-05  9.08867700E-05  9.08867700E-05  9.08867700E-05  9.08867700E-05  9.08867700E-05  9.08867700E-05  9.08867700E-05  9.08867700E-05  9.08867700E-05  9.08867700E-05
  9.08867700E-05  9.08867700E-05  9.08867700E-05  9.08867700E-05  9.08867700E-05  9.08867700E-05  9.08867700E-05  9.08867700E-05  9.08867700E-05  9.08867700E-05  9.08867700E-05  9.08867700E-05  9.08867700E-05  9.08867700E-05  9.08867700E-05  9.08867700E-05  9.08867700E-05  9.08867700E-05  9.08867700E-05  9.08867700E-05
  9.08867700E-05  9.08867700E-05  9.08867700E-05  9.08867700E-05  9.08867700E-05  9.08867700E-05  9.08867700E-05  9.08867700E-05  9.08867700E-05  9.08867700E-05  9.08867700E-05  9.08867700E-05  9.08867700E-05  9.08867700E-05  9.08867700E-05  9.08867700E-05  9.08867700E-05  9.08867700E-05  9.08867700E-05  9.08867700E-05
  9.08867700E-05  9.08867700E-05  9.08867700E-05  9.08867700E-05  9.08867700E-05  9.08867700E-05  9.08867700E-05  9.08867700E-05  9.08867700E-05  9.08867700E-05  9.08867700E-05  9.08867700E-05  9.08867700E-05  9.08867700E-05  9.08867700E-05  9.08867700E-05  9.08867700E-05  9.08867700E-05  9.08867700E-05  9.08867700E-05
  9.08867700E-05  9.08867700E-05  9.08867700E-05  9.08867700E-05  9.08867700E-05  9.08867700E-05  9.08867700E-05  9.08867700E-05  9.08867700E-05  9.08867700E-05  9.08867700E-05  9.08867700E-05  9.08867700E-05  9.08867700E-05  9.08867700E-05  9.08867700E-05  9.08867700E-05  9.08867700E-05  9.08867700E-05  9.08867700E-05
  9.08867700E-05  9.08867700E-05  9.08867700E-05  9.08867700E-05  9.08867700E-05  9.08867700E-05  9.08867700E-05  9.08867700E-05  9.08867700E-05  9.08867700E-05  9.08867700E-05  9.08867700E-05  9.08867700E-05  9.08867700E-05  9.08867700E-05  9.08867700E-05  9.08867700E-05  9.08867700E-05  9.08867700E-05  9.08867700E-05
  9.08867700E-05  9.08867700E-05  9.08867700E-05  9.08867700E-05  9.08867700E-05  9.08867700E-05  9.08867700E-05  9.08867700E-05  9.08867700E-05  9.08867700E-05  9.08867700E-05  9.08867700E-05  9.08867700E-05  9.08867700E-05  9.08867700E-05  9.08867700E-05  9.08867700E-05  9.08867700E-05  9.08867700E-05  9.08867700E-05
  9.08867700E-05  9.08867700E-05  9.08867700E-05  9.08867700E-05  9.08867700E-05  9.08867700E-05  9.08867700E-05  9.08867700E-05  9.08867700E-05  9.08867700E-05  9.08867700E-05  9.08867700E-05  9.08867700E-05  9.08867700E-05  9.08867700E-05  9.08867700E-05  9.08867700E-05  9.08867700E-05  9.08867700E-05  9.08867700E-05
  9.08867700E-05  9.08867700E-05  9.08867700E-05  9.08867700E-05  9.08867700E-05  9.08867700E-05  9.08867700E-05  9.08867700E-05  9.08867700E-05  9.08867700E-05  9.08867700E-05  9.08867700E-05  9.08867700E-05  9.08867700E-05  9.08867700E-05  9.08867700E-05  9.08867700E-05  9.08867700E-05  9.08867700E-05  9.08867700E-05
