       0.03000000       0.03000000       0.03000000       0.03000000       0.03000000       0.03000000       0.03000000       0.03000000       0.03000000       0.03000000       0.03000000       0.03000000       0.03000000       0.03000000       0.03000000       0.03000000       0.03000000       0.03000000       0.03000000       0.03000000
       0.03000000       0.03000000       0.03000000       0.03000000       0.03000000       0.03000000       0.03000000       0.03000000       0.03000000       0.03000000       0.03000000       0.03000000       0.03000000       0.03000000       0.03000000       0.03000000       0.03000000       0.03000000       0.03000000       0.03000000
       0.03000000       0.03000000       0.03000000       0.03000000       0.03000000       0.03000000       0.03000000       0.03000000       0.03000000       0.03000000       0.03000000       0.03000000       0.03000000       0.03000000       0.03000000       0.03000000       0.03000000       0.03000000       0.03000000       0.03000000
       0.03000000       0.03000000       0.03000000       0.03000000       0.03000000       0.03000000       0.03000000       0.03000000       0.03000000       0.03000000       0.03000000       0.03000000       0.03000000       0.03000000       0.03000000       0.03000000       0.03000000       0.03000000       0.03000000       0.03000000
       0.03000000       0.03000000       0.03000000       0.03000000       0.03000000       0.03000000       0.03000000       0.03000000       0.03000000       0.03000000       0.03000000       0.03000000       0.03000000       0.03000000       0.03000000       0.03000000       0.03000000       0.03000000       0.03000000       0.03000000
       0.03000000       0.03000000       0.03000000       0.03000000       0.03000000       0.03000000       0.03000000       0.03000000       0.03000000       0.03000000       0.03000000       0.03000000       0.03000000       0.03000000       0.03000000       0.03000000       0.03000000       0.03000000       0.03000000       0.03000000
       0.03000000       0.03000000       0.03000000       0.03000000       0.03000000       0.03000000       0.03000000       0.03000000       0.03000000       0.03000000       0.03000000       0.03000000       0.03000000       0.03000000       0.03000000       0.03000000       0.03000000       0.03000000       0.03000000       0.03000000
       0.03000000       0.03000000       0.03000000       0.03000000       0.03000000       0.03000000       0.03000000       0.03000000       0.03000000       0.03000000       0.03000000       0.03000000       0.03000000       0.03000000       0.03000000       0.03000000       0.03000000       0.03000000       0.03000000       0.03000000
       0.03000000       0.03000000       0.03000000       0.03000000       0.03000000       0.03000000       0.03000000       0.03000000       0.03000000       0.03000000       0.03000000       0.03000000       0.03000000       0.03000000       0.03000000       0.03000000       0.03000000       0.03000000       0.03000000       0.03000000
       0.03000000       0.03000000       0.03000000       0.03000000       0.03000000       0.03000000       0.03000000       0.03000000       0.03000000       0.03000000       0.03000000       0.03000000       0.03000000       0.03000000       0.03000000       0.03000000       0.03000000       0.03000000       0.03000000       0.03000000
       0.03000000       0.03000000       0.03000000       0.03000000       0.03000000       0.03000000       0.03000000       0.03000000       0.03000000       0.03000000       0.03000000       0.03000000       0.03000000       0.03000000       0.03000000       0.03000000       0.03000000       0.03000000       0.03000000       0.03000000
       0.03000000       0.03000000       0.03000000       0.03000000       0.03000000       0.03000000       0.03000000       0.03000000       0.03000000       0.03000000       0.03000000       0.03000000       0.03000000       0.03000000       0.03000000       0.03000000       0.03000000       0.03000000       0.03000000       0.03000000
       0.03000000       0.03000000       0.03000000       0.03000000       0.03000000       0.03000000       0.03000000       0.03000000       0.03000000       0.03000000       0.03000000       0.03000000       0.03000000       0.03000000       0.03000000       0.03000000       0.03000000       0.03000000       0.03000000       0.03000000
       0.03000000       0.03000000       0.03000000       0.03000000       0.03000000       0.03000000       0.03000000       0.03000000       0.03000000       0.03000000       0.03000000       0.03000000       0.03000000       0.03000000       0.03000000       0.03000000       0.03000000       0.03000000       0.03000000       0.03000000
       0.03000000       0.03000000       0.03000000       0.03000000       0.03000000       0.03000000       0.03000000       0.03000000       0.03000000       0.03000000       0.03000000       0.03000000       0.03000000       0.03000000       0.03000000       0.03000000       0.03000000       0.03000000       0.03000000       0.03000000
       0.03000000       0.03000000       0.03000000       0.03000000       0.03000000       0.03000000       0.03000000       0.03000000       0.03000000       0.03000000       0.03000000       0.03000000       0.03000000       0.03000000       0.03000000       0.03000000       0.03000000       0.03000000       0.03000000       0.03000000
       0.03000000       0.03000000       0.03000000       0.03000000       0.03000000       0.03000000       0.03000000       0.03000000       0.03000000       0.03000000       0.03000000       0.03000000       0.03000000       0.03000000       0.03000000       0.03000000       0.03000000       0.03000000       0.03000000       0.03000000
       0.03000000       0.03000000       0.03000000       0.03000000       0.03000000       0.03000000       0.03000000       0.03000000       0.03000000       0.03000000       0.03000000       0.03000000       0.03000000       0.03000000       0.03000000       0.03000000       0.03000000       0.03000000       0.03000000       0.03000000
       0.03000000       0.03000000       0.03000000       0.03000000       0.03000000       0.03000000       0.03000000       0.03000000       0.03000000       0.03000000       0.03000000       0.03000000       0.03000000       0.03000000       0.03000000       0.03000000       0.03000000       0.03000000       0.03000000       0.03000000
       0.03000000       0.03000000       0.03000000       0.03000000       0.03000000       0.03000000       0.03000000       0.03000000       0.03000000       0.03000000       0.03000000       0.03000000       0.03000000       0.03000000       0.03000000       0.03000000       0.03000000       0.03000000       0.03000000       0.03000000
       0.03000000       0.03000000       0.03000000       0.03000000       0.03000000       0.03000000       0.03000000       0.03000000       0.03000000       0.03000000       0.03000000       0.03000000       0.03000000       0.03000000       0.03000000       0.03000000       0.03000000       0.03000000       0.03000000       0.03000000
       0.03000000       0.03000000       0.03000000       0.03000000       0.03000000       0.03000000       0.03000000       0.03000000       0.03000000       0.03000000       0.03000000       0.03000000       0.03000000       0.03000000       0.03000000       0.03000000       0.03000000       0.03000000       0.03000000       0.03000000
       0.03000000       0.03000000       0.03000000       0.03000000       0.03000000       0.03000000       0.03000000       0.03000000       0.03000000       0.03000000       0.03000000       0.03000000       0.03000000       0.03000000       0.03000000       0.03000000       0.03000000       0.03000000       0.03000000       0.03000000
       0.03000000       0.03000000       0.03000000       0.03000000       0.03000000       0.03000000       0.03000000       0.03000000       0.03000000       0.03000000       0.03000000       0.03000000       0.03000000       0.03000000       0.03000000       0.03000000       0.03000000       0.03000000       0.03000000       0.03000000
       0.03000000       0.03000000       0.03000000       0.03000000       0.03000000       0.03000000       0.03000000       0.03000000       0.03000000       0.03000000       0.03000000       0.03000000       0.03000000       0.03000000       0.03000000       0.03000000       0.03000000       0.03000000       0.03000000       0.03000000
       0.03000000       0.03000000       0.03000000       0.03000000       0.03000000       0.03000000       0.03000000       0.03000000       0.03000000       0.03000000       0.03000000       0.03000000       0.03000000       0.03000000       0.03000000       0.03000000       0.03000000       0.03000000       0.03000000       0.03000000
       0.03000000       0.03000000       0.03000000       0.03000000       0.03000000       0.03000000       0.03000000       0.03000000       0.03000000       0.03000000       0.03000000       0.03000000       0.03000000       0.03000000       0.03000000       0.03000000       0.03000000       0.03000000       0.03000000       0.03000000
       0.03000000       0.03000000       0.03000000       0.03000000       0.03000000       0.03000000       0.03000000       0.03000000       0.03000000       0.03000000       0.03000000       0.03000000       0.03000000       0.03000000       0.03000000       0.03000000       0.03000000       0.03000000       0.03000000       0.03000000
       0.03000000       0.03000000       0.03000000       0.03000000       0.03000000       0.03000000       0.03000000       0.03000000       0.03000000       0.03000000       0.03000000       0.03000000       0.03000000       0.03000000       0.03000000       0.03000000       0.03000000       0.03000000       0.03000000       0.03000000
       0.03000000       0.03000000       0.03000000       0.03000000       0.03000000       0.03000000       0.03000000       0.03000000       0.03000000       0.03000000       0.03000000       0.03000000       0.03000000       0.03000000       0.03000000       0.03000000       0.03000000       0.03000000       0.03000000       0.03000000
       0.03000000       0.03000000       0.03000000       0.03000000       0.03000000       0.03000000       0.03000000       0.03000000       0.03000000       0.03000000       0.03000000       0.03000000       0.03000000       0.03000000       0.03000000       0.03000000       0.03000000       0.03000000       0.03000000       0.03000000
       0.03000000       0.03000000       0.03000000       0.03000000       0.03000000       0.03000000       0.03000000       0.03000000       0.03000000       0.03000000       0.03000000       0.03000000       0.03000000       0.03000000       0.03000000       0.03000000       0.03000000       0.03000000       0.03000000       0.03000000
       0.03000000       0.03000000       0.03000000       0.03000000       0.03000000       0.03000000       0.03000000       0.03000000       0.03000000       0.03000000       0.03000000       0.03000000       0.03000000       0.03000000       0.03000000       0.03000000       0.03000000       0.03000000       0.03000000       0.03000000
       0.03000000       0.03000000       0.03000000       0.03000000       0.03000000       0.03000000       0.03000000       0.03000000       0.03000000       0.03000000       0.03000000       0.03000000       0.03000000       0.03000000       0.03000000       0.03000000       0.03000000       0.03000000       0.03000000       0.03000000
       0.03000000       0.03000000       0.03000000       0.03000000       0.03000000       0.03000000       0.03000000       0.03000000       0.03000000       0.03000000       0.03000000       0.03000000       0.03000000       0.03000000       0.03000000       0.03000000       0.03000000       0.03000000       0.03000000       0.03000000
       0.03000000       0.03000000       0.03000000       0.03000000       0.03000000       0.03000000       0.03000000       0.03000000       0.03000000       0.03000000       0.03000000       0.03000000       0.03000000       0.03000000       0.03000000       0.03000000       0.03000000       0.03000000       0.03000000       0.03000000
       0.03000000       0.03000000       0.03000000       0.03000000       0.03000000       0.03000000       0.03000000       0.03000000       0.03000000       0.03000000       0.03000000       0.03000000       0.03000000       0.03000000       0.03000000       0.03000000       0.03000000       0.03000000       0.03000000       0.03000000
       0.03000000       0.03000000       0.03000000       0.03000000       0.03000000       0.03000000       0.03000000       0.03000000       0.03000000       0.03000000       0.03000000       0.03000000       0.03000000       0.03000000       0.03000000       0.03000000       0.03000000       0.03000000       0.03000000       0.03000000
       0.03000000       0.03000000       0.03000000       0.03000000       0.03000000       0.03000000       0.03000000       0.03000000       0.03000000       0.03000000       0.03000000       0.03000000       0.03000000       0.03000000       0.03000000       0.03000000       0.03000000       0.03000000       0.03000000       0.03000000
       0.03000000       0.03000000       0.03000000       0.03000000       0.03000000       0.03000000       0.03000000       0.03000000       0.03000000       0.03000000       0.03000000       0.03000000       0.03000000       0.03000000       0.03000000       0.03000000       0.03000000       0.03000000       0.03000000       0.03000000
