  1  1 1 16     250.00000000       5.00000000  5.00000000E-05      34.00000000       1.00000000       0.10000000  0.3000000e-01  1       1.00000000  0  headwater
  2  1 2 16     250.00000000       5.00000000  5.00000000E-05      33.98718000       1.00000000       0.10000000  0.3000000e-01  2       1.00000000  0  headwater
  3  1 3 16     250.00000000       5.00000000  5.00000000E-05      33.97436000       1.00000000       0.10000000  0.3000000e-01  2       1.00000000  0  headwater
  4  1 4 16     250.00000000       5.00000000  5.00000000E-05      33.96154000       1.00000000       0.10000000  0.3000000e-01  2       1.00000000  0  headwater
  5  1 5 16     250.00000000       5.00000000  5.00000000E-05      33.94872000       1.00000000       0.10000000  0.3000000e-01  2       1.00000000  0  headwater
  6  1 6 16     250.00000000       5.00000000  5.00000000E-05      33.93590000       1.00000000       0.10000000  0.3000000e-01  2       1.00000000  0  headwater
  7  1 7 16     250.00000000       5.00000000  5.00000000E-05      33.92308000       1.00000000       0.10000000  0.3000000e-01  2       1.00000000  0  headwater
  8  1 8 16     250.00000000       5.00000000  5.00000000E-05      33.91026000       1.00000000       0.10000000  0.3000000e-01  2       1.00000000  0  headwater
  9  1 9 16     250.00000000       5.00000000  5.00000000E-05      33.89743000       1.00000000       0.10000000  0.3000000e-01  2       1.00000000  0  headwater
  10  1 10 16     250.00000000       5.00000000  5.00000000E-05      33.88462000       1.00000000       0.10000000  0.3000000e-01  2       1.00000000  0  headwater
  11  1 11 16     250.00000000       5.00000000  5.00000000E-05      33.87180000       1.00000000       0.10000000  0.3000000e-01  2       1.00000000  0  headwater
  12  1 12 16     250.00000000       5.00000000  5.00000000E-05      33.85897000       1.00000000       0.10000000  0.3000000e-01  2       1.00000000  0  headwater
  13  1 13 16     250.00000000       5.00000000  5.00000000E-05      33.84615000       1.00000000       0.10000000  0.3000000e-01  2       1.00000000  0  headwater
  14  1 14 16     250.00000000       5.00000000  5.00000000E-05      33.83333000       1.00000000       0.10000000  0.3000000e-01  2       1.00000000  0  headwater
  15  1 15 16     250.00000000       5.00000000  5.00000000E-05      33.82051000       1.00000000       0.10000000  0.3000000e-01  2       1.00000000  0  headwater
  16  1 16 16     250.00000000       5.00000000  5.00000000E-05      33.80769000       1.00000000       0.10000000  0.3000000e-01  2       1.00000000  0  headwater
  17  1 17 16     250.00000000       5.00000000  5.00000000E-05      33.79487000       1.00000000       0.10000000  0.3000000e-01  2       1.00000000  0  headwater
  18  1 18 16     250.00000000       5.00000000  5.00000000E-05      33.78205000       1.00000000       0.10000000  0.3000000e-01  2       1.00000000  0  headwater
  19  1 19 16     250.00000000       5.00000000  5.00000000E-05      33.76923000       1.00000000       0.10000000  0.3000000e-01  2       1.00000000  0  headwater
  20  1 20 16     250.00000000       5.00000000  5.00000000E-05      33.75641000       1.00000000       0.10000000  0.3000000e-01  2       1.00000000  0  headwater
  21  1 21 16     250.00000000       5.00000000  5.00000000E-05      33.74359000       1.00000000       0.10000000  0.3000000e-01  2       1.00000000  0  headwater
  22  1 22 16     250.00000000       5.00000000  5.00000000E-05      33.73077000       1.00000000       0.10000000  0.3000000e-01  2       1.00000000  0  tailwater
  23  1 23 16     250.00000000       5.00000000  5.00000000E-05      33.71795000       1.00000000       0.10000000  0.3000000e-01  2       1.00000000  0  tailwater
  24  1 24 16     250.00000000       5.00000000  5.00000000E-05      33.70513000       1.00000000       0.10000000  0.3000000e-01  2       1.00000000  0  tailwater
  25  1 25 16     250.00000000       5.00000000  5.00000000E-05      33.69231000       1.00000000       0.10000000  0.3000000e-01  2       1.00000000  0  tailwater
  26  1 26 16     250.00000000       5.00000000  5.00000000E-05      33.67949000       1.00000000       0.10000000  0.3000000e-01  2       1.00000000  0  tailwater
  27  1 27 16     250.00000000       5.00000000  5.00000000E-05      33.66667000       1.00000000       0.10000000  0.3000000e-01  2       1.00000000  0  tailwater
  28  1 28 16     250.00000000       5.00000000  5.00000000E-05      33.65385000       1.00000000       0.10000000  0.3000000e-01  2       1.00000000  0  tailwater
  29  1 29 16     250.00000000       5.00000000  5.00000000E-05      33.64103000       1.00000000       0.10000000  0.3000000e-01  2       1.00000000  0  tailwater
  30  1 30 16     250.00000000       5.00000000  5.00000000E-05      33.62820000       1.00000000       0.10000000  0.3000000e-01  2       1.00000000  0  tailwater
  31  1 31 16     250.00000000       5.00000000  5.00000000E-05      33.61538000       1.00000000       0.10000000  0.3000000e-01  2       1.00000000  0  tailwater
  32  1 32 16     250.00000000       5.00000000  5.00000000E-05      33.60257000       1.00000000       0.10000000  0.3000000e-01  2       1.00000000  0  tailwater
  33  1 33 16     250.00000000       5.00000000  5.00000000E-05      33.58974000       1.00000000       0.10000000  0.3000000e-01  2       1.00000000  0  tailwater
  34  1 34 16     250.00000000       5.00000000  5.00000000E-05      33.57692000       1.00000000       0.10000000  0.3000000e-01  2       1.00000000  0  tailwater
  35  1 35 16     250.00000000       5.00000000  5.00000000E-05      33.56410000       1.00000000       0.10000000  0.3000000e-01  2       1.00000000  0  tailwater
  36  1 36 16     250.00000000       5.00000000  5.00000000E-05      33.55128000       1.00000000       0.10000000  0.3000000e-01  2       1.00000000  0  tailwater
  37  1 37 16     250.00000000       5.00000000  5.00000000E-05      33.53846000       1.00000000       0.10000000  0.3000000e-01  2       1.00000000  0  tailwater
  38  1 38 16     250.00000000       5.00000000  5.00000000E-05      33.52564000       1.00000000       0.10000000  0.3000000e-01  2       1.00000000  0  tailwater
  39  1 39 16     250.00000000       5.00000000  5.00000000E-05      33.51282000       1.00000000       0.10000000  0.3000000e-01  2       1.00000000  0  tailwater
  40  1 40 16     250.00000000       5.00000000  5.00000000E-05      33.51000000       1.00000000       0.10000000  0.3000000e-01  1       1.00000000  0  tailwater
