  4.50880800E-05  4.50880800E-05  4.50880800E-05  4.50880800E-05  4.50880800E-05  4.50880800E-05  4.50880800E-05  4.50880800E-05  4.50880800E-05  4.50880800E-05  4.50880800E-05  4.50880800E-05  4.50880800E-05  4.50880800E-05  4.50880800E-05  4.50880800E-05  4.50880800E-05  4.50880800E-05  4.50880800E-05  4.50880800E-05
  4.50880800E-05  4.50880800E-05  4.50880800E-05  4.50880800E-05  4.50880800E-05  4.50880800E-05  4.50880800E-05  4.50880800E-05  4.50880800E-05  4.50880800E-05  4.50880800E-05  4.50880800E-05  4.50880800E-05  4.50880800E-05  4.50880800E-05  4.50880800E-05  4.50880800E-05  4.50880800E-05  4.50880800E-05  4.50880800E-05
  4.50880800E-05  4.50880800E-05  4.50880800E-05  4.50880800E-05  4.50880800E-05  4.50880800E-05  4.50880800E-05  4.50880800E-05  4.50880800E-05  4.50880800E-05  4.50880800E-05  4.50880800E-05  4.50880800E-05  4.50880800E-05  4.50880800E-05  4.50880800E-05  4.50880800E-05  4.50880800E-05  4.50880800E-05  4.50880800E-05
  4.50880800E-05  4.50880800E-05  4.50880800E-05  4.50880800E-05  4.50880800E-05  4.50880800E-05  4.50880800E-05  4.50880800E-05  4.50880800E-05  4.50880800E-05  4.50880800E-05  4.50880800E-05  4.50880800E-05  4.50880800E-05  4.50880800E-05  4.50880800E-05  4.50880800E-05  4.50880800E-05  4.50880800E-05  4.50880800E-05
  4.50880800E-05  4.50880800E-05  4.50880800E-05  4.50880800E-05  4.50880800E-05  4.50880800E-05  4.50880800E-05  4.50880800E-05  4.50880800E-05  4.50880800E-05  4.50880800E-05  4.50880800E-05  4.50880800E-05  4.50880800E-05  4.50880800E-05  4.50880800E-05  4.50880800E-05  4.50880800E-05  4.50880800E-05  4.50880800E-05
  4.50880800E-05  4.50880800E-05  4.50880800E-05  4.50880800E-05  4.50880800E-05  4.50880800E-05  4.50880800E-05  4.50880800E-05  4.50880800E-05  4.50880800E-05  4.50880800E-05  4.50880800E-05  4.50880800E-05  4.50880800E-05  4.50880800E-05  4.50880800E-05  4.50880800E-05  4.50880800E-05  4.50880800E-05  4.50880800E-05
  4.50880800E-05  4.50880800E-05  4.50880800E-05  4.50880800E-05  4.50880800E-05  4.50880800E-05  4.50880800E-05  4.50880800E-05  4.50880800E-05  4.50880800E-05  4.50880800E-05  4.50880800E-05  4.50880800E-05  4.50880800E-05  4.50880800E-05  4.50880800E-05  4.50880800E-05  4.50880800E-05  4.50880800E-05  4.50880800E-05
  4.50880800E-05  4.50880800E-05  4.50880800E-05  4.50880800E-05  4.50880800E-05  4.50880800E-05  4.50880800E-05  4.50880800E-05  4.50880800E-05  4.50880800E-05  4.50880800E-05  4.50880800E-05  4.50880800E-05  4.50880800E-05  4.50880800E-05  4.50880800E-05  4.50880800E-05  4.50880800E-05  4.50880800E-05  4.50880800E-05
  4.50880800E-05  4.50880800E-05  4.50880800E-05  4.50880800E-05  4.50880800E-05  4.50880800E-05  4.50880800E-05  4.50880800E-05  4.50880800E-05  4.50880800E-05  4.50880800E-05  4.50880800E-05  4.50880800E-05  4.50880800E-05  4.50880800E-05  4.50880800E-05  4.50880800E-05  4.50880800E-05  4.50880800E-05  4.50880800E-05
  4.50880800E-05  4.50880800E-05  4.50880800E-05  4.50880800E-05  4.50880800E-05  4.50880800E-05  4.50880800E-05  4.50880800E-05  4.50880800E-05  4.50880800E-05  4.50880800E-05  4.50880800E-05  4.50880800E-05  4.50880800E-05  4.50880800E-05  4.50880800E-05  4.50880800E-05  4.50880800E-05  4.50880800E-05  4.50880800E-05
  4.50880800E-05  4.50880800E-05  4.50880800E-05  4.50880800E-05  4.50880800E-05  4.50880800E-05  4.50880800E-05  4.50880800E-05  4.50880800E-05  4.50880800E-05  4.50880800E-05  4.50880800E-05  4.50880800E-05  4.50880800E-05  4.50880800E-05  4.50880800E-05  4.50880800E-05  4.50880800E-05  4.50880800E-05  4.50880800E-05
  4.50880800E-05  4.50880800E-05  4.50880800E-05  4.50880800E-05  4.50880800E-05  4.50880800E-05  4.50880800E-05  4.50880800E-05  4.50880800E-05  4.50880800E-05  4.50880800E-05  4.50880800E-05  4.50880800E-05  4.50880800E-05  4.50880800E-05  4.50880800E-05  4.50880800E-05  4.50880800E-05  4.50880800E-05  4.50880800E-05
  4.50880800E-05  4.50880800E-05  4.50880800E-05  4.50880800E-05  4.50880800E-05  4.50880800E-05  4.50880800E-05  4.50880800E-05  4.50880800E-05  4.50880800E-05  4.50880800E-05  4.50880800E-05  4.50880800E-05  4.50880800E-05  4.50880800E-05  4.50880800E-05  4.50880800E-05  4.50880800E-05  4.50880800E-05  4.50880800E-05
  4.50880800E-05  4.50880800E-05  4.50880800E-05  4.50880800E-05  4.50880800E-05  4.50880800E-05  4.50880800E-05  4.50880800E-05  4.50880800E-05  4.50880800E-05  4.50880800E-05  4.50880800E-05  4.50880800E-05  4.50880800E-05  4.50880800E-05  4.50880800E-05  4.50880800E-05  4.50880800E-05  4.50880800E-05  4.50880800E-05
  4.50880800E-05  4.50880800E-05  4.50880800E-05  4.50880800E-05  4.50880800E-05  4.50880800E-05  4.50880800E-05  4.50880800E-05  4.50880800E-05  4.50880800E-05  4.50880800E-05  4.50880800E-05  4.50880800E-05  4.50880800E-05  4.50880800E-05  4.50880800E-05  4.50880800E-05  4.50880800E-05  4.50880800E-05  4.50880800E-05
  4.50880800E-05  4.50880800E-05  4.50880800E-05  4.50880800E-05  4.50880800E-05  4.50880800E-05  4.50880800E-05  4.50880800E-05  4.50880800E-05  4.50880800E-05  4.50880800E-05  4.50880800E-05  4.50880800E-05  4.50880800E-05  4.50880800E-05  4.50880800E-05  4.50880800E-05  4.50880800E-05  4.50880800E-05  4.50880800E-05
  4.50880800E-05  4.50880800E-05  4.50880800E-05  4.50880800E-05  4.50880800E-05  4.50880800E-05  4.50880800E-05  4.50880800E-05  4.50880800E-05  4.50880800E-05  4.50880800E-05  4.50880800E-05  4.50880800E-05  4.50880800E-05  4.50880800E-05  4.50880800E-05  4.50880800E-05  4.50880800E-05  4.50880800E-05  4.50880800E-05
  4.50880800E-05  4.50880800E-05  4.50880800E-05  4.50880800E-05  4.50880800E-05  4.50880800E-05  4.50880800E-05  4.50880800E-05  4.50880800E-05  4.50880800E-05  4.50880800E-05  4.50880800E-05  4.50880800E-05  4.50880800E-05  4.50880800E-05  4.50880800E-05  4.50880800E-05  4.50880800E-05  4.50880800E-05  4.50880800E-05
  4.50880800E-05  4.50880800E-05  4.50880800E-05  4.50880800E-05  4.50880800E-05  4.50880800E-05  4.50880800E-05  4.50880800E-05  4.50880800E-05  4.50880800E-05  4.50880800E-05  4.50880800E-05  4.50880800E-05  4.50880800E-05  4.50880800E-05  4.50880800E-05  4.50880800E-05  4.50880800E-05  4.50880800E-05  4.50880800E-05
  4.50880800E-05  4.50880800E-05  4.50880800E-05  4.50880800E-05  4.50880800E-05  4.50880800E-05  4.50880800E-05  4.50880800E-05  4.50880800E-05  4.50880800E-05  4.50880800E-05  4.50880800E-05  4.50880800E-05  4.50880800E-05  4.50880800E-05  4.50880800E-05  4.50880800E-05  4.50880800E-05  4.50880800E-05  4.50880800E-05
  4.50880800E-05  4.50880800E-05  4.50880800E-05  4.50880800E-05  4.50880800E-05  4.50880800E-05  4.50880800E-05  4.50880800E-05  4.50880800E-05  4.50880800E-05  4.50880800E-05  4.50880800E-05  4.50880800E-05  4.50880800E-05  4.50880800E-05  4.50880800E-05  4.50880800E-05  4.50880800E-05  4.50880800E-05  4.50880800E-05
  4.50880800E-05  4.50880800E-05  4.50880800E-05  4.50880800E-05  4.50880800E-05  4.50880800E-05  4.50880800E-05  4.50880800E-05  4.50880800E-05  4.50880800E-05  4.50880800E-05  4.50880800E-05  4.50880800E-05  4.50880800E-05  4.50880800E-05  4.50880800E-05  4.50880800E-05  4.50880800E-05  4.50880800E-05  4.50880800E-05
  4.50880800E-05  4.50880800E-05  4.50880800E-05  4.50880800E-05  4.50880800E-05  4.50880800E-05  4.50880800E-05  4.50880800E-05  4.50880800E-05  4.50880800E-05  4.50880800E-05  4.50880800E-05  4.50880800E-05  4.50880800E-05  4.50880800E-05  4.50880800E-05  4.50880800E-05  4.50880800E-05  4.50880800E-05  4.50880800E-05
  4.50880800E-05  4.50880800E-05  4.50880800E-05  4.50880800E-05  4.50880800E-05  4.50880800E-05  4.50880800E-05  4.50880800E-05  4.50880800E-05  4.50880800E-05  4.50880800E-05  4.50880800E-05  4.50880800E-05  4.50880800E-05  4.50880800E-05  4.50880800E-05  4.50880800E-05  4.50880800E-05  4.50880800E-05  4.50880800E-05
  4.50880800E-05  4.50880800E-05  4.50880800E-05  4.50880800E-05  4.50880800E-05  4.50880800E-05  4.50880800E-05  4.50880800E-05  4.50880800E-05  4.50880800E-05  4.50880800E-05  4.50880800E-05  4.50880800E-05  4.50880800E-05  4.50880800E-05  4.50880800E-05  4.50880800E-05  4.50880800E-05  4.50880800E-05  4.50880800E-05
  4.50880800E-05  4.50880800E-05  4.50880800E-05  4.50880800E-05  4.50880800E-05  4.50880800E-05  4.50880800E-05  4.50880800E-05  4.50880800E-05  4.50880800E-05  4.50880800E-05  4.50880800E-05  4.50880800E-05  4.50880800E-05  4.50880800E-05  4.50880800E-05  4.50880800E-05  4.50880800E-05  4.50880800E-05  4.50880800E-05
  4.50880800E-05  4.50880800E-05  4.50880800E-05  4.50880800E-05  4.50880800E-05  4.50880800E-05  4.50880800E-05  4.50880800E-05  4.50880800E-05  4.50880800E-05  4.50880800E-05  4.50880800E-05  4.50880800E-05  4.50880800E-05  4.50880800E-05  4.50880800E-05  4.50880800E-05  4.50880800E-05  4.50880800E-05  4.50880800E-05
  4.50880800E-05  4.50880800E-05  4.50880800E-05  4.50880800E-05  4.50880800E-05  4.50880800E-05  4.50880800E-05  4.50880800E-05  4.50880800E-05  4.50880800E-05  4.50880800E-05  4.50880800E-05  4.50880800E-05  4.50880800E-05  4.50880800E-05  4.50880800E-05  4.50880800E-05  4.50880800E-05  4.50880800E-05  4.50880800E-05
  4.50880800E-05  4.50880800E-05  4.50880800E-05  4.50880800E-05  4.50880800E-05  4.50880800E-05  4.50880800E-05  4.50880800E-05  4.50880800E-05  4.50880800E-05  4.50880800E-05  4.50880800E-05  4.50880800E-05  4.50880800E-05  4.50880800E-05  4.50880800E-05  4.50880800E-05  4.50880800E-05  4.50880800E-05  4.50880800E-05
  4.50880800E-05  4.50880800E-05  4.50880800E-05  4.50880800E-05  4.50880800E-05  4.50880800E-05  4.50880800E-05  4.50880800E-05  4.50880800E-05  4.50880800E-05  4.50880800E-05  4.50880800E-05  4.50880800E-05  4.50880800E-05  4.50880800E-05  4.50880800E-05  4.50880800E-05  4.50880800E-05  4.50880800E-05  4.50880800E-05
  4.50880800E-05  4.50880800E-05  4.50880800E-05  4.50880800E-05  4.50880800E-05  4.50880800E-05  4.50880800E-05  4.50880800E-05  4.50880800E-05  4.50880800E-05  4.50880800E-05  4.50880800E-05  4.50880800E-05  4.50880800E-05  4.50880800E-05  4.50880800E-05  4.50880800E-05  4.50880800E-05  4.50880800E-05  4.50880800E-05
  4.50880800E-05  4.50880800E-05  4.50880800E-05  4.50880800E-05  4.50880800E-05  4.50880800E-05  4.50880800E-05  4.50880800E-05  4.50880800E-05  4.50880800E-05  4.50880800E-05  4.50880800E-05  4.50880800E-05  4.50880800E-05  4.50880800E-05  4.50880800E-05  4.50880800E-05  4.50880800E-05  4.50880800E-05  4.50880800E-05
  4.50880800E-05  4.50880800E-05  4.50880800E-05  4.50880800E-05  4.50880800E-05  4.50880800E-05  4.50880800E-05  4.50880800E-05  4.50880800E-05  4.50880800E-05  4.50880800E-05  4.50880800E-05  4.50880800E-05  4.50880800E-05  4.50880800E-05  4.50880800E-05  4.50880800E-05  4.50880800E-05  4.50880800E-05  4.50880800E-05
  4.50880800E-05  4.50880800E-05  4.50880800E-05  4.50880800E-05  4.50880800E-05  4.50880800E-05  4.50880800E-05  4.50880800E-05  4.50880800E-05  4.50880800E-05  4.50880800E-05  4.50880800E-05  4.50880800E-05  4.50880800E-05  4.50880800E-05  4.50880800E-05  4.50880800E-05  4.50880800E-05  4.50880800E-05  4.50880800E-05
  4.50880800E-05  4.50880800E-05  4.50880800E-05  4.50880800E-05  4.50880800E-05  4.50880800E-05  4.50880800E-05  4.50880800E-05  4.50880800E-05  4.50880800E-05  4.50880800E-05  4.50880800E-05  4.50880800E-05  4.50880800E-05  4.50880800E-05  4.50880800E-05  4.50880800E-05  4.50880800E-05  4.50880800E-05  4.50880800E-05
  4.50880800E-05  4.50880800E-05  4.50880800E-05  4.50880800E-05  4.50880800E-05  4.50880800E-05  4.50880800E-05  4.50880800E-05  4.50880800E-05  4.50880800E-05  4.50880800E-05  4.50880800E-05  4.50880800E-05  4.50880800E-05  4.50880800E-05  4.50880800E-05  4.50880800E-05  4.50880800E-05  4.50880800E-05  4.50880800E-05
  4.50880800E-05  4.50880800E-05  4.50880800E-05  4.50880800E-05  4.50880800E-05  4.50880800E-05  4.50880800E-05  4.50880800E-05  4.50880800E-05  4.50880800E-05  4.50880800E-05  4.50880800E-05  4.50880800E-05  4.50880800E-05  4.50880800E-05  4.50880800E-05  4.50880800E-05  4.50880800E-05  4.50880800E-05  4.50880800E-05
  4.50880800E-05  4.50880800E-05  4.50880800E-05  4.50880800E-05  4.50880800E-05  4.50880800E-05  4.50880800E-05  4.50880800E-05  4.50880800E-05  4.50880800E-05  4.50880800E-05  4.50880800E-05  4.50880800E-05  4.50880800E-05  4.50880800E-05  4.50880800E-05  4.50880800E-05  4.50880800E-05  4.50880800E-05  4.50880800E-05
  4.50880800E-05  4.50880800E-05  4.50880800E-05  4.50880800E-05  4.50880800E-05  4.50880800E-05  4.50880800E-05  4.50880800E-05  4.50880800E-05  4.50880800E-05  4.50880800E-05  4.50880800E-05  4.50880800E-05  4.50880800E-05  4.50880800E-05  4.50880800E-05  4.50880800E-05  4.50880800E-05  4.50880800E-05  4.50880800E-05
  4.50880800E-05  4.50880800E-05  4.50880800E-05  4.50880800E-05  4.50880800E-05  4.50880800E-05  4.50880800E-05  4.50880800E-05  4.50880800E-05  4.50880800E-05  4.50880800E-05  4.50880800E-05  4.50880800E-05  4.50880800E-05  4.50880800E-05  4.50880800E-05  4.50880800E-05  4.50880800E-05  4.50880800E-05  4.50880800E-05
