  6.74328600E-05  6.74328600E-05  6.74328600E-05  6.74328600E-05  6.74328600E-05  6.74328600E-05  6.74328600E-05  6.74328600E-05  6.74328600E-05  6.74328600E-05  6.74328600E-05  6.74328600E-05  6.74328600E-05  6.74328600E-05  6.74328600E-05  6.74328600E-05  6.74328600E-05  6.74328600E-05  6.74328600E-05  6.74328600E-05
  6.74328600E-05  6.74328600E-05  6.74328600E-05  6.74328600E-05  6.74328600E-05  6.74328600E-05  6.74328600E-05  6.74328600E-05  6.74328600E-05  6.74328600E-05  6.74328600E-05  6.74328600E-05  6.74328600E-05  6.74328600E-05  6.74328600E-05  6.74328600E-05  6.74328600E-05  6.74328600E-05  6.74328600E-05  6.74328600E-05
  6.74328600E-05  6.74328600E-05  6.74328600E-05  6.74328600E-05  6.74328600E-05  6.74328600E-05  6.74328600E-05  6.74328600E-05  6.74328600E-05  6.74328600E-05  6.74328600E-05  6.74328600E-05  6.74328600E-05  6.74328600E-05  6.74328600E-05  6.74328600E-05  6.74328600E-05  6.74328600E-05  6.74328600E-05  6.74328600E-05
  6.74328600E-05  6.74328600E-05  6.74328600E-05  6.74328600E-05  6.74328600E-05  6.74328600E-05  6.74328600E-05  6.74328600E-05  6.74328600E-05  6.74328600E-05  6.74328600E-05  6.74328600E-05  6.74328600E-05  6.74328600E-05  6.74328600E-05  6.74328600E-05  6.74328600E-05  6.74328600E-05  6.74328600E-05  6.74328600E-05
  6.74328600E-05  6.74328600E-05  6.74328600E-05  6.74328600E-05  6.74328600E-05  6.74328600E-05  6.74328600E-05  6.74328600E-05  6.74328600E-05  6.74328600E-05  6.74328600E-05  6.74328600E-05  6.74328600E-05  6.74328600E-05  6.74328600E-05  6.74328600E-05  6.74328600E-05  6.74328600E-05  6.74328600E-05  6.74328600E-05
  6.74328600E-05  6.74328600E-05  6.74328600E-05  6.74328600E-05  6.74328600E-05  6.74328600E-05  6.74328600E-05  6.74328600E-05  6.74328600E-05  6.74328600E-05  6.74328600E-05  6.74328600E-05  6.74328600E-05  6.74328600E-05  6.74328600E-05  6.74328600E-05  6.74328600E-05  6.74328600E-05  6.74328600E-05  6.74328600E-05
  6.74328600E-05  6.74328600E-05  6.74328600E-05  6.74328600E-05  6.74328600E-05  6.74328600E-05  6.74328600E-05  6.74328600E-05  6.74328600E-05  6.74328600E-05  6.74328600E-05  6.74328600E-05  6.74328600E-05  6.74328600E-05  6.74328600E-05  6.74328600E-05  6.74328600E-05  6.74328600E-05  6.74328600E-05  6.74328600E-05
  6.74328600E-05  6.74328600E-05  6.74328600E-05  6.74328600E-05  6.74328600E-05  6.74328600E-05  6.74328600E-05  6.74328600E-05  6.74328600E-05  6.74328600E-05  6.74328600E-05  6.74328600E-05  6.74328600E-05  6.74328600E-05  6.74328600E-05  6.74328600E-05  6.74328600E-05  6.74328600E-05  6.74328600E-05  6.74328600E-05
  6.74328600E-05  6.74328600E-05  6.74328600E-05  6.74328600E-05  6.74328600E-05  6.74328600E-05  6.74328600E-05  6.74328600E-05  6.74328600E-05  6.74328600E-05  6.74328600E-05  6.74328600E-05  6.74328600E-05  6.74328600E-05  6.74328600E-05  6.74328600E-05  6.74328600E-05  6.74328600E-05  6.74328600E-05  6.74328600E-05
  6.74328600E-05  6.74328600E-05  6.74328600E-05  6.74328600E-05  6.74328600E-05  6.74328600E-05  6.74328600E-05  6.74328600E-05  6.74328600E-05  6.74328600E-05  6.74328600E-05  6.74328600E-05  6.74328600E-05  6.74328600E-05  6.74328600E-05  6.74328600E-05  6.74328600E-05  6.74328600E-05  6.74328600E-05  6.74328600E-05
  6.74328600E-05  6.74328600E-05  6.74328600E-05  6.74328600E-05  6.74328600E-05  6.74328600E-05  6.74328600E-05  6.74328600E-05  6.74328600E-05  6.74328600E-05  6.74328600E-05  6.74328600E-05  6.74328600E-05  6.74328600E-05  6.74328600E-05  6.74328600E-05  6.74328600E-05  6.74328600E-05  6.74328600E-05  6.74328600E-05
  6.74328600E-05  6.74328600E-05  6.74328600E-05  6.74328600E-05  6.74328600E-05  6.74328600E-05  6.74328600E-05  6.74328600E-05  6.74328600E-05  6.74328600E-05  6.74328600E-05  6.74328600E-05  6.74328600E-05  6.74328600E-05  6.74328600E-05  6.74328600E-05  6.74328600E-05  6.74328600E-05  6.74328600E-05  6.74328600E-05
  6.74328600E-05  6.74328600E-05  6.74328600E-05  6.74328600E-05  6.74328600E-05  6.74328600E-05  6.74328600E-05  6.74328600E-05  6.74328600E-05  6.74328600E-05  6.74328600E-05  6.74328600E-05  6.74328600E-05  6.74328600E-05  6.74328600E-05  6.74328600E-05  6.74328600E-05  6.74328600E-05  6.74328600E-05  6.74328600E-05
  6.74328600E-05  6.74328600E-05  6.74328600E-05  6.74328600E-05  6.74328600E-05  6.74328600E-05  6.74328600E-05  6.74328600E-05  6.74328600E-05  6.74328600E-05  6.74328600E-05  6.74328600E-05  6.74328600E-05  6.74328600E-05  6.74328600E-05  6.74328600E-05  6.74328600E-05  6.74328600E-05  6.74328600E-05  6.74328600E-05
  6.74328600E-05  6.74328600E-05  6.74328600E-05  6.74328600E-05  6.74328600E-05  6.74328600E-05  6.74328600E-05  6.74328600E-05  6.74328600E-05  6.74328600E-05  6.74328600E-05  6.74328600E-05  6.74328600E-05  6.74328600E-05  6.74328600E-05  6.74328600E-05  6.74328600E-05  6.74328600E-05  6.74328600E-05  6.74328600E-05
  6.74328600E-05  6.74328600E-05  6.74328600E-05  6.74328600E-05  6.74328600E-05  6.74328600E-05  6.74328600E-05  6.74328600E-05  6.74328600E-05  6.74328600E-05  6.74328600E-05  6.74328600E-05  6.74328600E-05  6.74328600E-05  6.74328600E-05  6.74328600E-05  6.74328600E-05  6.74328600E-05  6.74328600E-05  6.74328600E-05
  6.74328600E-05  6.74328600E-05  6.74328600E-05  6.74328600E-05  6.74328600E-05  6.74328600E-05  6.74328600E-05  6.74328600E-05  6.74328600E-05  6.74328600E-05  6.74328600E-05  6.74328600E-05  6.74328600E-05  6.74328600E-05  6.74328600E-05  6.74328600E-05  6.74328600E-05  6.74328600E-05  6.74328600E-05  6.74328600E-05
  6.74328600E-05  6.74328600E-05  6.74328600E-05  6.74328600E-05  6.74328600E-05  6.74328600E-05  6.74328600E-05  6.74328600E-05  6.74328600E-05  6.74328600E-05  6.74328600E-05  6.74328600E-05  6.74328600E-05  6.74328600E-05  6.74328600E-05  6.74328600E-05  6.74328600E-05  6.74328600E-05  6.74328600E-05  6.74328600E-05
  6.74328600E-05  6.74328600E-05  6.74328600E-05  6.74328600E-05  6.74328600E-05  6.74328600E-05  6.74328600E-05  6.74328600E-05  6.74328600E-05  6.74328600E-05  6.74328600E-05  6.74328600E-05  6.74328600E-05  6.74328600E-05  6.74328600E-05  6.74328600E-05  6.74328600E-05  6.74328600E-05  6.74328600E-05  6.74328600E-05
  6.74328600E-05  6.74328600E-05  6.74328600E-05  6.74328600E-05  6.74328600E-05  6.74328600E-05  6.74328600E-05  6.74328600E-05  6.74328600E-05  6.74328600E-05  6.74328600E-05  6.74328600E-05  6.74328600E-05  6.74328600E-05  6.74328600E-05  6.74328600E-05  6.74328600E-05  6.74328600E-05  6.74328600E-05  6.74328600E-05
  6.74328600E-05  6.74328600E-05  6.74328600E-05  6.74328600E-05  6.74328600E-05  6.74328600E-05  6.74328600E-05  6.74328600E-05  6.74328600E-05  6.74328600E-05  6.74328600E-05  6.74328600E-05  6.74328600E-05  6.74328600E-05  6.74328600E-05  6.74328600E-05  6.74328600E-05  6.74328600E-05  6.74328600E-05  6.74328600E-05
  6.74328600E-05  6.74328600E-05  6.74328600E-05  6.74328600E-05  6.74328600E-05  6.74328600E-05  6.74328600E-05  6.74328600E-05  6.74328600E-05  6.74328600E-05  6.74328600E-05  6.74328600E-05  6.74328600E-05  6.74328600E-05  6.74328600E-05  6.74328600E-05  6.74328600E-05  6.74328600E-05  6.74328600E-05  6.74328600E-05
  6.74328600E-05  6.74328600E-05  6.74328600E-05  6.74328600E-05  6.74328600E-05  6.74328600E-05  6.74328600E-05  6.74328600E-05  6.74328600E-05  6.74328600E-05  6.74328600E-05  6.74328600E-05  6.74328600E-05  6.74328600E-05  6.74328600E-05  6.74328600E-05  6.74328600E-05  6.74328600E-05  6.74328600E-05  6.74328600E-05
  6.74328600E-05  6.74328600E-05  6.74328600E-05  6.74328600E-05  6.74328600E-05  6.74328600E-05  6.74328600E-05  6.74328600E-05  6.74328600E-05  6.74328600E-05  6.74328600E-05  6.74328600E-05  6.74328600E-05  6.74328600E-05  6.74328600E-05  6.74328600E-05  6.74328600E-05  6.74328600E-05  6.74328600E-05  6.74328600E-05
  6.74328600E-05  6.74328600E-05  6.74328600E-05  6.74328600E-05  6.74328600E-05  6.74328600E-05  6.74328600E-05  6.74328600E-05  6.74328600E-05  6.74328600E-05  6.74328600E-05  6.74328600E-05  6.74328600E-05  6.74328600E-05  6.74328600E-05  6.74328600E-05  6.74328600E-05  6.74328600E-05  6.74328600E-05  6.74328600E-05
  6.74328600E-05  6.74328600E-05  6.74328600E-05  6.74328600E-05  6.74328600E-05  6.74328600E-05  6.74328600E-05  6.74328600E-05  6.74328600E-05  6.74328600E-05  6.74328600E-05  6.74328600E-05  6.74328600E-05  6.74328600E-05  6.74328600E-05  6.74328600E-05  6.74328600E-05  6.74328600E-05  6.74328600E-05  6.74328600E-05
  6.74328600E-05  6.74328600E-05  6.74328600E-05  6.74328600E-05  6.74328600E-05  6.74328600E-05  6.74328600E-05  6.74328600E-05  6.74328600E-05  6.74328600E-05  6.74328600E-05  6.74328600E-05  6.74328600E-05  6.74328600E-05  6.74328600E-05  6.74328600E-05  6.74328600E-05  6.74328600E-05  6.74328600E-05  6.74328600E-05
  6.74328600E-05  6.74328600E-05  6.74328600E-05  6.74328600E-05  6.74328600E-05  6.74328600E-05  6.74328600E-05  6.74328600E-05  6.74328600E-05  6.74328600E-05  6.74328600E-05  6.74328600E-05  6.74328600E-05  6.74328600E-05  6.74328600E-05  6.74328600E-05  6.74328600E-05  6.74328600E-05  6.74328600E-05  6.74328600E-05
  6.74328600E-05  6.74328600E-05  6.74328600E-05  6.74328600E-05  6.74328600E-05  6.74328600E-05  6.74328600E-05  6.74328600E-05  6.74328600E-05  6.74328600E-05  6.74328600E-05  6.74328600E-05  6.74328600E-05  6.74328600E-05  6.74328600E-05  6.74328600E-05  6.74328600E-05  6.74328600E-05  6.74328600E-05  6.74328600E-05
  6.74328600E-05  6.74328600E-05  6.74328600E-05  6.74328600E-05  6.74328600E-05  6.74328600E-05  6.74328600E-05  6.74328600E-05  6.74328600E-05  6.74328600E-05  6.74328600E-05  6.74328600E-05  6.74328600E-05  6.74328600E-05  6.74328600E-05  6.74328600E-05  6.74328600E-05  6.74328600E-05  6.74328600E-05  6.74328600E-05
  6.74328600E-05  6.74328600E-05  6.74328600E-05  6.74328600E-05  6.74328600E-05  6.74328600E-05  6.74328600E-05  6.74328600E-05  6.74328600E-05  6.74328600E-05  6.74328600E-05  6.74328600E-05  6.74328600E-05  6.74328600E-05  6.74328600E-05  6.74328600E-05  6.74328600E-05  6.74328600E-05  6.74328600E-05  6.74328600E-05
  6.74328600E-05  6.74328600E-05  6.74328600E-05  6.74328600E-05  6.74328600E-05  6.74328600E-05  6.74328600E-05  6.74328600E-05  6.74328600E-05  6.74328600E-05  6.74328600E-05  6.74328600E-05  6.74328600E-05  6.74328600E-05  6.74328600E-05  6.74328600E-05  6.74328600E-05  6.74328600E-05  6.74328600E-05  6.74328600E-05
  6.74328600E-05  6.74328600E-05  6.74328600E-05  6.74328600E-05  6.74328600E-05  6.74328600E-05  6.74328600E-05  6.74328600E-05  6.74328600E-05  6.74328600E-05  6.74328600E-05  6.74328600E-05  6.74328600E-05  6.74328600E-05  6.74328600E-05  6.74328600E-05  6.74328600E-05  6.74328600E-05  6.74328600E-05  6.74328600E-05
  6.74328600E-05  6.74328600E-05  6.74328600E-05  6.74328600E-05  6.74328600E-05  6.74328600E-05  6.74328600E-05  6.74328600E-05  6.74328600E-05  6.74328600E-05  6.74328600E-05  6.74328600E-05  6.74328600E-05  6.74328600E-05  6.74328600E-05  6.74328600E-05  6.74328600E-05  6.74328600E-05  6.74328600E-05  6.74328600E-05
  6.74328600E-05  6.74328600E-05  6.74328600E-05  6.74328600E-05  6.74328600E-05  6.74328600E-05  6.74328600E-05  6.74328600E-05  6.74328600E-05  6.74328600E-05  6.74328600E-05  6.74328600E-05  6.74328600E-05  6.74328600E-05  6.74328600E-05  6.74328600E-05  6.74328600E-05  6.74328600E-05  6.74328600E-05  6.74328600E-05
  6.74328600E-05  6.74328600E-05  6.74328600E-05  6.74328600E-05  6.74328600E-05  6.74328600E-05  6.74328600E-05  6.74328600E-05  6.74328600E-05  6.74328600E-05  6.74328600E-05  6.74328600E-05  6.74328600E-05  6.74328600E-05  6.74328600E-05  6.74328600E-05  6.74328600E-05  6.74328600E-05  6.74328600E-05  6.74328600E-05
  6.74328600E-05  6.74328600E-05  6.74328600E-05  6.74328600E-05  6.74328600E-05  6.74328600E-05  6.74328600E-05  6.74328600E-05  6.74328600E-05  6.74328600E-05  6.74328600E-05  6.74328600E-05  6.74328600E-05  6.74328600E-05  6.74328600E-05  6.74328600E-05  6.74328600E-05  6.74328600E-05  6.74328600E-05  6.74328600E-05
  6.74328600E-05  6.74328600E-05  6.74328600E-05  6.74328600E-05  6.74328600E-05  6.74328600E-05  6.74328600E-05  6.74328600E-05  6.74328600E-05  6.74328600E-05  6.74328600E-05  6.74328600E-05  6.74328600E-05  6.74328600E-05  6.74328600E-05  6.74328600E-05  6.74328600E-05  6.74328600E-05  6.74328600E-05  6.74328600E-05
  6.74328600E-05  6.74328600E-05  6.74328600E-05  6.74328600E-05  6.74328600E-05  6.74328600E-05  6.74328600E-05  6.74328600E-05  6.74328600E-05  6.74328600E-05  6.74328600E-05  6.74328600E-05  6.74328600E-05  6.74328600E-05  6.74328600E-05  6.74328600E-05  6.74328600E-05  6.74328600E-05  6.74328600E-05  6.74328600E-05
  6.74328600E-05  6.74328600E-05  6.74328600E-05  6.74328600E-05  6.74328600E-05  6.74328600E-05  6.74328600E-05  6.74328600E-05  6.74328600E-05  6.74328600E-05  6.74328600E-05  6.74328600E-05  6.74328600E-05  6.74328600E-05  6.74328600E-05  6.74328600E-05  6.74328600E-05  6.74328600E-05  6.74328600E-05  6.74328600E-05
