  7.71444400E-05  7.71444400E-05  7.71444400E-05  7.71444400E-05  7.71444400E-05  7.71444400E-05  7.71444400E-05  7.71444400E-05  7.71444400E-05  7.71444400E-05  7.71444400E-05  7.71444400E-05  7.71444400E-05  7.71444400E-05  7.71444400E-05  7.71444400E-05  7.71444400E-05  7.71444400E-05  7.71444400E-05  7.71444400E-05
  7.71444400E-05  7.71444400E-05  7.71444400E-05  7.71444400E-05  7.71444400E-05  7.71444400E-05  7.71444400E-05  7.71444400E-05  7.71444400E-05  7.71444400E-05  7.71444400E-05  7.71444400E-05  7.71444400E-05  7.71444400E-05  7.71444400E-05  7.71444400E-05  7.71444400E-05  7.71444400E-05  7.71444400E-05  7.71444400E-05
  7.71444400E-05  7.71444400E-05  7.71444400E-05  7.71444400E-05  7.71444400E-05  7.71444400E-05  7.71444400E-05  7.71444400E-05  7.71444400E-05  7.71444400E-05  7.71444400E-05  7.71444400E-05  7.71444400E-05  7.71444400E-05  7.71444400E-05  7.71444400E-05  7.71444400E-05  7.71444400E-05  7.71444400E-05  7.71444400E-05
  7.71444400E-05  7.71444400E-05  7.71444400E-05  7.71444400E-05  7.71444400E-05  7.71444400E-05  7.71444400E-05  7.71444400E-05  7.71444400E-05  7.71444400E-05  7.71444400E-05  7.71444400E-05  7.71444400E-05  7.71444400E-05  7.71444400E-05  7.71444400E-05  7.71444400E-05  7.71444400E-05  7.71444400E-05  7.71444400E-05
  7.71444400E-05  7.71444400E-05  7.71444400E-05  7.71444400E-05  7.71444400E-05  7.71444400E-05  7.71444400E-05  7.71444400E-05  7.71444400E-05  7.71444400E-05  7.71444400E-05  7.71444400E-05  7.71444400E-05  7.71444400E-05  7.71444400E-05  7.71444400E-05  7.71444400E-05  7.71444400E-05  7.71444400E-05  7.71444400E-05
  7.71444400E-05  7.71444400E-05  7.71444400E-05  7.71444400E-05  7.71444400E-05  7.71444400E-05  7.71444400E-05  7.71444400E-05  7.71444400E-05  7.71444400E-05  7.71444400E-05  7.71444400E-05  7.71444400E-05  7.71444400E-05  7.71444400E-05  7.71444400E-05  7.71444400E-05  7.71444400E-05  7.71444400E-05  7.71444400E-05
  7.71444400E-05  7.71444400E-05  7.71444400E-05  7.71444400E-05  7.71444400E-05  7.71444400E-05  7.71444400E-05  7.71444400E-05  7.71444400E-05  7.71444400E-05  7.71444400E-05  7.71444400E-05  7.71444400E-05  7.71444400E-05  7.71444400E-05  7.71444400E-05  7.71444400E-05  7.71444400E-05  7.71444400E-05  7.71444400E-05
  7.71444400E-05  7.71444400E-05  7.71444400E-05  7.71444400E-05  7.71444400E-05  7.71444400E-05  7.71444400E-05  7.71444400E-05  7.71444400E-05  7.71444400E-05  7.71444400E-05  7.71444400E-05  7.71444400E-05  7.71444400E-05  7.71444400E-05  7.71444400E-05  7.71444400E-05  7.71444400E-05  7.71444400E-05  7.71444400E-05
  7.71444400E-05  7.71444400E-05  7.71444400E-05  7.71444400E-05  7.71444400E-05  7.71444400E-05  7.71444400E-05  7.71444400E-05  7.71444400E-05  7.71444400E-05  7.71444400E-05  7.71444400E-05  7.71444400E-05  7.71444400E-05  7.71444400E-05  7.71444400E-05  7.71444400E-05  7.71444400E-05  7.71444400E-05  7.71444400E-05
  7.71444400E-05  7.71444400E-05  7.71444400E-05  7.71444400E-05  7.71444400E-05  7.71444400E-05  7.71444400E-05  7.71444400E-05  7.71444400E-05  7.71444400E-05  7.71444400E-05  7.71444400E-05  7.71444400E-05  7.71444400E-05  7.71444400E-05  7.71444400E-05  7.71444400E-05  7.71444400E-05  7.71444400E-05  7.71444400E-05
  7.71444400E-05  7.71444400E-05  7.71444400E-05  7.71444400E-05  7.71444400E-05  7.71444400E-05  7.71444400E-05  7.71444400E-05  7.71444400E-05  7.71444400E-05  7.71444400E-05  7.71444400E-05  7.71444400E-05  7.71444400E-05  7.71444400E-05  7.71444400E-05  7.71444400E-05  7.71444400E-05  7.71444400E-05  7.71444400E-05
  7.71444400E-05  7.71444400E-05  7.71444400E-05  7.71444400E-05  7.71444400E-05  7.71444400E-05  7.71444400E-05  7.71444400E-05  7.71444400E-05  7.71444400E-05  7.71444400E-05  7.71444400E-05  7.71444400E-05  7.71444400E-05  7.71444400E-05  7.71444400E-05  7.71444400E-05  7.71444400E-05  7.71444400E-05  7.71444400E-05
  7.71444400E-05  7.71444400E-05  7.71444400E-05  7.71444400E-05  7.71444400E-05  7.71444400E-05  7.71444400E-05  7.71444400E-05  7.71444400E-05  7.71444400E-05  7.71444400E-05  7.71444400E-05  7.71444400E-05  7.71444400E-05  7.71444400E-05  7.71444400E-05  7.71444400E-05  7.71444400E-05  7.71444400E-05  7.71444400E-05
  7.71444400E-05  7.71444400E-05  7.71444400E-05  7.71444400E-05  7.71444400E-05  7.71444400E-05  7.71444400E-05  7.71444400E-05  7.71444400E-05  7.71444400E-05  7.71444400E-05  7.71444400E-05  7.71444400E-05  7.71444400E-05  7.71444400E-05  7.71444400E-05  7.71444400E-05  7.71444400E-05  7.71444400E-05  7.71444400E-05
  7.71444400E-05  7.71444400E-05  7.71444400E-05  7.71444400E-05  7.71444400E-05  7.71444400E-05  7.71444400E-05  7.71444400E-05  7.71444400E-05  7.71444400E-05  7.71444400E-05  7.71444400E-05  7.71444400E-05  7.71444400E-05  7.71444400E-05  7.71444400E-05  7.71444400E-05  7.71444400E-05  7.71444400E-05  7.71444400E-05
  7.71444400E-05  7.71444400E-05  7.71444400E-05  7.71444400E-05  7.71444400E-05  7.71444400E-05  7.71444400E-05  7.71444400E-05  7.71444400E-05  7.71444400E-05  7.71444400E-05  7.71444400E-05  7.71444400E-05  7.71444400E-05  7.71444400E-05  7.71444400E-05  7.71444400E-05  7.71444400E-05  7.71444400E-05  7.71444400E-05
  7.71444400E-05  7.71444400E-05  7.71444400E-05  7.71444400E-05  7.71444400E-05  7.71444400E-05  7.71444400E-05  7.71444400E-05  7.71444400E-05  7.71444400E-05  7.71444400E-05  7.71444400E-05  7.71444400E-05  7.71444400E-05  7.71444400E-05  7.71444400E-05  7.71444400E-05  7.71444400E-05  7.71444400E-05  7.71444400E-05
  7.71444400E-05  7.71444400E-05  7.71444400E-05  7.71444400E-05  7.71444400E-05  7.71444400E-05  7.71444400E-05  7.71444400E-05  7.71444400E-05  7.71444400E-05  7.71444400E-05  7.71444400E-05  7.71444400E-05  7.71444400E-05  7.71444400E-05  7.71444400E-05  7.71444400E-05  7.71444400E-05  7.71444400E-05  7.71444400E-05
  7.71444400E-05  7.71444400E-05  7.71444400E-05  7.71444400E-05  7.71444400E-05  7.71444400E-05  7.71444400E-05  7.71444400E-05  7.71444400E-05  7.71444400E-05  7.71444400E-05  7.71444400E-05  7.71444400E-05  7.71444400E-05  7.71444400E-05  7.71444400E-05  7.71444400E-05  7.71444400E-05  7.71444400E-05  7.71444400E-05
  7.71444400E-05  7.71444400E-05  7.71444400E-05  7.71444400E-05  7.71444400E-05  7.71444400E-05  7.71444400E-05  7.71444400E-05  7.71444400E-05  7.71444400E-05  7.71444400E-05  7.71444400E-05  7.71444400E-05  7.71444400E-05  7.71444400E-05  7.71444400E-05  7.71444400E-05  7.71444400E-05  7.71444400E-05  7.71444400E-05
  7.71444400E-05  7.71444400E-05  7.71444400E-05  7.71444400E-05  7.71444400E-05  7.71444400E-05  7.71444400E-05  7.71444400E-05  7.71444400E-05  7.71444400E-05  7.71444400E-05  7.71444400E-05  7.71444400E-05  7.71444400E-05  7.71444400E-05  7.71444400E-05  7.71444400E-05  7.71444400E-05  7.71444400E-05  7.71444400E-05
  7.71444400E-05  7.71444400E-05  7.71444400E-05  7.71444400E-05  7.71444400E-05  7.71444400E-05  7.71444400E-05  7.71444400E-05  7.71444400E-05  7.71444400E-05  7.71444400E-05  7.71444400E-05  7.71444400E-05  7.71444400E-05  7.71444400E-05  7.71444400E-05  7.71444400E-05  7.71444400E-05  7.71444400E-05  7.71444400E-05
  7.71444400E-05  7.71444400E-05  7.71444400E-05  7.71444400E-05  7.71444400E-05  7.71444400E-05  7.71444400E-05  7.71444400E-05  7.71444400E-05  7.71444400E-05  7.71444400E-05  7.71444400E-05  7.71444400E-05  7.71444400E-05  7.71444400E-05  7.71444400E-05  7.71444400E-05  7.71444400E-05  7.71444400E-05  7.71444400E-05
  7.71444400E-05  7.71444400E-05  7.71444400E-05  7.71444400E-05  7.71444400E-05  7.71444400E-05  7.71444400E-05  7.71444400E-05  7.71444400E-05  7.71444400E-05  7.71444400E-05  7.71444400E-05  7.71444400E-05  7.71444400E-05  7.71444400E-05  7.71444400E-05  7.71444400E-05  7.71444400E-05  7.71444400E-05  7.71444400E-05
  7.71444400E-05  7.71444400E-05  7.71444400E-05  7.71444400E-05  7.71444400E-05  7.71444400E-05  7.71444400E-05  7.71444400E-05  7.71444400E-05  7.71444400E-05  7.71444400E-05  7.71444400E-05  7.71444400E-05  7.71444400E-05  7.71444400E-05  7.71444400E-05  7.71444400E-05  7.71444400E-05  7.71444400E-05  7.71444400E-05
  7.71444400E-05  7.71444400E-05  7.71444400E-05  7.71444400E-05  7.71444400E-05  7.71444400E-05  7.71444400E-05  7.71444400E-05  7.71444400E-05  7.71444400E-05  7.71444400E-05  7.71444400E-05  7.71444400E-05  7.71444400E-05  7.71444400E-05  7.71444400E-05  7.71444400E-05  7.71444400E-05  7.71444400E-05  7.71444400E-05
  7.71444400E-05  7.71444400E-05  7.71444400E-05  7.71444400E-05  7.71444400E-05  7.71444400E-05  7.71444400E-05  7.71444400E-05  7.71444400E-05  7.71444400E-05  7.71444400E-05  7.71444400E-05  7.71444400E-05  7.71444400E-05  7.71444400E-05  7.71444400E-05  7.71444400E-05  7.71444400E-05  7.71444400E-05  7.71444400E-05
  7.71444400E-05  7.71444400E-05  7.71444400E-05  7.71444400E-05  7.71444400E-05  7.71444400E-05  7.71444400E-05  7.71444400E-05  7.71444400E-05  7.71444400E-05  7.71444400E-05  7.71444400E-05  7.71444400E-05  7.71444400E-05  7.71444400E-05  7.71444400E-05  7.71444400E-05  7.71444400E-05  7.71444400E-05  7.71444400E-05
  7.71444400E-05  7.71444400E-05  7.71444400E-05  7.71444400E-05  7.71444400E-05  7.71444400E-05  7.71444400E-05  7.71444400E-05  7.71444400E-05  7.71444400E-05  7.71444400E-05  7.71444400E-05  7.71444400E-05  7.71444400E-05  7.71444400E-05  7.71444400E-05  7.71444400E-05  7.71444400E-05  7.71444400E-05  7.71444400E-05
  7.71444400E-05  7.71444400E-05  7.71444400E-05  7.71444400E-05  7.71444400E-05  7.71444400E-05  7.71444400E-05  7.71444400E-05  7.71444400E-05  7.71444400E-05  7.71444400E-05  7.71444400E-05  7.71444400E-05  7.71444400E-05  7.71444400E-05  7.71444400E-05  7.71444400E-05  7.71444400E-05  7.71444400E-05  7.71444400E-05
  7.71444400E-05  7.71444400E-05  7.71444400E-05  7.71444400E-05  7.71444400E-05  7.71444400E-05  7.71444400E-05  7.71444400E-05  7.71444400E-05  7.71444400E-05  7.71444400E-05  7.71444400E-05  7.71444400E-05  7.71444400E-05  7.71444400E-05  7.71444400E-05  7.71444400E-05  7.71444400E-05  7.71444400E-05  7.71444400E-05
  7.71444400E-05  7.71444400E-05  7.71444400E-05  7.71444400E-05  7.71444400E-05  7.71444400E-05  7.71444400E-05  7.71444400E-05  7.71444400E-05  7.71444400E-05  7.71444400E-05  7.71444400E-05  7.71444400E-05  7.71444400E-05  7.71444400E-05  7.71444400E-05  7.71444400E-05  7.71444400E-05  7.71444400E-05  7.71444400E-05
  7.71444400E-05  7.71444400E-05  7.71444400E-05  7.71444400E-05  7.71444400E-05  7.71444400E-05  7.71444400E-05  7.71444400E-05  7.71444400E-05  7.71444400E-05  7.71444400E-05  7.71444400E-05  7.71444400E-05  7.71444400E-05  7.71444400E-05  7.71444400E-05  7.71444400E-05  7.71444400E-05  7.71444400E-05  7.71444400E-05
  7.71444400E-05  7.71444400E-05  7.71444400E-05  7.71444400E-05  7.71444400E-05  7.71444400E-05  7.71444400E-05  7.71444400E-05  7.71444400E-05  7.71444400E-05  7.71444400E-05  7.71444400E-05  7.71444400E-05  7.71444400E-05  7.71444400E-05  7.71444400E-05  7.71444400E-05  7.71444400E-05  7.71444400E-05  7.71444400E-05
  7.71444400E-05  7.71444400E-05  7.71444400E-05  7.71444400E-05  7.71444400E-05  7.71444400E-05  7.71444400E-05  7.71444400E-05  7.71444400E-05  7.71444400E-05  7.71444400E-05  7.71444400E-05  7.71444400E-05  7.71444400E-05  7.71444400E-05  7.71444400E-05  7.71444400E-05  7.71444400E-05  7.71444400E-05  7.71444400E-05
  7.71444400E-05  7.71444400E-05  7.71444400E-05  7.71444400E-05  7.71444400E-05  7.71444400E-05  7.71444400E-05  7.71444400E-05  7.71444400E-05  7.71444400E-05  7.71444400E-05  7.71444400E-05  7.71444400E-05  7.71444400E-05  7.71444400E-05  7.71444400E-05  7.71444400E-05  7.71444400E-05  7.71444400E-05  7.71444400E-05
  7.71444400E-05  7.71444400E-05  7.71444400E-05  7.71444400E-05  7.71444400E-05  7.71444400E-05  7.71444400E-05  7.71444400E-05  7.71444400E-05  7.71444400E-05  7.71444400E-05  7.71444400E-05  7.71444400E-05  7.71444400E-05  7.71444400E-05  7.71444400E-05  7.71444400E-05  7.71444400E-05  7.71444400E-05  7.71444400E-05
  7.71444400E-05  7.71444400E-05  7.71444400E-05  7.71444400E-05  7.71444400E-05  7.71444400E-05  7.71444400E-05  7.71444400E-05  7.71444400E-05  7.71444400E-05  7.71444400E-05  7.71444400E-05  7.71444400E-05  7.71444400E-05  7.71444400E-05  7.71444400E-05  7.71444400E-05  7.71444400E-05  7.71444400E-05  7.71444400E-05
  7.71444400E-05  7.71444400E-05  7.71444400E-05  7.71444400E-05  7.71444400E-05  7.71444400E-05  7.71444400E-05  7.71444400E-05  7.71444400E-05  7.71444400E-05  7.71444400E-05  7.71444400E-05  7.71444400E-05  7.71444400E-05  7.71444400E-05  7.71444400E-05  7.71444400E-05  7.71444400E-05  7.71444400E-05  7.71444400E-05
  7.71444400E-05  7.71444400E-05  7.71444400E-05  7.71444400E-05  7.71444400E-05  7.71444400E-05  7.71444400E-05  7.71444400E-05  7.71444400E-05  7.71444400E-05  7.71444400E-05  7.71444400E-05  7.71444400E-05  7.71444400E-05  7.71444400E-05  7.71444400E-05  7.71444400E-05  7.71444400E-05  7.71444400E-05  7.71444400E-05
