      39.42999000      39.36185000      39.21820000      39.00313000      38.76981000      38.50469000      38.18058000      37.90047000      37.56482000      37.22459000      36.89777000      36.57428000      36.24067000      35.87726000      35.49973000      35.07436000      35.20395000      35.27466000      35.31994000      35.34458000
      39.44443000      39.36850000      39.22586000      39.00491000      38.77932000      38.50966000      38.18526000      37.88543000      37.55670000      37.19960000      36.87387000      36.55481000      36.22233000      35.86060000      35.49466000      35.06670000      35.19479000      35.26661000      35.31226000      35.33609000
      39.46813000      39.39633000      39.24361000      39.01803000      38.79330000      38.51425000      38.17421000      37.87114000      37.52103000      37.17250000      36.83121000      36.51542000      36.18265000      35.83459000      35.48058000      35.05437000      35.17961000      35.24929000      35.29499000      35.31898000
      39.50751000      39.43538000      39.28292000      39.04948000      38.80717000      38.52350000      38.16400000      37.83628000      37.49142000      37.09840000      36.76187000      36.45204000      36.12958000      35.79815000      35.44596000      35.03893000      35.16121000      35.22481000      35.26944000      35.29204000
      39.56338000      39.48390000      39.32664000      39.09944000      38.83944000      38.51777000      38.15324000      37.82091000      37.40459000      37.01843000      36.68816000      36.38255000      36.06960000      35.74737000      35.40499000      35.01668000      35.12527000      35.18963000      35.23217000      35.25495000
      39.62326000      39.55596000      39.39389000      39.15686000      38.87612000      38.53537000      38.14988000      37.73145000      37.34058000      36.92981000      36.57922000      36.29307000      35.99348000      35.68326000      35.35608000      34.98021000      35.08194000      35.13948000      35.18577000      35.21016000
      39.69772000      39.62897000      39.48915000      39.23785000      38.93134000      38.52716000      38.12148000      37.62749000      37.20614000      36.78666000      36.46106000      36.18761000      35.90214000      35.60534000      35.29148000      34.93330000      35.02449000      35.08089000      35.12733000      35.15485000
      39.81477000      39.74480000      39.62253000      39.39333000      38.98621000      38.53388000      38.05286000      37.46291000      37.00008000      36.61267000      36.32163000      36.06572000      35.79708000      35.50778000      35.21131000      34.87312000      34.93859000      35.00603000      35.06149000      35.09599000
      39.92642000      39.87650000      39.80386000      39.73631000    -999.99000000    -999.99000000    -999.99000000      37.06529000      36.67727000      36.40545000      36.17027000      35.92890000      35.67210000      35.40163000      35.11937000      34.79202000      34.80246000      34.90738000      34.99290000      35.03661000
      40.03615000      39.99698000      39.96563000      39.92977000    -999.99000000    -999.99000000    -999.99000000    -999.99000000      36.34782000      36.19436000      36.00019000      35.78535000      35.53949000      35.27201000      35.01767000      34.69546000      34.52108000      34.80679000      34.93889000      34.99240000
      40.10714000      40.08515000      40.06404000      40.05196000    -999.99000000    -999.99000000    -999.99000000    -999.99000000      36.11131000      36.00499000      35.84868000      35.64965000      35.39499000      35.10970000      34.92821000      34.69741000      34.72319000      34.84118000      34.93093000      34.97606000
      40.13406000      40.12483000      40.11429000      40.10698000    -999.99000000    -999.99000000    -999.99000000    -999.99000000      35.94066000      35.85968000      35.72245000      35.53533000      35.25469000      34.81757000      34.84126000      34.69516000      34.79098000      34.87415000      34.93942000      34.97466000
      40.12720000      40.12018000      40.11296000      40.10709000    -999.99000000    -999.99000000    -999.99000000    -999.99000000      35.81977000      35.75308000      35.63186000      35.47086000      35.25829000      35.01576000      34.88268000      34.70922000      34.82046000      34.89462000      34.95001000      34.97897000
      40.08016000      40.07457000      40.06380000      40.05783000    -999.99000000    -999.99000000    -999.99000000    -999.99000000      35.73516000      35.67495000      35.57020000      35.43560000      35.26519000      35.08068000      34.91548000      34.71952000      34.83498000      34.90649000      34.95664000      34.98249000
      39.98793000      39.98507000      39.97467000      39.96947000    -999.99000000    -999.99000000    -999.99000000    -999.99000000      35.67095000      35.61769000      35.52401000      35.40802000      35.26064000      35.09679000      34.92638000      34.72176000      34.83983000      34.90984000      34.95759000      34.98271000
      39.86429000      39.85765000      39.84705000      39.84473000    -999.99000000    -999.99000000    -999.99000000    -999.99000000      35.62341000      35.57158000      35.48923000      35.38155000      35.24602000      35.09114000      34.92239000      34.71482000      34.83430000      34.90539000      34.95365000      34.97848000
      39.68965000      39.67404000      39.67546000      39.68109000    -999.99000000    -999.99000000    -999.99000000    -999.99000000      35.58816000      35.54140000      35.45768000      35.35385000      35.22313000      35.07158000      34.90513000      34.70167000      34.81999000      34.89436000      34.94392000      34.96913000
      39.49728000      39.48429000      39.47193000      39.47661000    -999.99000000    -999.99000000    -999.99000000    -999.99000000      35.56722000      35.51634000      35.43113000      35.32608000      35.19283000      35.03995000      34.87440000      34.67966000      34.79882000      34.87688000      34.92900000      34.95562000
      39.26674000      39.25584000      39.23733000      39.23942000    -999.99000000    -999.99000000    -999.99000000    -999.99000000      35.55543000      35.50088000      35.41029000      35.29778000      35.15676000      34.99250000      34.81920000      34.64603000      34.77121000      34.85534000      34.91104000      34.94032000
      39.00308000      38.98235000      38.96058000      38.95388000    -999.99000000    -999.99000000    -999.99000000    -999.99000000      35.56132000      35.49614000      35.39611000      35.27292000      35.11550000      34.92428000      34.71389000      34.59541000      34.73747000      34.83179000      34.89334000      34.92333000
      38.70462000      38.68631000      38.66161000      38.62685000    -999.99000000    -999.99000000    -999.99000000    -999.99000000      35.59175000      35.50619000      35.39085000      35.25373000      35.07980000      34.84561000      34.46563000      34.53370000      34.70784000      34.81128000      34.87668000      34.90760000
      38.41113000      38.36554000      38.29460000      38.24118000    -999.99000000    -999.99000000      35.94901000      35.84825000      35.66410000      35.53126000      35.38720000      35.24585000      35.07975000      34.88590000      34.67732000      34.56652000      34.70854000      34.80110000      34.86275000      34.89374000
      38.07568000      38.02618000      37.93367000      37.77850000      37.45506000    -999.99000000      36.01119000      35.87971000      35.69426000      35.53577000      35.37495000      35.23270000      35.07867000      34.91579000      34.74833000      34.58685000      34.71240000      34.79508000      34.85175000      34.88107000
      37.79094000      37.71824000      37.60658000      37.42146000      37.09782000      36.58798000      36.16841000      35.90520000      35.70561000      35.51033000      35.34047000      35.20068000      35.06219000      34.91711000      34.76661000      34.59100000      34.71042000      34.78699000      34.84100000      34.86841000
      37.50697000      37.43209000      37.30677000      37.13538000      36.82124000      36.44834000      36.14892000      35.88753000      35.66265000      35.44299000      35.26719000      35.14108000      35.02321000      34.89743000      34.75825000      34.58313000      34.70220000      34.77535000      34.82728000      34.85343000
      37.24390000      37.17450000      37.05764000      36.83794000      36.58718000      36.31246000      36.05684000      35.80311000      35.57238000      35.34510000      35.12564000      35.04930000      34.96684000      34.86260000      34.73677000      34.56794000      34.68612000      34.75869000      34.80976000      34.83553000
      36.99300000      36.93102000      36.80513000      36.62968000      36.39182000      36.15479000      35.91099000      35.68817000      35.46353000      35.21381000      34.83670000      34.93569000      34.90494000      34.82153000      34.70786000      34.54790000      34.66613000      34.73831000      34.78662000      34.81268000
      36.77795000      36.71178000      36.58514000      36.41697000      36.19367000      35.96653000      35.73385000      35.54323000      35.36657000      35.17863000      34.98884000      34.93169000      34.86886000      34.78310000      34.67562000      34.52444000      34.64090000      34.71267000      34.76075000      34.78600000
      36.57956000      36.50175000      36.38367000      36.21194000      35.98752000      35.74812000      35.48937000      35.37252000      35.25637000      35.12314000      34.99435000      34.90743000      34.82803000      34.73979000      34.63800000      34.49699000      34.61100000      34.68203000      34.73012000      34.75581000
      36.39600000      36.31820000      36.18972000      36.01350000      35.80268000      35.52117000      35.08759000      35.18842000      35.13417000      35.03893000      34.93771000      34.84914000      34.76631000      34.68266000      34.58997000      34.46468000      34.57493000      34.64643000      34.69475000      34.72027000
      36.25286000      36.16978000      36.03728000      35.87311000      35.65221000      35.44157000      35.20411000      35.11414000      35.02921000      34.93572000      34.84221000      34.75760000      34.67955000      34.60604000      34.52990000      34.42518000      34.53398000      34.60543000      34.65471000      34.68024000
      36.17081000      36.04066000      35.89279000      35.69155000      35.51811000      35.32841000      35.14410000      35.01160000      34.91057000      34.80958000      34.71471000      34.63011000      34.55908000      34.50354000      34.45274000      34.37810000      34.48540000      34.55949000      34.61011000      34.63812000
    -999.99000000      35.90463000      35.73787000      35.53455000      35.35712000      35.17630000      35.00745000      34.87202000      34.75538000      34.64966000      34.55107000      34.46355000      34.39206000      34.36852000      34.35570000      34.32166000      34.42996000      34.50801000      34.56224000      34.59267000
    -999.99000000    -999.99000000      35.56330000      35.34909000      35.15476000      34.97851000      34.81498000      34.68706000      34.56829000      34.45504000      34.35249000      34.24910000      34.15293000      34.19413000      34.23855000      34.25694000      34.36774000      34.45018000      34.51122000      34.54910000
    -999.99000000    -999.99000000    -999.99000000      35.14732000      34.90260000      34.73111000      34.59071000      34.46358000      34.33847000      34.23349000      34.12971000      33.99575000      33.75060000      33.98838000      34.10972000      34.18601000      34.29762000      34.38538000      34.45293000      34.51594000
    -999.99000000    -999.99000000    -999.99000000    -999.99000000      34.57390000      34.43424000      34.29758000      34.17041000      34.06873000      33.98272000      33.90360000      33.82983000      33.77616000      33.87508000      33.99279000      34.11198000      34.22020000      34.30978000      34.36960000    -999.99000000
    -999.99000000    -999.99000000    -999.99000000    -999.99000000      34.35934000      34.09631000      33.94988000      33.82898000      33.75453000      33.69426000      33.64426000      33.61447000      33.62391000      33.71074000      33.84704000      34.02598000      34.13448000      34.23598000      34.31728000    -999.99000000
    -999.99000000    -999.99000000    -999.99000000    -999.99000000    -999.99000000      33.57681000      33.50724000      33.44593000      33.40370000      33.36346000      33.33810000      33.33397000      33.36499000      33.45819000      33.63553000      33.92045000      34.03697000      34.15077000    -999.99000000    -999.99000000
    -999.99000000    -999.99000000    -999.99000000    -999.99000000    -999.99000000      33.07143000      33.05855000      33.02934000      33.00418000      32.98454000      32.97380000      32.97998000      33.01069000      33.09264000      33.29174000      33.80747000      33.92665000    -999.99000000    -999.99000000    -999.99000000
    -999.99000000    -999.99000000    -999.99000000    -999.99000000    -999.99000000      32.52221000      32.52128000      32.52212000      32.52125000      32.52111000      32.52133000      32.52155000      32.52309000      32.52704000      32.53410000    -999.99000000    -999.99000000    -999.99000000    -999.99000000    -999.99000000
