      39.42851000      39.36053000      39.21686000      39.00139000      38.76796000      38.50306000      38.17786000      37.89872000      37.56259000      37.22223000      36.89541000      36.57198000      36.23857000      35.87502000      35.49771000      35.10670000      35.20208000      35.27232000      35.31750000      35.34235000
      39.44313000      39.36700000      39.22453000      39.00288000      38.77754000      38.50801000      38.18301000      37.88337000      37.55488000      37.19690000      36.87136000      36.55248000      36.22022000      35.85813000      35.49275000      35.10160000      35.19283000      35.26438000      35.30993000      35.33381000
      39.46669000      39.39503000      39.24219000      39.01588000      38.79163000      38.51263000      38.17165000      37.86940000      37.51863000      37.17043000      36.82870000      36.51323000      36.18036000      35.83212000      35.47891000      35.08659000      35.17755000      35.24694000      35.29263000      35.31676000
      39.50610000      39.43409000      39.28168000      39.04752000      38.80529000      38.52215000      38.16166000      37.83394000      37.48998000      37.09559000      36.75896000      36.44945000      36.12693000      35.79570000      35.44385000      35.07549000      35.15944000      35.22245000      35.26719000      35.28979000
      39.56211000      39.48248000      39.32512000      39.09768000      38.83786000      38.51590000      38.15063000      37.81987000      37.40201000      37.01546000      36.68552000      36.38004000      36.06704000      35.74491000      35.40277000      35.05224000      35.12310000      35.18740000      35.22979000      35.25262000
      39.62172000      39.55474000      39.39236000      39.15500000      38.87437000      38.53386000      38.14831000      37.72932000      37.33914000      36.92757000      36.57608000      36.29060000      35.99095000      35.68078000      35.35398000      35.01392000      35.07977000      35.13691000      35.18350000      35.20793000
      39.69603000      39.62712000      39.48767000      39.23557000      38.92996000      38.52495000      38.12030000      37.62538000      37.20457000      36.78391000      36.45812000      36.18513000      35.89961000      35.60294000      35.28936000      34.96400000      35.02242000      35.07835000      35.12490000      35.15255000
      39.81354000      39.74307000      39.62090000      39.39125000      38.98489000      38.53217000      38.05117000      37.46163000      36.99840000      36.60992000      36.31875000      36.06322000      35.79474000      35.50517000      35.20909000      34.90060000      34.93627000      35.00367000      35.05898000      35.09377000
      39.92502000      39.87469000      39.80187000      39.73490000    -999.99000000    -999.99000000    -999.99000000      37.06318000      36.67419000      36.40261000      36.16782000      35.92636000      35.66954000      35.39920000      35.11718000      34.81464000      34.80005000      34.90472000      34.99041000      35.03426000
      40.03493000      39.99511000      39.96414000      39.92802000    -999.99000000    -999.99000000    -999.99000000    -999.99000000      36.34599000      36.19200000      35.99748000      35.78278000      35.53703000      35.26941000      35.01547000      34.71248000      34.51160000      34.80404000      34.93644000      34.98987000
      40.10575000      40.08350000      40.06224000      40.05040000    -999.99000000    -999.99000000    -999.99000000    -999.99000000      36.10936000      36.00248000      35.84610000      35.64722000      35.39248000      35.10715000      34.92584000      34.71548000      34.72071000      34.83861000      34.92841000      34.97361000
      40.13223000      40.12310000      40.11264000      40.10532000    -999.99000000    -999.99000000    -999.99000000    -999.99000000      35.93861000      35.85724000      35.71981000      35.53302000      35.25204000      34.80729000      34.83882000      34.71375000      34.78867000      34.87161000      34.93687000      34.97218000
      40.12552000      40.11833000      40.11126000      40.10530000    -999.99000000    -999.99000000    -999.99000000    -999.99000000      35.81764000      35.75073000      35.62913000      35.46823000      35.25568000      35.01312000      34.88024000      34.73027000      34.81816000      34.89205000      34.94757000      34.97651000
      40.07855000      40.07286000      40.06190000      40.05583000    -999.99000000    -999.99000000    -999.99000000    -999.99000000      35.73314000      35.67258000      35.56749000      35.43301000      35.26255000      35.07810000      34.91311000      34.74224000      34.83273000      34.90398000      34.95415000      34.97997000
      39.98608000      39.98335000      39.97268000      39.96738000    -999.99000000    -999.99000000    -999.99000000    -999.99000000      35.66890000      35.61543000      35.52124000      35.40545000      35.25803000      35.09420000      34.92395000      34.74543000      34.83766000      34.90730000      34.95501000      34.98024000
      39.86268000      39.85609000      39.84507000      39.84267000    -999.99000000    -999.99000000    -999.99000000    -999.99000000      35.62143000      35.56902000      35.48657000      35.37897000      35.24343000      35.08854000      34.92001000      34.73904000      34.83211000      34.90286000      34.95115000      34.97603000
      39.68783000      39.67167000      39.67335000      39.67916000    -999.99000000    -999.99000000    -999.99000000    -999.99000000      35.58601000      35.53913000      35.45497000      35.35123000      35.22052000      35.06896000      34.90269000      34.72580000      34.81767000      34.89189000      34.94143000      34.96664000
      39.49559000      39.48228000      39.46958000      39.47462000    -999.99000000    -999.99000000    -999.99000000    -999.99000000      35.56530000      35.51403000      35.42840000      35.32349000      35.19018000      35.03734000      34.87199000      34.70297000      34.79639000      34.87435000      34.92645000      34.95307000
      39.26500000      39.25401000      39.23497000      39.23757000    -999.99000000    -999.99000000    -999.99000000    -999.99000000      35.55341000      35.49856000      35.40760000      35.29513000      35.15415000      34.98991000      34.81669000      34.66770000      34.76875000      34.85279000      34.90842000      34.93789000
      39.00145000      38.98027000      38.95798000      38.95190000    -999.99000000    -999.99000000    -999.99000000    -999.99000000      35.55936000      35.49372000      35.39337000      35.27032000      35.11290000      34.92162000      34.71130000      34.61439000      34.73496000      34.82925000      34.89084000      34.92081000
      38.70262000      38.68426000      38.65976000      38.62473000    -999.99000000    -999.99000000    -999.99000000    -999.99000000      35.58972000      35.50364000      35.38820000      35.25110000      35.07714000      34.84280000      34.45606000      34.54904000      34.70528000      34.80871000      34.87423000      34.90506000
      38.40970000      38.36362000      38.29182000      38.23898000    -999.99000000    -999.99000000      35.94703000      35.84647000      35.66151000      35.52897000      35.38439000      35.24327000      35.07718000      34.88317000      34.67463000      34.58501000      34.70603000      34.79844000      34.86018000      34.89124000
      38.07357000      38.02397000      37.93132000      37.77658000      37.45294000    -999.99000000      36.00920000      35.87797000      35.69167000      35.53349000      35.37214000      35.23014000      35.07602000      34.91321000      34.74578000      34.60782000      34.70992000      34.79243000      34.84912000      34.87856000
      37.78938000      37.71605000      37.60447000      37.41963000      37.09632000      36.58614000      36.16633000      35.90244000      35.70352000      35.50787000      35.33771000      35.19806000      35.05960000      34.91442000      34.76413000      34.61293000      34.70794000      34.78432000      34.83847000      34.86591000
      37.50533000      37.42993000      37.30418000      37.13425000      36.81918000      36.44519000      36.14664000      35.88520000      35.66048000      35.44006000      35.26445000      35.13837000      35.02052000      34.89471000      34.75569000      34.60588000      34.69982000      34.77268000      34.82475000      34.85089000
      37.24231000      37.17250000      37.05607000      36.83511000      36.58459000      36.30983000      36.05471000      35.80051000      35.56980000      35.34256000      35.12275000      35.04665000      34.96415000      34.85987000      34.73424000      34.59074000      34.68364000      34.75602000      34.80729000      34.83304000
      36.99115000      36.92908000      36.80298000      36.62787000      36.38935000      36.15255000      35.90844000      35.68578000      35.46088000      35.21134000      34.82599000      34.93291000      34.90222000      34.81880000      34.70531000      34.56996000      34.66369000      34.73567000      34.78394000      34.81018000
      36.77625000      36.71000000      36.58301000      36.41505000      36.19132000      35.96432000      35.73148000      35.54062000      35.36402000      35.17601000      34.98605000      34.92897000      34.86615000      34.78033000      34.67305000      34.54570000      34.63842000      34.71000000      34.75809000      34.78344000
      36.57801000      36.49966000      36.38176000      36.21004000      35.98500000      35.74583000      35.48690000      35.36985000      35.25386000      35.12053000      34.99159000      34.90468000      34.82534000      34.73703000      34.63544000      34.51686000      34.60851000      34.67934000      34.72746000      34.75332000
      36.39425000      36.31604000      36.18739000      36.01076000      35.80045000      35.51861000      35.07721000      35.18619000      35.13161000      35.03632000      34.93502000      34.84641000      34.76353000      34.67989000      34.58733000      34.48318000      34.57232000      34.64375000      34.69209000      34.71775000
      36.25085000      36.16771000      36.03504000      35.87155000      35.64939000      35.43956000      35.20187000      35.11174000      35.02665000      34.93302000      34.83940000      34.75485000      34.67679000      34.60326000      34.52728000      34.44168000      34.53138000      34.60271000      34.65204000      34.67762000
      36.16904000      36.03857000      35.89100000      35.68854000      35.51589000      35.32615000      35.14175000      35.00888000      34.90808000      34.80689000      34.71190000      34.62726000      34.55631000      34.50072000      34.45008000      34.39192000      34.48271000      34.55677000      34.60738000      34.63557000
    -999.99000000      35.90252000      35.73605000      35.53204000      35.35498000      35.17407000      35.00505000      34.86940000      34.75261000      34.64689000      34.54816000      34.46069000      34.38911000      34.36567000      34.35299000      34.33227000      34.42721000      34.50530000      34.55950000      34.59004000
    -999.99000000    -999.99000000      35.56138000      35.34655000      35.15250000      34.97628000      34.81201000      34.68434000      34.56562000      34.45205000      34.34948000      34.24612000      34.14982000      34.19118000      34.23577000      34.26357000      34.36499000      34.44744000      34.50853000      34.54640000
    -999.99000000    -999.99000000    -999.99000000      35.14520000      34.89989000      34.72834000      34.58824000      34.46122000      34.33558000      34.23053000      34.12671000      33.99256000      33.74266000      33.98526000      34.10684000      34.18819000      34.29482000      34.38268000      34.45023000      34.51329000
    -999.99000000    -999.99000000    -999.99000000    -999.99000000      34.57104000      34.43148000      34.29490000      34.16755000      34.06580000      33.97970000      33.90052000      33.82681000      33.77318000      33.87212000      33.98981000      34.10950000      34.21733000      34.30700000      34.36686000    -999.99000000
    -999.99000000    -999.99000000    -999.99000000    -999.99000000      34.35688000      34.09350000      33.94723000      33.82569000      33.75137000      33.69114000      33.64106000      33.61130000      33.62086000      33.70774000      33.84389000      34.01786000      34.13150000      34.23322000      34.31454000    -999.99000000
    -999.99000000    -999.99000000    -999.99000000    -999.99000000    -999.99000000      33.57359000      33.50386000      33.44250000      33.40054000      33.36019000      33.33482000      33.33072000      33.36175000      33.45488000      33.63211000      33.90513000      34.03394000      34.14798000    -999.99000000    -999.99000000
    -999.99000000    -999.99000000    -999.99000000    -999.99000000    -999.99000000      33.06803000      33.05545000      33.02597000      33.00086000      32.98116000      32.97033000      32.97659000      33.00730000      33.08913000      33.28767000      33.78463000      33.92356000    -999.99000000    -999.99000000    -999.99000000
    -999.99000000    -999.99000000    -999.99000000    -999.99000000    -999.99000000      32.55827000      32.55804000      32.56250000      32.55993000      32.56067000      32.56221000      32.56317000      32.56735000      32.57897000      32.59981000    -999.99000000    -999.99000000    -999.99000000    -999.99000000    -999.99000000
