  7.54877300E-05  7.54877300E-05  7.54877300E-05  7.54877300E-05  7.54877300E-05  7.54877300E-05  7.54877300E-05  7.54877300E-05  7.54877300E-05  7.54877300E-05  7.54877300E-05  7.54877300E-05  7.54877300E-05  7.54877300E-05  7.54877300E-05  7.54877300E-05  7.54877300E-05  7.54877300E-05  7.54877300E-05  7.54877300E-05
  7.54877300E-05  7.54877300E-05  7.54877300E-05  7.54877300E-05  7.54877300E-05  7.54877300E-05  7.54877300E-05  7.54877300E-05  7.54877300E-05  7.54877300E-05  7.54877300E-05  7.54877300E-05  7.54877300E-05  7.54877300E-05  7.54877300E-05  7.54877300E-05  7.54877300E-05  7.54877300E-05  7.54877300E-05  7.54877300E-05
  7.54877300E-05  7.54877300E-05  7.54877300E-05  7.54877300E-05  7.54877300E-05  7.54877300E-05  7.54877300E-05  7.54877300E-05  7.54877300E-05  7.54877300E-05  7.54877300E-05  7.54877300E-05  7.54877300E-05  7.54877300E-05  7.54877300E-05  7.54877300E-05  7.54877300E-05  7.54877300E-05  7.54877300E-05  7.54877300E-05
  7.54877300E-05  7.54877300E-05  7.54877300E-05  7.54877300E-05  7.54877300E-05  7.54877300E-05  7.54877300E-05  7.54877300E-05  7.54877300E-05  7.54877300E-05  7.54877300E-05  7.54877300E-05  7.54877300E-05  7.54877300E-05  7.54877300E-05  7.54877300E-05  7.54877300E-05  7.54877300E-05  7.54877300E-05  7.54877300E-05
  7.54877300E-05  7.54877300E-05  7.54877300E-05  7.54877300E-05  7.54877300E-05  7.54877300E-05  7.54877300E-05  7.54877300E-05  7.54877300E-05  7.54877300E-05  7.54877300E-05  7.54877300E-05  7.54877300E-05  7.54877300E-05  7.54877300E-05  7.54877300E-05  7.54877300E-05  7.54877300E-05  7.54877300E-05  7.54877300E-05
  7.54877300E-05  7.54877300E-05  7.54877300E-05  7.54877300E-05  7.54877300E-05  7.54877300E-05  7.54877300E-05  7.54877300E-05  7.54877300E-05  7.54877300E-05  7.54877300E-05  7.54877300E-05  7.54877300E-05  7.54877300E-05  7.54877300E-05  7.54877300E-05  7.54877300E-05  7.54877300E-05  7.54877300E-05  7.54877300E-05
  7.54877300E-05  7.54877300E-05  7.54877300E-05  7.54877300E-05  7.54877300E-05  7.54877300E-05  7.54877300E-05  7.54877300E-05  7.54877300E-05  7.54877300E-05  7.54877300E-05  7.54877300E-05  7.54877300E-05  7.54877300E-05  7.54877300E-05  7.54877300E-05  7.54877300E-05  7.54877300E-05  7.54877300E-05  7.54877300E-05
  7.54877300E-05  7.54877300E-05  7.54877300E-05  7.54877300E-05  7.54877300E-05  7.54877300E-05  7.54877300E-05  7.54877300E-05  7.54877300E-05  7.54877300E-05  7.54877300E-05  7.54877300E-05  7.54877300E-05  7.54877300E-05  7.54877300E-05  7.54877300E-05  7.54877300E-05  7.54877300E-05  7.54877300E-05  7.54877300E-05
  7.54877300E-05  7.54877300E-05  7.54877300E-05  7.54877300E-05  7.54877300E-05  7.54877300E-05  7.54877300E-05  7.54877300E-05  7.54877300E-05  7.54877300E-05  7.54877300E-05  7.54877300E-05  7.54877300E-05  7.54877300E-05  7.54877300E-05  7.54877300E-05  7.54877300E-05  7.54877300E-05  7.54877300E-05  7.54877300E-05
  7.54877300E-05  7.54877300E-05  7.54877300E-05  7.54877300E-05  7.54877300E-05  7.54877300E-05  7.54877300E-05  7.54877300E-05  7.54877300E-05  7.54877300E-05  7.54877300E-05  7.54877300E-05  7.54877300E-05  7.54877300E-05  7.54877300E-05  7.54877300E-05  7.54877300E-05  7.54877300E-05  7.54877300E-05  7.54877300E-05
  7.54877300E-05  7.54877300E-05  7.54877300E-05  7.54877300E-05  7.54877300E-05  7.54877300E-05  7.54877300E-05  7.54877300E-05  7.54877300E-05  7.54877300E-05  7.54877300E-05  7.54877300E-05  7.54877300E-05  7.54877300E-05  7.54877300E-05  7.54877300E-05  7.54877300E-05  7.54877300E-05  7.54877300E-05  7.54877300E-05
  7.54877300E-05  7.54877300E-05  7.54877300E-05  7.54877300E-05  7.54877300E-05  7.54877300E-05  7.54877300E-05  7.54877300E-05  7.54877300E-05  7.54877300E-05  7.54877300E-05  7.54877300E-05  7.54877300E-05  7.54877300E-05  7.54877300E-05  7.54877300E-05  7.54877300E-05  7.54877300E-05  7.54877300E-05  7.54877300E-05
  7.54877300E-05  7.54877300E-05  7.54877300E-05  7.54877300E-05  7.54877300E-05  7.54877300E-05  7.54877300E-05  7.54877300E-05  7.54877300E-05  7.54877300E-05  7.54877300E-05  7.54877300E-05  7.54877300E-05  7.54877300E-05  7.54877300E-05  7.54877300E-05  7.54877300E-05  7.54877300E-05  7.54877300E-05  7.54877300E-05
  7.54877300E-05  7.54877300E-05  7.54877300E-05  7.54877300E-05  7.54877300E-05  7.54877300E-05  7.54877300E-05  7.54877300E-05  7.54877300E-05  7.54877300E-05  7.54877300E-05  7.54877300E-05  7.54877300E-05  7.54877300E-05  7.54877300E-05  7.54877300E-05  7.54877300E-05  7.54877300E-05  7.54877300E-05  7.54877300E-05
  7.54877300E-05  7.54877300E-05  7.54877300E-05  7.54877300E-05  7.54877300E-05  7.54877300E-05  7.54877300E-05  7.54877300E-05  7.54877300E-05  7.54877300E-05  7.54877300E-05  7.54877300E-05  7.54877300E-05  7.54877300E-05  7.54877300E-05  7.54877300E-05  7.54877300E-05  7.54877300E-05  7.54877300E-05  7.54877300E-05
  7.54877300E-05  7.54877300E-05  7.54877300E-05  7.54877300E-05  7.54877300E-05  7.54877300E-05  7.54877300E-05  7.54877300E-05  7.54877300E-05  7.54877300E-05  7.54877300E-05  7.54877300E-05  7.54877300E-05  7.54877300E-05  7.54877300E-05  7.54877300E-05  7.54877300E-05  7.54877300E-05  7.54877300E-05  7.54877300E-05
  7.54877300E-05  7.54877300E-05  7.54877300E-05  7.54877300E-05  7.54877300E-05  7.54877300E-05  7.54877300E-05  7.54877300E-05  7.54877300E-05  7.54877300E-05  7.54877300E-05  7.54877300E-05  7.54877300E-05  7.54877300E-05  7.54877300E-05  7.54877300E-05  7.54877300E-05  7.54877300E-05  7.54877300E-05  7.54877300E-05
  7.54877300E-05  7.54877300E-05  7.54877300E-05  7.54877300E-05  7.54877300E-05  7.54877300E-05  7.54877300E-05  7.54877300E-05  7.54877300E-05  7.54877300E-05  7.54877300E-05  7.54877300E-05  7.54877300E-05  7.54877300E-05  7.54877300E-05  7.54877300E-05  7.54877300E-05  7.54877300E-05  7.54877300E-05  7.54877300E-05
  7.54877300E-05  7.54877300E-05  7.54877300E-05  7.54877300E-05  7.54877300E-05  7.54877300E-05  7.54877300E-05  7.54877300E-05  7.54877300E-05  7.54877300E-05  7.54877300E-05  7.54877300E-05  7.54877300E-05  7.54877300E-05  7.54877300E-05  7.54877300E-05  7.54877300E-05  7.54877300E-05  7.54877300E-05  7.54877300E-05
  7.54877300E-05  7.54877300E-05  7.54877300E-05  7.54877300E-05  7.54877300E-05  7.54877300E-05  7.54877300E-05  7.54877300E-05  7.54877300E-05  7.54877300E-05  7.54877300E-05  7.54877300E-05  7.54877300E-05  7.54877300E-05  7.54877300E-05  7.54877300E-05  7.54877300E-05  7.54877300E-05  7.54877300E-05  7.54877300E-05
  7.54877300E-05  7.54877300E-05  7.54877300E-05  7.54877300E-05  7.54877300E-05  7.54877300E-05  7.54877300E-05  7.54877300E-05  7.54877300E-05  7.54877300E-05  7.54877300E-05  7.54877300E-05  7.54877300E-05  7.54877300E-05  7.54877300E-05  7.54877300E-05  7.54877300E-05  7.54877300E-05  7.54877300E-05  7.54877300E-05
  7.54877300E-05  7.54877300E-05  7.54877300E-05  7.54877300E-05  7.54877300E-05  7.54877300E-05  7.54877300E-05  7.54877300E-05  7.54877300E-05  7.54877300E-05  7.54877300E-05  7.54877300E-05  7.54877300E-05  7.54877300E-05  7.54877300E-05  7.54877300E-05  7.54877300E-05  7.54877300E-05  7.54877300E-05  7.54877300E-05
  7.54877300E-05  7.54877300E-05  7.54877300E-05  7.54877300E-05  7.54877300E-05  7.54877300E-05  7.54877300E-05  7.54877300E-05  7.54877300E-05  7.54877300E-05  7.54877300E-05  7.54877300E-05  7.54877300E-05  7.54877300E-05  7.54877300E-05  7.54877300E-05  7.54877300E-05  7.54877300E-05  7.54877300E-05  7.54877300E-05
  7.54877300E-05  7.54877300E-05  7.54877300E-05  7.54877300E-05  7.54877300E-05  7.54877300E-05  7.54877300E-05  7.54877300E-05  7.54877300E-05  7.54877300E-05  7.54877300E-05  7.54877300E-05  7.54877300E-05  7.54877300E-05  7.54877300E-05  7.54877300E-05  7.54877300E-05  7.54877300E-05  7.54877300E-05  7.54877300E-05
  7.54877300E-05  7.54877300E-05  7.54877300E-05  7.54877300E-05  7.54877300E-05  7.54877300E-05  7.54877300E-05  7.54877300E-05  7.54877300E-05  7.54877300E-05  7.54877300E-05  7.54877300E-05  7.54877300E-05  7.54877300E-05  7.54877300E-05  7.54877300E-05  7.54877300E-05  7.54877300E-05  7.54877300E-05  7.54877300E-05
  7.54877300E-05  7.54877300E-05  7.54877300E-05  7.54877300E-05  7.54877300E-05  7.54877300E-05  7.54877300E-05  7.54877300E-05  7.54877300E-05  7.54877300E-05  7.54877300E-05  7.54877300E-05  7.54877300E-05  7.54877300E-05  7.54877300E-05  7.54877300E-05  7.54877300E-05  7.54877300E-05  7.54877300E-05  7.54877300E-05
  7.54877300E-05  7.54877300E-05  7.54877300E-05  7.54877300E-05  7.54877300E-05  7.54877300E-05  7.54877300E-05  7.54877300E-05  7.54877300E-05  7.54877300E-05  7.54877300E-05  7.54877300E-05  7.54877300E-05  7.54877300E-05  7.54877300E-05  7.54877300E-05  7.54877300E-05  7.54877300E-05  7.54877300E-05  7.54877300E-05
  7.54877300E-05  7.54877300E-05  7.54877300E-05  7.54877300E-05  7.54877300E-05  7.54877300E-05  7.54877300E-05  7.54877300E-05  7.54877300E-05  7.54877300E-05  7.54877300E-05  7.54877300E-05  7.54877300E-05  7.54877300E-05  7.54877300E-05  7.54877300E-05  7.54877300E-05  7.54877300E-05  7.54877300E-05  7.54877300E-05
  7.54877300E-05  7.54877300E-05  7.54877300E-05  7.54877300E-05  7.54877300E-05  7.54877300E-05  7.54877300E-05  7.54877300E-05  7.54877300E-05  7.54877300E-05  7.54877300E-05  7.54877300E-05  7.54877300E-05  7.54877300E-05  7.54877300E-05  7.54877300E-05  7.54877300E-05  7.54877300E-05  7.54877300E-05  7.54877300E-05
  7.54877300E-05  7.54877300E-05  7.54877300E-05  7.54877300E-05  7.54877300E-05  7.54877300E-05  7.54877300E-05  7.54877300E-05  7.54877300E-05  7.54877300E-05  7.54877300E-05  7.54877300E-05  7.54877300E-05  7.54877300E-05  7.54877300E-05  7.54877300E-05  7.54877300E-05  7.54877300E-05  7.54877300E-05  7.54877300E-05
  7.54877300E-05  7.54877300E-05  7.54877300E-05  7.54877300E-05  7.54877300E-05  7.54877300E-05  7.54877300E-05  7.54877300E-05  7.54877300E-05  7.54877300E-05  7.54877300E-05  7.54877300E-05  7.54877300E-05  7.54877300E-05  7.54877300E-05  7.54877300E-05  7.54877300E-05  7.54877300E-05  7.54877300E-05  7.54877300E-05
  7.54877300E-05  7.54877300E-05  7.54877300E-05  7.54877300E-05  7.54877300E-05  7.54877300E-05  7.54877300E-05  7.54877300E-05  7.54877300E-05  7.54877300E-05  7.54877300E-05  7.54877300E-05  7.54877300E-05  7.54877300E-05  7.54877300E-05  7.54877300E-05  7.54877300E-05  7.54877300E-05  7.54877300E-05  7.54877300E-05
  7.54877300E-05  7.54877300E-05  7.54877300E-05  7.54877300E-05  7.54877300E-05  7.54877300E-05  7.54877300E-05  7.54877300E-05  7.54877300E-05  7.54877300E-05  7.54877300E-05  7.54877300E-05  7.54877300E-05  7.54877300E-05  7.54877300E-05  7.54877300E-05  7.54877300E-05  7.54877300E-05  7.54877300E-05  7.54877300E-05
  7.54877300E-05  7.54877300E-05  7.54877300E-05  7.54877300E-05  7.54877300E-05  7.54877300E-05  7.54877300E-05  7.54877300E-05  7.54877300E-05  7.54877300E-05  7.54877300E-05  7.54877300E-05  7.54877300E-05  7.54877300E-05  7.54877300E-05  7.54877300E-05  7.54877300E-05  7.54877300E-05  7.54877300E-05  7.54877300E-05
  7.54877300E-05  7.54877300E-05  7.54877300E-05  7.54877300E-05  7.54877300E-05  7.54877300E-05  7.54877300E-05  7.54877300E-05  7.54877300E-05  7.54877300E-05  7.54877300E-05  7.54877300E-05  7.54877300E-05  7.54877300E-05  7.54877300E-05  7.54877300E-05  7.54877300E-05  7.54877300E-05  7.54877300E-05  7.54877300E-05
  7.54877300E-05  7.54877300E-05  7.54877300E-05  7.54877300E-05  7.54877300E-05  7.54877300E-05  7.54877300E-05  7.54877300E-05  7.54877300E-05  7.54877300E-05  7.54877300E-05  7.54877300E-05  7.54877300E-05  7.54877300E-05  7.54877300E-05  7.54877300E-05  7.54877300E-05  7.54877300E-05  7.54877300E-05  7.54877300E-05
  7.54877300E-05  7.54877300E-05  7.54877300E-05  7.54877300E-05  7.54877300E-05  7.54877300E-05  7.54877300E-05  7.54877300E-05  7.54877300E-05  7.54877300E-05  7.54877300E-05  7.54877300E-05  7.54877300E-05  7.54877300E-05  7.54877300E-05  7.54877300E-05  7.54877300E-05  7.54877300E-05  7.54877300E-05  7.54877300E-05
  7.54877300E-05  7.54877300E-05  7.54877300E-05  7.54877300E-05  7.54877300E-05  7.54877300E-05  7.54877300E-05  7.54877300E-05  7.54877300E-05  7.54877300E-05  7.54877300E-05  7.54877300E-05  7.54877300E-05  7.54877300E-05  7.54877300E-05  7.54877300E-05  7.54877300E-05  7.54877300E-05  7.54877300E-05  7.54877300E-05
  7.54877300E-05  7.54877300E-05  7.54877300E-05  7.54877300E-05  7.54877300E-05  7.54877300E-05  7.54877300E-05  7.54877300E-05  7.54877300E-05  7.54877300E-05  7.54877300E-05  7.54877300E-05  7.54877300E-05  7.54877300E-05  7.54877300E-05  7.54877300E-05  7.54877300E-05  7.54877300E-05  7.54877300E-05  7.54877300E-05
  7.54877300E-05  7.54877300E-05  7.54877300E-05  7.54877300E-05  7.54877300E-05  7.54877300E-05  7.54877300E-05  7.54877300E-05  7.54877300E-05  7.54877300E-05  7.54877300E-05  7.54877300E-05  7.54877300E-05  7.54877300E-05  7.54877300E-05  7.54877300E-05  7.54877300E-05  7.54877300E-05  7.54877300E-05  7.54877300E-05
