  2.08031500E-05  2.08031500E-05  2.08031500E-05  2.08031500E-05  2.08031500E-05  2.08031500E-05  2.08031500E-05  2.08031500E-05  2.08031500E-05  2.08031500E-05  2.08031500E-05  2.08031500E-05  2.08031500E-05  2.08031500E-05  2.08031500E-05  2.08031500E-05  2.08031500E-05  2.08031500E-05  2.08031500E-05  2.08031500E-05
  2.08031500E-05  2.08031500E-05  2.08031500E-05  2.08031500E-05  2.08031500E-05  2.08031500E-05  2.08031500E-05  2.08031500E-05  2.08031500E-05  2.08031500E-05  2.08031500E-05  2.08031500E-05  2.08031500E-05  2.08031500E-05  2.08031500E-05  2.08031500E-05  2.08031500E-05  2.08031500E-05  2.08031500E-05  2.08031500E-05
  2.08031500E-05  2.08031500E-05  2.08031500E-05  2.08031500E-05  2.08031500E-05  2.08031500E-05  2.08031500E-05  2.08031500E-05  2.08031500E-05  2.08031500E-05  2.08031500E-05  2.08031500E-05  2.08031500E-05  2.08031500E-05  2.08031500E-05  2.08031500E-05  2.08031500E-05  2.08031500E-05  2.08031500E-05  2.08031500E-05
  2.08031500E-05  2.08031500E-05  2.08031500E-05  2.08031500E-05  2.08031500E-05  2.08031500E-05  2.08031500E-05  2.08031500E-05  2.08031500E-05  2.08031500E-05  2.08031500E-05  2.08031500E-05  2.08031500E-05  2.08031500E-05  2.08031500E-05  2.08031500E-05  2.08031500E-05  2.08031500E-05  2.08031500E-05  2.08031500E-05
  2.08031500E-05  2.08031500E-05  2.08031500E-05  2.08031500E-05  2.08031500E-05  2.08031500E-05  2.08031500E-05  2.08031500E-05  2.08031500E-05  2.08031500E-05  2.08031500E-05  2.08031500E-05  2.08031500E-05  2.08031500E-05  2.08031500E-05  2.08031500E-05  2.08031500E-05  2.08031500E-05  2.08031500E-05  2.08031500E-05
  2.08031500E-05  2.08031500E-05  2.08031500E-05  2.08031500E-05  2.08031500E-05  2.08031500E-05  2.08031500E-05  2.08031500E-05  2.08031500E-05  2.08031500E-05  2.08031500E-05  2.08031500E-05  2.08031500E-05  2.08031500E-05  2.08031500E-05  2.08031500E-05  2.08031500E-05  2.08031500E-05  2.08031500E-05  2.08031500E-05
  2.08031500E-05  2.08031500E-05  2.08031500E-05  2.08031500E-05  2.08031500E-05  2.08031500E-05  2.08031500E-05  2.08031500E-05  2.08031500E-05  2.08031500E-05  2.08031500E-05  2.08031500E-05  2.08031500E-05  2.08031500E-05  2.08031500E-05  2.08031500E-05  2.08031500E-05  2.08031500E-05  2.08031500E-05  2.08031500E-05
  2.08031500E-05  2.08031500E-05  2.08031500E-05  2.08031500E-05  2.08031500E-05  2.08031500E-05  2.08031500E-05  2.08031500E-05  2.08031500E-05  2.08031500E-05  2.08031500E-05  2.08031500E-05  2.08031500E-05  2.08031500E-05  2.08031500E-05  2.08031500E-05  2.08031500E-05  2.08031500E-05  2.08031500E-05  2.08031500E-05
  2.08031500E-05  2.08031500E-05  2.08031500E-05  2.08031500E-05  2.08031500E-05  2.08031500E-05  2.08031500E-05  2.08031500E-05  2.08031500E-05  2.08031500E-05  2.08031500E-05  2.08031500E-05  2.08031500E-05  2.08031500E-05  2.08031500E-05  2.08031500E-05  2.08031500E-05  2.08031500E-05  2.08031500E-05  2.08031500E-05
  2.08031500E-05  2.08031500E-05  2.08031500E-05  2.08031500E-05  2.08031500E-05  2.08031500E-05  2.08031500E-05  2.08031500E-05  2.08031500E-05  2.08031500E-05  2.08031500E-05  2.08031500E-05  2.08031500E-05  2.08031500E-05  2.08031500E-05  2.08031500E-05  2.08031500E-05  2.08031500E-05  2.08031500E-05  2.08031500E-05
  2.08031500E-05  2.08031500E-05  2.08031500E-05  2.08031500E-05  2.08031500E-05  2.08031500E-05  2.08031500E-05  2.08031500E-05  2.08031500E-05  2.08031500E-05  2.08031500E-05  2.08031500E-05  2.08031500E-05  2.08031500E-05  2.08031500E-05  2.08031500E-05  2.08031500E-05  2.08031500E-05  2.08031500E-05  2.08031500E-05
  2.08031500E-05  2.08031500E-05  2.08031500E-05  2.08031500E-05  2.08031500E-05  2.08031500E-05  2.08031500E-05  2.08031500E-05  2.08031500E-05  2.08031500E-05  2.08031500E-05  2.08031500E-05  2.08031500E-05  2.08031500E-05  2.08031500E-05  2.08031500E-05  2.08031500E-05  2.08031500E-05  2.08031500E-05  2.08031500E-05
  2.08031500E-05  2.08031500E-05  2.08031500E-05  2.08031500E-05  2.08031500E-05  2.08031500E-05  2.08031500E-05  2.08031500E-05  2.08031500E-05  2.08031500E-05  2.08031500E-05  2.08031500E-05  2.08031500E-05  2.08031500E-05  2.08031500E-05  2.08031500E-05  2.08031500E-05  2.08031500E-05  2.08031500E-05  2.08031500E-05
  2.08031500E-05  2.08031500E-05  2.08031500E-05  2.08031500E-05  2.08031500E-05  2.08031500E-05  2.08031500E-05  2.08031500E-05  2.08031500E-05  2.08031500E-05  2.08031500E-05  2.08031500E-05  2.08031500E-05  2.08031500E-05  2.08031500E-05  2.08031500E-05  2.08031500E-05  2.08031500E-05  2.08031500E-05  2.08031500E-05
  2.08031500E-05  2.08031500E-05  2.08031500E-05  2.08031500E-05  2.08031500E-05  2.08031500E-05  2.08031500E-05  2.08031500E-05  2.08031500E-05  2.08031500E-05  2.08031500E-05  2.08031500E-05  2.08031500E-05  2.08031500E-05  2.08031500E-05  2.08031500E-05  2.08031500E-05  2.08031500E-05  2.08031500E-05  2.08031500E-05
  2.08031500E-05  2.08031500E-05  2.08031500E-05  2.08031500E-05  2.08031500E-05  2.08031500E-05  2.08031500E-05  2.08031500E-05  2.08031500E-05  2.08031500E-05  2.08031500E-05  2.08031500E-05  2.08031500E-05  2.08031500E-05  2.08031500E-05  2.08031500E-05  2.08031500E-05  2.08031500E-05  2.08031500E-05  2.08031500E-05
  2.08031500E-05  2.08031500E-05  2.08031500E-05  2.08031500E-05  2.08031500E-05  2.08031500E-05  2.08031500E-05  2.08031500E-05  2.08031500E-05  2.08031500E-05  2.08031500E-05  2.08031500E-05  2.08031500E-05  2.08031500E-05  2.08031500E-05  2.08031500E-05  2.08031500E-05  2.08031500E-05  2.08031500E-05  2.08031500E-05
  2.08031500E-05  2.08031500E-05  2.08031500E-05  2.08031500E-05  2.08031500E-05  2.08031500E-05  2.08031500E-05  2.08031500E-05  2.08031500E-05  2.08031500E-05  2.08031500E-05  2.08031500E-05  2.08031500E-05  2.08031500E-05  2.08031500E-05  2.08031500E-05  2.08031500E-05  2.08031500E-05  2.08031500E-05  2.08031500E-05
  2.08031500E-05  2.08031500E-05  2.08031500E-05  2.08031500E-05  2.08031500E-05  2.08031500E-05  2.08031500E-05  2.08031500E-05  2.08031500E-05  2.08031500E-05  2.08031500E-05  2.08031500E-05  2.08031500E-05  2.08031500E-05  2.08031500E-05  2.08031500E-05  2.08031500E-05  2.08031500E-05  2.08031500E-05  2.08031500E-05
  2.08031500E-05  2.08031500E-05  2.08031500E-05  2.08031500E-05  2.08031500E-05  2.08031500E-05  2.08031500E-05  2.08031500E-05  2.08031500E-05  2.08031500E-05  2.08031500E-05  2.08031500E-05  2.08031500E-05  2.08031500E-05  2.08031500E-05  2.08031500E-05  2.08031500E-05  2.08031500E-05  2.08031500E-05  2.08031500E-05
  2.08031500E-05  2.08031500E-05  2.08031500E-05  2.08031500E-05  2.08031500E-05  2.08031500E-05  2.08031500E-05  2.08031500E-05  2.08031500E-05  2.08031500E-05  2.08031500E-05  2.08031500E-05  2.08031500E-05  2.08031500E-05  2.08031500E-05  2.08031500E-05  2.08031500E-05  2.08031500E-05  2.08031500E-05  2.08031500E-05
  2.08031500E-05  2.08031500E-05  2.08031500E-05  2.08031500E-05  2.08031500E-05  2.08031500E-05  2.08031500E-05  2.08031500E-05  2.08031500E-05  2.08031500E-05  2.08031500E-05  2.08031500E-05  2.08031500E-05  2.08031500E-05  2.08031500E-05  2.08031500E-05  2.08031500E-05  2.08031500E-05  2.08031500E-05  2.08031500E-05
  2.08031500E-05  2.08031500E-05  2.08031500E-05  2.08031500E-05  2.08031500E-05  2.08031500E-05  2.08031500E-05  2.08031500E-05  2.08031500E-05  2.08031500E-05  2.08031500E-05  2.08031500E-05  2.08031500E-05  2.08031500E-05  2.08031500E-05  2.08031500E-05  2.08031500E-05  2.08031500E-05  2.08031500E-05  2.08031500E-05
  2.08031500E-05  2.08031500E-05  2.08031500E-05  2.08031500E-05  2.08031500E-05  2.08031500E-05  2.08031500E-05  2.08031500E-05  2.08031500E-05  2.08031500E-05  2.08031500E-05  2.08031500E-05  2.08031500E-05  2.08031500E-05  2.08031500E-05  2.08031500E-05  2.08031500E-05  2.08031500E-05  2.08031500E-05  2.08031500E-05
  2.08031500E-05  2.08031500E-05  2.08031500E-05  2.08031500E-05  2.08031500E-05  2.08031500E-05  2.08031500E-05  2.08031500E-05  2.08031500E-05  2.08031500E-05  2.08031500E-05  2.08031500E-05  2.08031500E-05  2.08031500E-05  2.08031500E-05  2.08031500E-05  2.08031500E-05  2.08031500E-05  2.08031500E-05  2.08031500E-05
  2.08031500E-05  2.08031500E-05  2.08031500E-05  2.08031500E-05  2.08031500E-05  2.08031500E-05  2.08031500E-05  2.08031500E-05  2.08031500E-05  2.08031500E-05  2.08031500E-05  2.08031500E-05  2.08031500E-05  2.08031500E-05  2.08031500E-05  2.08031500E-05  2.08031500E-05  2.08031500E-05  2.08031500E-05  2.08031500E-05
  2.08031500E-05  2.08031500E-05  2.08031500E-05  2.08031500E-05  2.08031500E-05  2.08031500E-05  2.08031500E-05  2.08031500E-05  2.08031500E-05  2.08031500E-05  2.08031500E-05  2.08031500E-05  2.08031500E-05  2.08031500E-05  2.08031500E-05  2.08031500E-05  2.08031500E-05  2.08031500E-05  2.08031500E-05  2.08031500E-05
  2.08031500E-05  2.08031500E-05  2.08031500E-05  2.08031500E-05  2.08031500E-05  2.08031500E-05  2.08031500E-05  2.08031500E-05  2.08031500E-05  2.08031500E-05  2.08031500E-05  2.08031500E-05  2.08031500E-05  2.08031500E-05  2.08031500E-05  2.08031500E-05  2.08031500E-05  2.08031500E-05  2.08031500E-05  2.08031500E-05
  2.08031500E-05  2.08031500E-05  2.08031500E-05  2.08031500E-05  2.08031500E-05  2.08031500E-05  2.08031500E-05  2.08031500E-05  2.08031500E-05  2.08031500E-05  2.08031500E-05  2.08031500E-05  2.08031500E-05  2.08031500E-05  2.08031500E-05  2.08031500E-05  2.08031500E-05  2.08031500E-05  2.08031500E-05  2.08031500E-05
  2.08031500E-05  2.08031500E-05  2.08031500E-05  2.08031500E-05  2.08031500E-05  2.08031500E-05  2.08031500E-05  2.08031500E-05  2.08031500E-05  2.08031500E-05  2.08031500E-05  2.08031500E-05  2.08031500E-05  2.08031500E-05  2.08031500E-05  2.08031500E-05  2.08031500E-05  2.08031500E-05  2.08031500E-05  2.08031500E-05
  2.08031500E-05  2.08031500E-05  2.08031500E-05  2.08031500E-05  2.08031500E-05  2.08031500E-05  2.08031500E-05  2.08031500E-05  2.08031500E-05  2.08031500E-05  2.08031500E-05  2.08031500E-05  2.08031500E-05  2.08031500E-05  2.08031500E-05  2.08031500E-05  2.08031500E-05  2.08031500E-05  2.08031500E-05  2.08031500E-05
  2.08031500E-05  2.08031500E-05  2.08031500E-05  2.08031500E-05  2.08031500E-05  2.08031500E-05  2.08031500E-05  2.08031500E-05  2.08031500E-05  2.08031500E-05  2.08031500E-05  2.08031500E-05  2.08031500E-05  2.08031500E-05  2.08031500E-05  2.08031500E-05  2.08031500E-05  2.08031500E-05  2.08031500E-05  2.08031500E-05
  2.08031500E-05  2.08031500E-05  2.08031500E-05  2.08031500E-05  2.08031500E-05  2.08031500E-05  2.08031500E-05  2.08031500E-05  2.08031500E-05  2.08031500E-05  2.08031500E-05  2.08031500E-05  2.08031500E-05  2.08031500E-05  2.08031500E-05  2.08031500E-05  2.08031500E-05  2.08031500E-05  2.08031500E-05  2.08031500E-05
  2.08031500E-05  2.08031500E-05  2.08031500E-05  2.08031500E-05  2.08031500E-05  2.08031500E-05  2.08031500E-05  2.08031500E-05  2.08031500E-05  2.08031500E-05  2.08031500E-05  2.08031500E-05  2.08031500E-05  2.08031500E-05  2.08031500E-05  2.08031500E-05  2.08031500E-05  2.08031500E-05  2.08031500E-05  2.08031500E-05
  2.08031500E-05  2.08031500E-05  2.08031500E-05  2.08031500E-05  2.08031500E-05  2.08031500E-05  2.08031500E-05  2.08031500E-05  2.08031500E-05  2.08031500E-05  2.08031500E-05  2.08031500E-05  2.08031500E-05  2.08031500E-05  2.08031500E-05  2.08031500E-05  2.08031500E-05  2.08031500E-05  2.08031500E-05  2.08031500E-05
  2.08031500E-05  2.08031500E-05  2.08031500E-05  2.08031500E-05  2.08031500E-05  2.08031500E-05  2.08031500E-05  2.08031500E-05  2.08031500E-05  2.08031500E-05  2.08031500E-05  2.08031500E-05  2.08031500E-05  2.08031500E-05  2.08031500E-05  2.08031500E-05  2.08031500E-05  2.08031500E-05  2.08031500E-05  2.08031500E-05
  2.08031500E-05  2.08031500E-05  2.08031500E-05  2.08031500E-05  2.08031500E-05  2.08031500E-05  2.08031500E-05  2.08031500E-05  2.08031500E-05  2.08031500E-05  2.08031500E-05  2.08031500E-05  2.08031500E-05  2.08031500E-05  2.08031500E-05  2.08031500E-05  2.08031500E-05  2.08031500E-05  2.08031500E-05  2.08031500E-05
  2.08031500E-05  2.08031500E-05  2.08031500E-05  2.08031500E-05  2.08031500E-05  2.08031500E-05  2.08031500E-05  2.08031500E-05  2.08031500E-05  2.08031500E-05  2.08031500E-05  2.08031500E-05  2.08031500E-05  2.08031500E-05  2.08031500E-05  2.08031500E-05  2.08031500E-05  2.08031500E-05  2.08031500E-05  2.08031500E-05
  2.08031500E-05  2.08031500E-05  2.08031500E-05  2.08031500E-05  2.08031500E-05  2.08031500E-05  2.08031500E-05  2.08031500E-05  2.08031500E-05  2.08031500E-05  2.08031500E-05  2.08031500E-05  2.08031500E-05  2.08031500E-05  2.08031500E-05  2.08031500E-05  2.08031500E-05  2.08031500E-05  2.08031500E-05  2.08031500E-05
  2.08031500E-05  2.08031500E-05  2.08031500E-05  2.08031500E-05  2.08031500E-05  2.08031500E-05  2.08031500E-05  2.08031500E-05  2.08031500E-05  2.08031500E-05  2.08031500E-05  2.08031500E-05  2.08031500E-05  2.08031500E-05  2.08031500E-05  2.08031500E-05  2.08031500E-05  2.08031500E-05  2.08031500E-05  2.08031500E-05
