  5.52159100E-05  5.52159100E-05  5.52159100E-05  5.52159100E-05  5.52159100E-05  5.52159100E-05  5.52159100E-05  5.52159100E-05  5.52159100E-05  5.52159100E-05  5.52159100E-05  5.52159100E-05  5.52159100E-05  5.52159100E-05  5.52159100E-05  5.52159100E-05  5.52159100E-05  5.52159100E-05  5.52159100E-05  5.52159100E-05
  5.52159100E-05  5.52159100E-05  5.52159100E-05  5.52159100E-05  5.52159100E-05  5.52159100E-05  5.52159100E-05  5.52159100E-05  5.52159100E-05  5.52159100E-05  5.52159100E-05  5.52159100E-05  5.52159100E-05  5.52159100E-05  5.52159100E-05  5.52159100E-05  5.52159100E-05  5.52159100E-05  5.52159100E-05  5.52159100E-05
  5.52159100E-05  5.52159100E-05  5.52159100E-05  5.52159100E-05  5.52159100E-05  5.52159100E-05  5.52159100E-05  5.52159100E-05  5.52159100E-05  5.52159100E-05  5.52159100E-05  5.52159100E-05  5.52159100E-05  5.52159100E-05  5.52159100E-05  5.52159100E-05  5.52159100E-05  5.52159100E-05  5.52159100E-05  5.52159100E-05
  5.52159100E-05  5.52159100E-05  5.52159100E-05  5.52159100E-05  5.52159100E-05  5.52159100E-05  5.52159100E-05  5.52159100E-05  5.52159100E-05  5.52159100E-05  5.52159100E-05  5.52159100E-05  5.52159100E-05  5.52159100E-05  5.52159100E-05  5.52159100E-05  5.52159100E-05  5.52159100E-05  5.52159100E-05  5.52159100E-05
  5.52159100E-05  5.52159100E-05  5.52159100E-05  5.52159100E-05  5.52159100E-05  5.52159100E-05  5.52159100E-05  5.52159100E-05  5.52159100E-05  5.52159100E-05  5.52159100E-05  5.52159100E-05  5.52159100E-05  5.52159100E-05  5.52159100E-05  5.52159100E-05  5.52159100E-05  5.52159100E-05  5.52159100E-05  5.52159100E-05
  5.52159100E-05  5.52159100E-05  5.52159100E-05  5.52159100E-05  5.52159100E-05  5.52159100E-05  5.52159100E-05  5.52159100E-05  5.52159100E-05  5.52159100E-05  5.52159100E-05  5.52159100E-05  5.52159100E-05  5.52159100E-05  5.52159100E-05  5.52159100E-05  5.52159100E-05  5.52159100E-05  5.52159100E-05  5.52159100E-05
  5.52159100E-05  5.52159100E-05  5.52159100E-05  5.52159100E-05  5.52159100E-05  5.52159100E-05  5.52159100E-05  5.52159100E-05  5.52159100E-05  5.52159100E-05  5.52159100E-05  5.52159100E-05  5.52159100E-05  5.52159100E-05  5.52159100E-05  5.52159100E-05  5.52159100E-05  5.52159100E-05  5.52159100E-05  5.52159100E-05
  5.52159100E-05  5.52159100E-05  5.52159100E-05  5.52159100E-05  5.52159100E-05  5.52159100E-05  5.52159100E-05  5.52159100E-05  5.52159100E-05  5.52159100E-05  5.52159100E-05  5.52159100E-05  5.52159100E-05  5.52159100E-05  5.52159100E-05  5.52159100E-05  5.52159100E-05  5.52159100E-05  5.52159100E-05  5.52159100E-05
  5.52159100E-05  5.52159100E-05  5.52159100E-05  5.52159100E-05  5.52159100E-05  5.52159100E-05  5.52159100E-05  5.52159100E-05  5.52159100E-05  5.52159100E-05  5.52159100E-05  5.52159100E-05  5.52159100E-05  5.52159100E-05  5.52159100E-05  5.52159100E-05  5.52159100E-05  5.52159100E-05  5.52159100E-05  5.52159100E-05
  5.52159100E-05  5.52159100E-05  5.52159100E-05  5.52159100E-05  5.52159100E-05  5.52159100E-05  5.52159100E-05  5.52159100E-05  5.52159100E-05  5.52159100E-05  5.52159100E-05  5.52159100E-05  5.52159100E-05  5.52159100E-05  5.52159100E-05  5.52159100E-05  5.52159100E-05  5.52159100E-05  5.52159100E-05  5.52159100E-05
  5.52159100E-05  5.52159100E-05  5.52159100E-05  5.52159100E-05  5.52159100E-05  5.52159100E-05  5.52159100E-05  5.52159100E-05  5.52159100E-05  5.52159100E-05  5.52159100E-05  5.52159100E-05  5.52159100E-05  5.52159100E-05  5.52159100E-05  5.52159100E-05  5.52159100E-05  5.52159100E-05  5.52159100E-05  5.52159100E-05
  5.52159100E-05  5.52159100E-05  5.52159100E-05  5.52159100E-05  5.52159100E-05  5.52159100E-05  5.52159100E-05  5.52159100E-05  5.52159100E-05  5.52159100E-05  5.52159100E-05  5.52159100E-05  5.52159100E-05  5.52159100E-05  5.52159100E-05  5.52159100E-05  5.52159100E-05  5.52159100E-05  5.52159100E-05  5.52159100E-05
  5.52159100E-05  5.52159100E-05  5.52159100E-05  5.52159100E-05  5.52159100E-05  5.52159100E-05  5.52159100E-05  5.52159100E-05  5.52159100E-05  5.52159100E-05  5.52159100E-05  5.52159100E-05  5.52159100E-05  5.52159100E-05  5.52159100E-05  5.52159100E-05  5.52159100E-05  5.52159100E-05  5.52159100E-05  5.52159100E-05
  5.52159100E-05  5.52159100E-05  5.52159100E-05  5.52159100E-05  5.52159100E-05  5.52159100E-05  5.52159100E-05  5.52159100E-05  5.52159100E-05  5.52159100E-05  5.52159100E-05  5.52159100E-05  5.52159100E-05  5.52159100E-05  5.52159100E-05  5.52159100E-05  5.52159100E-05  5.52159100E-05  5.52159100E-05  5.52159100E-05
  5.52159100E-05  5.52159100E-05  5.52159100E-05  5.52159100E-05  5.52159100E-05  5.52159100E-05  5.52159100E-05  5.52159100E-05  5.52159100E-05  5.52159100E-05  5.52159100E-05  5.52159100E-05  5.52159100E-05  5.52159100E-05  5.52159100E-05  5.52159100E-05  5.52159100E-05  5.52159100E-05  5.52159100E-05  5.52159100E-05
  5.52159100E-05  5.52159100E-05  5.52159100E-05  5.52159100E-05  5.52159100E-05  5.52159100E-05  5.52159100E-05  5.52159100E-05  5.52159100E-05  5.52159100E-05  5.52159100E-05  5.52159100E-05  5.52159100E-05  5.52159100E-05  5.52159100E-05  5.52159100E-05  5.52159100E-05  5.52159100E-05  5.52159100E-05  5.52159100E-05
  5.52159100E-05  5.52159100E-05  5.52159100E-05  5.52159100E-05  5.52159100E-05  5.52159100E-05  5.52159100E-05  5.52159100E-05  5.52159100E-05  5.52159100E-05  5.52159100E-05  5.52159100E-05  5.52159100E-05  5.52159100E-05  5.52159100E-05  5.52159100E-05  5.52159100E-05  5.52159100E-05  5.52159100E-05  5.52159100E-05
  5.52159100E-05  5.52159100E-05  5.52159100E-05  5.52159100E-05  5.52159100E-05  5.52159100E-05  5.52159100E-05  5.52159100E-05  5.52159100E-05  5.52159100E-05  5.52159100E-05  5.52159100E-05  5.52159100E-05  5.52159100E-05  5.52159100E-05  5.52159100E-05  5.52159100E-05  5.52159100E-05  5.52159100E-05  5.52159100E-05
  5.52159100E-05  5.52159100E-05  5.52159100E-05  5.52159100E-05  5.52159100E-05  5.52159100E-05  5.52159100E-05  5.52159100E-05  5.52159100E-05  5.52159100E-05  5.52159100E-05  5.52159100E-05  5.52159100E-05  5.52159100E-05  5.52159100E-05  5.52159100E-05  5.52159100E-05  5.52159100E-05  5.52159100E-05  5.52159100E-05
  5.52159100E-05  5.52159100E-05  5.52159100E-05  5.52159100E-05  5.52159100E-05  5.52159100E-05  5.52159100E-05  5.52159100E-05  5.52159100E-05  5.52159100E-05  5.52159100E-05  5.52159100E-05  5.52159100E-05  5.52159100E-05  5.52159100E-05  5.52159100E-05  5.52159100E-05  5.52159100E-05  5.52159100E-05  5.52159100E-05
  5.52159100E-05  5.52159100E-05  5.52159100E-05  5.52159100E-05  5.52159100E-05  5.52159100E-05  5.52159100E-05  5.52159100E-05  5.52159100E-05  5.52159100E-05  5.52159100E-05  5.52159100E-05  5.52159100E-05  5.52159100E-05  5.52159100E-05  5.52159100E-05  5.52159100E-05  5.52159100E-05  5.52159100E-05  5.52159100E-05
  5.52159100E-05  5.52159100E-05  5.52159100E-05  5.52159100E-05  5.52159100E-05  5.52159100E-05  5.52159100E-05  5.52159100E-05  5.52159100E-05  5.52159100E-05  5.52159100E-05  5.52159100E-05  5.52159100E-05  5.52159100E-05  5.52159100E-05  5.52159100E-05  5.52159100E-05  5.52159100E-05  5.52159100E-05  5.52159100E-05
  5.52159100E-05  5.52159100E-05  5.52159100E-05  5.52159100E-05  5.52159100E-05  5.52159100E-05  5.52159100E-05  5.52159100E-05  5.52159100E-05  5.52159100E-05  5.52159100E-05  5.52159100E-05  5.52159100E-05  5.52159100E-05  5.52159100E-05  5.52159100E-05  5.52159100E-05  5.52159100E-05  5.52159100E-05  5.52159100E-05
  5.52159100E-05  5.52159100E-05  5.52159100E-05  5.52159100E-05  5.52159100E-05  5.52159100E-05  5.52159100E-05  5.52159100E-05  5.52159100E-05  5.52159100E-05  5.52159100E-05  5.52159100E-05  5.52159100E-05  5.52159100E-05  5.52159100E-05  5.52159100E-05  5.52159100E-05  5.52159100E-05  5.52159100E-05  5.52159100E-05
  5.52159100E-05  5.52159100E-05  5.52159100E-05  5.52159100E-05  5.52159100E-05  5.52159100E-05  5.52159100E-05  5.52159100E-05  5.52159100E-05  5.52159100E-05  5.52159100E-05  5.52159100E-05  5.52159100E-05  5.52159100E-05  5.52159100E-05  5.52159100E-05  5.52159100E-05  5.52159100E-05  5.52159100E-05  5.52159100E-05
  5.52159100E-05  5.52159100E-05  5.52159100E-05  5.52159100E-05  5.52159100E-05  5.52159100E-05  5.52159100E-05  5.52159100E-05  5.52159100E-05  5.52159100E-05  5.52159100E-05  5.52159100E-05  5.52159100E-05  5.52159100E-05  5.52159100E-05  5.52159100E-05  5.52159100E-05  5.52159100E-05  5.52159100E-05  5.52159100E-05
  5.52159100E-05  5.52159100E-05  5.52159100E-05  5.52159100E-05  5.52159100E-05  5.52159100E-05  5.52159100E-05  5.52159100E-05  5.52159100E-05  5.52159100E-05  5.52159100E-05  5.52159100E-05  5.52159100E-05  5.52159100E-05  5.52159100E-05  5.52159100E-05  5.52159100E-05  5.52159100E-05  5.52159100E-05  5.52159100E-05
  5.52159100E-05  5.52159100E-05  5.52159100E-05  5.52159100E-05  5.52159100E-05  5.52159100E-05  5.52159100E-05  5.52159100E-05  5.52159100E-05  5.52159100E-05  5.52159100E-05  5.52159100E-05  5.52159100E-05  5.52159100E-05  5.52159100E-05  5.52159100E-05  5.52159100E-05  5.52159100E-05  5.52159100E-05  5.52159100E-05
  5.52159100E-05  5.52159100E-05  5.52159100E-05  5.52159100E-05  5.52159100E-05  5.52159100E-05  5.52159100E-05  5.52159100E-05  5.52159100E-05  5.52159100E-05  5.52159100E-05  5.52159100E-05  5.52159100E-05  5.52159100E-05  5.52159100E-05  5.52159100E-05  5.52159100E-05  5.52159100E-05  5.52159100E-05  5.52159100E-05
  5.52159100E-05  5.52159100E-05  5.52159100E-05  5.52159100E-05  5.52159100E-05  5.52159100E-05  5.52159100E-05  5.52159100E-05  5.52159100E-05  5.52159100E-05  5.52159100E-05  5.52159100E-05  5.52159100E-05  5.52159100E-05  5.52159100E-05  5.52159100E-05  5.52159100E-05  5.52159100E-05  5.52159100E-05  5.52159100E-05
  5.52159100E-05  5.52159100E-05  5.52159100E-05  5.52159100E-05  5.52159100E-05  5.52159100E-05  5.52159100E-05  5.52159100E-05  5.52159100E-05  5.52159100E-05  5.52159100E-05  5.52159100E-05  5.52159100E-05  5.52159100E-05  5.52159100E-05  5.52159100E-05  5.52159100E-05  5.52159100E-05  5.52159100E-05  5.52159100E-05
  5.52159100E-05  5.52159100E-05  5.52159100E-05  5.52159100E-05  5.52159100E-05  5.52159100E-05  5.52159100E-05  5.52159100E-05  5.52159100E-05  5.52159100E-05  5.52159100E-05  5.52159100E-05  5.52159100E-05  5.52159100E-05  5.52159100E-05  5.52159100E-05  5.52159100E-05  5.52159100E-05  5.52159100E-05  5.52159100E-05
  5.52159100E-05  5.52159100E-05  5.52159100E-05  5.52159100E-05  5.52159100E-05  5.52159100E-05  5.52159100E-05  5.52159100E-05  5.52159100E-05  5.52159100E-05  5.52159100E-05  5.52159100E-05  5.52159100E-05  5.52159100E-05  5.52159100E-05  5.52159100E-05  5.52159100E-05  5.52159100E-05  5.52159100E-05  5.52159100E-05
  5.52159100E-05  5.52159100E-05  5.52159100E-05  5.52159100E-05  5.52159100E-05  5.52159100E-05  5.52159100E-05  5.52159100E-05  5.52159100E-05  5.52159100E-05  5.52159100E-05  5.52159100E-05  5.52159100E-05  5.52159100E-05  5.52159100E-05  5.52159100E-05  5.52159100E-05  5.52159100E-05  5.52159100E-05  5.52159100E-05
  5.52159100E-05  5.52159100E-05  5.52159100E-05  5.52159100E-05  5.52159100E-05  5.52159100E-05  5.52159100E-05  5.52159100E-05  5.52159100E-05  5.52159100E-05  5.52159100E-05  5.52159100E-05  5.52159100E-05  5.52159100E-05  5.52159100E-05  5.52159100E-05  5.52159100E-05  5.52159100E-05  5.52159100E-05  5.52159100E-05
  5.52159100E-05  5.52159100E-05  5.52159100E-05  5.52159100E-05  5.52159100E-05  5.52159100E-05  5.52159100E-05  5.52159100E-05  5.52159100E-05  5.52159100E-05  5.52159100E-05  5.52159100E-05  5.52159100E-05  5.52159100E-05  5.52159100E-05  5.52159100E-05  5.52159100E-05  5.52159100E-05  5.52159100E-05  5.52159100E-05
  5.52159100E-05  5.52159100E-05  5.52159100E-05  5.52159100E-05  5.52159100E-05  5.52159100E-05  5.52159100E-05  5.52159100E-05  5.52159100E-05  5.52159100E-05  5.52159100E-05  5.52159100E-05  5.52159100E-05  5.52159100E-05  5.52159100E-05  5.52159100E-05  5.52159100E-05  5.52159100E-05  5.52159100E-05  5.52159100E-05
  5.52159100E-05  5.52159100E-05  5.52159100E-05  5.52159100E-05  5.52159100E-05  5.52159100E-05  5.52159100E-05  5.52159100E-05  5.52159100E-05  5.52159100E-05  5.52159100E-05  5.52159100E-05  5.52159100E-05  5.52159100E-05  5.52159100E-05  5.52159100E-05  5.52159100E-05  5.52159100E-05  5.52159100E-05  5.52159100E-05
  5.52159100E-05  5.52159100E-05  5.52159100E-05  5.52159100E-05  5.52159100E-05  5.52159100E-05  5.52159100E-05  5.52159100E-05  5.52159100E-05  5.52159100E-05  5.52159100E-05  5.52159100E-05  5.52159100E-05  5.52159100E-05  5.52159100E-05  5.52159100E-05  5.52159100E-05  5.52159100E-05  5.52159100E-05  5.52159100E-05
  5.52159100E-05  5.52159100E-05  5.52159100E-05  5.52159100E-05  5.52159100E-05  5.52159100E-05  5.52159100E-05  5.52159100E-05  5.52159100E-05  5.52159100E-05  5.52159100E-05  5.52159100E-05  5.52159100E-05  5.52159100E-05  5.52159100E-05  5.52159100E-05  5.52159100E-05  5.52159100E-05  5.52159100E-05  5.52159100E-05
