      30.00000000      30.00000000      30.00000000      30.00000000      30.00000000      30.00000000      30.00000000      30.00000000      30.00000000      30.00000000      30.00000000      30.00000000      30.00000000      30.00000000      30.00000000      30.00000000      30.00000000      30.00000000      30.00000000      30.00000000
      30.00000000      30.00000000      30.00000000      30.00000000      30.00000000      30.00000000      30.00000000      30.00000000      30.00000000      30.00000000      30.00000000      30.00000000      30.00000000      30.00000000      30.00000000      30.00000000      30.00000000      30.00000000      30.00000000      30.00000000
      30.00000000      30.00000000      30.00000000      30.00000000      30.00000000      30.00000000      30.00000000      30.00000000      30.00000000      30.00000000      30.00000000      30.00000000      30.00000000      30.00000000      30.00000000      30.00000000      30.00000000      30.00000000      30.00000000      30.00000000
      30.00000000      30.00000000      30.00000000      30.00000000      30.00000000      30.00000000      30.00000000      30.00000000      30.00000000      30.00000000      30.00000000      30.00000000      30.00000000      30.00000000      30.00000000      30.00000000      30.00000000      30.00000000      30.00000000      30.00000000
      30.00000000      30.00000000      30.00000000      30.00000000      30.00000000      30.00000000      30.00000000      30.00000000      30.00000000      30.00000000      30.00000000      30.00000000      30.00000000      30.00000000      30.00000000      30.00000000      30.00000000      30.00000000      30.00000000      30.00000000
      30.00000000      30.00000000      30.00000000      30.00000000      30.00000000      30.00000000      30.00000000      30.00000000      30.00000000      30.00000000      30.00000000      30.00000000      30.00000000      30.00000000      30.00000000      30.00000000      30.00000000      30.00000000      30.00000000      30.00000000
      30.00000000      30.00000000      30.00000000      30.00000000      30.00000000      30.00000000      30.00000000      30.00000000      30.00000000      30.00000000      30.00000000      30.00000000      30.00000000      30.00000000      30.00000000      30.00000000      30.00000000      30.00000000      30.00000000      30.00000000
      30.00000000      30.00000000      30.00000000      30.00000000      30.00000000      30.00000000      30.00000000      30.00000000      30.00000000      30.00000000      30.00000000      30.00000000      30.00000000      30.00000000      30.00000000      30.00000000      30.00000000      30.00000000      30.00000000      30.00000000
      30.00000000      30.00000000      30.00000000      30.00000000      30.00000000      30.00000000      30.00000000      30.00000000      30.00000000      30.00000000      30.00000000      30.00000000      30.00000000      30.00000000      30.00000000      30.00000000      30.00000000      30.00000000      30.00000000      30.00000000
      30.00000000      30.00000000      30.00000000      30.00000000      30.00000000      30.00000000      30.00000000      30.00000000      30.00000000      30.00000000      30.00000000      30.00000000      30.00000000      30.00000000      30.00000000      30.00000000      30.00000000      30.00000000      30.00000000      30.00000000
      30.00000000      30.00000000      30.00000000      30.00000000      30.00000000      30.00000000      30.00000000      30.00000000      30.00000000      30.00000000      30.00000000      30.00000000      30.00000000      30.00000000      30.00000000      30.00000000      30.00000000      30.00000000      30.00000000      30.00000000
      30.00000000      30.00000000      30.00000000      30.00000000      30.00000000      30.00000000      30.00000000      30.00000000      30.00000000      30.00000000      30.00000000      30.00000000      30.00000000      30.00000000      30.00000000      30.00000000      30.00000000      30.00000000      30.00000000      30.00000000
      30.00000000      30.00000000      30.00000000      30.00000000      30.00000000      30.00000000      30.00000000      30.00000000      30.00000000      30.00000000      30.00000000      30.00000000      30.00000000      30.00000000      30.00000000      30.00000000      30.00000000      30.00000000      30.00000000      30.00000000
      30.00000000      30.00000000      30.00000000      30.00000000      30.00000000      30.00000000      30.00000000      30.00000000      30.00000000      30.00000000      30.00000000      30.00000000      30.00000000      30.00000000      30.00000000      30.00000000      30.00000000      30.00000000      30.00000000      30.00000000
      30.00000000      30.00000000      30.00000000      30.00000000      30.00000000      30.00000000      30.00000000      30.00000000      30.00000000      30.00000000      30.00000000      30.00000000      30.00000000      30.00000000      30.00000000      30.00000000      30.00000000      30.00000000      30.00000000      30.00000000
      30.00000000      30.00000000      30.00000000      30.00000000      30.00000000      30.00000000      30.00000000      30.00000000      30.00000000      30.00000000      30.00000000      30.00000000      30.00000000      30.00000000      30.00000000      30.00000000      30.00000000      30.00000000      30.00000000      30.00000000
      30.00000000      30.00000000      30.00000000      30.00000000      30.00000000      30.00000000      30.00000000      30.00000000      30.00000000      30.00000000      30.00000000      30.00000000      30.00000000      30.00000000      30.00000000      30.00000000      30.00000000      30.00000000      30.00000000      30.00000000
      30.00000000      30.00000000      30.00000000      30.00000000      30.00000000      30.00000000      30.00000000      30.00000000      30.00000000      30.00000000      30.00000000      30.00000000      30.00000000      30.00000000      30.00000000      30.00000000      30.00000000      30.00000000      30.00000000      30.00000000
      30.00000000      30.00000000      30.00000000      30.00000000      30.00000000      30.00000000      30.00000000      30.00000000      30.00000000      30.00000000      30.00000000      30.00000000      30.00000000      30.00000000      30.00000000      30.00000000      30.00000000      30.00000000      30.00000000      30.00000000
      30.00000000      30.00000000      30.00000000      30.00000000      30.00000000      30.00000000      30.00000000      30.00000000      30.00000000      30.00000000      30.00000000      30.00000000      30.00000000      30.00000000      30.00000000      30.00000000      30.00000000      30.00000000      30.00000000      30.00000000
      30.00000000      30.00000000      30.00000000      30.00000000      30.00000000      30.00000000      30.00000000      30.00000000      30.00000000      30.00000000      30.00000000      30.00000000      30.00000000      30.00000000      30.00000000      30.00000000      30.00000000      30.00000000      30.00000000      30.00000000
      30.00000000      30.00000000      30.00000000      30.00000000      30.00000000      30.00000000      30.00000000      30.00000000      30.00000000      30.00000000      30.00000000      30.00000000      30.00000000      30.00000000      30.00000000      30.00000000      30.00000000      30.00000000      30.00000000      30.00000000
      30.00000000      30.00000000      30.00000000      30.00000000      30.00000000      30.00000000      30.00000000      30.00000000      30.00000000      30.00000000      30.00000000      30.00000000      30.00000000      30.00000000      30.00000000      30.00000000      30.00000000      30.00000000      30.00000000      30.00000000
      30.00000000      30.00000000      30.00000000      30.00000000      30.00000000      30.00000000      30.00000000      30.00000000      30.00000000      30.00000000      30.00000000      30.00000000      30.00000000      30.00000000      30.00000000      30.00000000      30.00000000      30.00000000      30.00000000      30.00000000
      30.00000000      30.00000000      30.00000000      30.00000000      30.00000000      30.00000000      30.00000000      30.00000000      30.00000000      30.00000000      30.00000000      30.00000000      30.00000000      30.00000000      30.00000000      30.00000000      30.00000000      30.00000000      30.00000000      30.00000000
      30.00000000      30.00000000      30.00000000      30.00000000      30.00000000      30.00000000      30.00000000      30.00000000      30.00000000      30.00000000      30.00000000      30.00000000      30.00000000      30.00000000      30.00000000      30.00000000      30.00000000      30.00000000      30.00000000      30.00000000
      30.00000000      30.00000000      30.00000000      30.00000000      30.00000000      30.00000000      30.00000000      30.00000000      30.00000000      30.00000000      30.00000000      30.00000000      30.00000000      30.00000000      30.00000000      30.00000000      30.00000000      30.00000000      30.00000000      30.00000000
      30.00000000      30.00000000      30.00000000      30.00000000      30.00000000      30.00000000      30.00000000      30.00000000      30.00000000      30.00000000      30.00000000      30.00000000      30.00000000      30.00000000      30.00000000      30.00000000      30.00000000      30.00000000      30.00000000      30.00000000
      30.00000000      30.00000000      30.00000000      30.00000000      30.00000000      30.00000000      30.00000000      30.00000000      30.00000000      30.00000000      30.00000000      30.00000000      30.00000000      30.00000000      30.00000000      30.00000000      30.00000000      30.00000000      30.00000000      30.00000000
      30.00000000      30.00000000      30.00000000      30.00000000      30.00000000      30.00000000      30.00000000      30.00000000      30.00000000      30.00000000      30.00000000      30.00000000      30.00000000      30.00000000      30.00000000      30.00000000      30.00000000      30.00000000      30.00000000      30.00000000
      30.00000000      30.00000000      30.00000000      30.00000000      30.00000000      30.00000000      30.00000000      30.00000000      30.00000000      30.00000000      30.00000000      30.00000000      30.00000000      30.00000000      30.00000000      30.00000000      30.00000000      30.00000000      30.00000000      30.00000000
      30.00000000      30.00000000      30.00000000      30.00000000      30.00000000      30.00000000      30.00000000      30.00000000      30.00000000      30.00000000      30.00000000      30.00000000      30.00000000      30.00000000      30.00000000      30.00000000      30.00000000      30.00000000      30.00000000      30.00000000
      30.00000000      30.00000000      30.00000000      30.00000000      30.00000000      30.00000000      30.00000000      30.00000000      30.00000000      30.00000000      30.00000000      30.00000000      30.00000000      30.00000000      30.00000000      30.00000000      30.00000000      30.00000000      30.00000000      30.00000000
      30.00000000      30.00000000      30.00000000      30.00000000      30.00000000      30.00000000      30.00000000      30.00000000      30.00000000      30.00000000      30.00000000      30.00000000      30.00000000      30.00000000      30.00000000      30.00000000      30.00000000      30.00000000      30.00000000      30.00000000
      30.00000000      30.00000000      30.00000000      30.00000000      30.00000000      30.00000000      30.00000000      30.00000000      30.00000000      30.00000000      30.00000000      30.00000000      30.00000000      30.00000000      30.00000000      30.00000000      30.00000000      30.00000000      30.00000000      30.00000000
      30.00000000      30.00000000      30.00000000      30.00000000      30.00000000      30.00000000      30.00000000      30.00000000      30.00000000      30.00000000      30.00000000      30.00000000      30.00000000      30.00000000      30.00000000      30.00000000      30.00000000      30.00000000      30.00000000      30.00000000
      30.00000000      30.00000000      30.00000000      30.00000000      30.00000000      30.00000000      30.00000000      30.00000000      30.00000000      30.00000000      30.00000000      30.00000000      30.00000000      30.00000000      30.00000000      30.00000000      30.00000000      30.00000000      30.00000000      30.00000000
      30.00000000      30.00000000      30.00000000      30.00000000      30.00000000      30.00000000      30.00000000      30.00000000      30.00000000      30.00000000      30.00000000      30.00000000      30.00000000      30.00000000      30.00000000      30.00000000      30.00000000      30.00000000      30.00000000      30.00000000
      30.00000000      30.00000000      30.00000000      30.00000000      30.00000000      30.00000000      30.00000000      30.00000000      30.00000000      30.00000000      30.00000000      30.00000000      30.00000000      30.00000000      30.00000000      30.00000000      30.00000000      30.00000000      30.00000000      30.00000000
      30.00000000      30.00000000      30.00000000      30.00000000      30.00000000      30.00000000      30.00000000      30.00000000      30.00000000      30.00000000      30.00000000      30.00000000      30.00000000      30.00000000      30.00000000      30.00000000      30.00000000      30.00000000      30.00000000      30.00000000
