       0.01000000       0.01000000       0.01000000       0.01000000       0.01000000       0.01000000       0.01000000       0.01000000       0.01000000       0.01000000       0.01000000       0.01000000       0.01000000       0.01000000       0.01000000       0.01000000       0.01000000       0.01000000       0.01000000       0.01000000
       0.01000000       0.01000000       0.01000000       0.01000000       0.01000000       0.01000000       0.01000000       0.01000000       0.01000000       0.01000000       0.01000000       0.01000000       0.01000000       0.01000000       0.01000000       0.01000000       0.01000000       0.01000000       0.01000000       0.01000000
       0.01000000       0.01000000       0.01000000       0.01000000       0.01000000       0.01000000       0.01000000       0.01000000       0.01000000       0.01000000       0.01000000       0.01000000       0.01000000       0.01000000       0.01000000       0.01000000       0.01000000       0.01000000       0.01000000       0.01000000
       0.01000000       0.01000000       0.01000000       0.01000000       0.01000000       0.01000000       0.01000000       0.01000000       0.01000000       0.01000000       0.01000000       0.01000000       0.01000000       0.01000000       0.01000000       0.01000000       0.01000000       0.01000000       0.01000000       0.01000000
       0.01000000       0.01000000       0.01000000       0.01000000       0.01000000       0.01000000       0.01000000       0.01000000       0.01000000       0.01000000       0.01000000       0.01000000       0.01000000       0.01000000       0.01000000       0.01000000       0.01000000       0.01000000       0.01000000       0.01000000
       0.01000000       0.01000000       0.01000000       0.01000000       0.01000000       0.01000000       0.01000000       0.01000000       0.01000000       0.01000000       0.01000000       0.01000000       0.01000000       0.01000000       0.01000000       0.01000000       0.01000000       0.01000000       0.01000000       0.01000000
       0.01000000       0.01000000       0.01000000       0.01000000       0.01000000       0.01000000       0.01000000       0.01000000       0.01000000       0.01000000       0.01000000       0.01000000       0.01000000       0.01000000       0.01000000       0.01000000       0.01000000       0.01000000       0.01000000       0.01000000
       0.01000000       0.01000000       0.01000000       0.01000000       0.01000000       0.01000000       0.01000000       0.01000000       0.01000000       0.01000000       0.01000000       0.01000000       0.01000000       0.01000000       0.01000000       0.01000000       0.01000000       0.01000000       0.01000000       0.01000000
       0.01000000       0.01000000       0.01000000       0.01000000       0.01000000       0.01000000       0.01000000       0.01000000       0.01000000       0.01000000       0.01000000       0.01000000       0.01000000       0.01000000       0.01000000       0.01000000       0.01000000       0.01000000       0.01000000       0.01000000
       0.01000000       0.01000000       0.01000000       0.01000000       0.01000000       0.01000000       0.01000000       0.01000000       0.01000000       0.01000000       0.01000000       0.01000000       0.01000000       0.01000000       0.01000000       0.01000000       0.01000000       0.01000000       0.01000000       0.01000000
       0.01000000       0.01000000       0.01000000       0.01000000       0.01000000       0.01000000       0.01000000       0.01000000       0.01000000       0.01000000       0.01000000       0.01000000       0.01000000       0.01000000       0.01000000       0.01000000       0.01000000       0.01000000       0.01000000       0.01000000
       0.01000000       0.01000000       0.01000000       0.01000000       0.01000000       0.01000000       0.01000000       0.01000000       0.01000000       0.01000000       0.01000000       0.01000000       0.01000000       0.01000000       0.01000000       0.01000000       0.01000000       0.01000000       0.01000000       0.01000000
       0.01000000       0.01000000       0.01000000       0.01000000       0.01000000       0.01000000       0.01000000       0.01000000       0.01000000       0.01000000       0.01000000       0.01000000       0.01000000       0.01000000       0.01000000       0.01000000       0.01000000       0.01000000       0.01000000       0.01000000
       0.01000000       0.01000000       0.01000000       0.01000000       0.01000000       0.01000000       0.01000000       0.01000000       0.01000000       0.01000000       0.01000000       0.01000000       0.01000000       0.01000000       0.01000000       0.01000000       0.01000000       0.01000000       0.01000000       0.01000000
       0.01000000       0.01000000       0.01000000       0.01000000       0.01000000       0.01000000       0.01000000       0.01000000       0.01000000       0.01000000       0.01000000       0.01000000       0.01000000       0.01000000       0.01000000       0.01000000       0.01000000       0.01000000       0.01000000       0.01000000
       0.01000000       0.01000000       0.01000000       0.01000000       0.01000000       0.01000000       0.01000000       0.01000000       0.01000000       0.01000000       0.01000000       0.01000000       0.01000000       0.01000000       0.01000000       0.01000000       0.01000000       0.01000000       0.01000000       0.01000000
       0.01000000       0.01000000       0.01000000       0.01000000       0.01000000       0.01000000       0.01000000       0.01000000       0.01000000       0.01000000       0.01000000       0.01000000       0.01000000       0.01000000       0.01000000       0.01000000       0.01000000       0.01000000       0.01000000       0.01000000
       0.01000000       0.01000000       0.01000000       0.01000000       0.01000000       0.01000000       0.01000000       0.01000000       0.01000000       0.01000000       0.01000000       0.01000000       0.01000000       0.01000000       0.01000000       0.01000000       0.01000000       0.01000000       0.01000000       0.01000000
       0.01000000       0.01000000       0.01000000       0.01000000       0.01000000       0.01000000       0.01000000       0.01000000       0.01000000       0.01000000       0.01000000       0.01000000       0.01000000       0.01000000       0.01000000       0.01000000       0.01000000       0.01000000       0.01000000       0.01000000
       0.01000000       0.01000000       0.01000000       0.01000000       0.01000000       0.01000000       0.01000000       0.01000000       0.01000000       0.01000000       0.01000000       0.01000000       0.01000000       0.01000000       0.01000000       0.01000000       0.01000000       0.01000000       0.01000000       0.01000000
       0.01000000       0.01000000       0.01000000       0.01000000       0.01000000       0.01000000       0.01000000       0.01000000       0.01000000       0.01000000       0.01000000       0.01000000       0.01000000       0.01000000       0.01000000       0.01000000       0.01000000       0.01000000       0.01000000       0.01000000
       0.01000000       0.01000000       0.01000000       0.01000000       0.01000000       0.01000000       0.01000000       0.01000000       0.01000000       0.01000000       0.01000000       0.01000000       0.01000000       0.01000000       0.01000000       0.01000000       0.01000000       0.01000000       0.01000000       0.01000000
       0.01000000       0.01000000       0.01000000       0.01000000       0.01000000       0.01000000       0.01000000       0.01000000       0.01000000       0.01000000       0.01000000       0.01000000       0.01000000       0.01000000       0.01000000       0.01000000       0.01000000       0.01000000       0.01000000       0.01000000
       0.01000000       0.01000000       0.01000000       0.01000000       0.01000000       0.01000000       0.01000000       0.01000000       0.01000000       0.01000000       0.01000000       0.01000000       0.01000000       0.01000000       0.01000000       0.01000000       0.01000000       0.01000000       0.01000000       0.01000000
       0.01000000       0.01000000       0.01000000       0.01000000       0.01000000       0.01000000       0.01000000       0.01000000       0.01000000       0.01000000       0.01000000       0.01000000       0.01000000       0.01000000       0.01000000       0.01000000       0.01000000       0.01000000       0.01000000       0.01000000
       0.01000000       0.01000000       0.01000000       0.01000000       0.01000000       0.01000000       0.01000000       0.01000000       0.01000000       0.01000000       0.01000000       0.01000000       0.01000000       0.01000000       0.01000000       0.01000000       0.01000000       0.01000000       0.01000000       0.01000000
       0.01000000       0.01000000       0.01000000       0.01000000       0.01000000       0.01000000       0.01000000       0.01000000       0.01000000       0.01000000       0.01000000       0.01000000       0.01000000       0.01000000       0.01000000       0.01000000       0.01000000       0.01000000       0.01000000       0.01000000
       0.01000000       0.01000000       0.01000000       0.01000000       0.01000000       0.01000000       0.01000000       0.01000000       0.01000000       0.01000000       0.01000000       0.01000000       0.01000000       0.01000000       0.01000000       0.01000000       0.01000000       0.01000000       0.01000000       0.01000000
       0.01000000       0.01000000       0.01000000       0.01000000       0.01000000       0.01000000       0.01000000       0.01000000       0.01000000       0.01000000       0.01000000       0.01000000       0.01000000       0.01000000       0.01000000       0.01000000       0.01000000       0.01000000       0.01000000       0.01000000
       0.01000000       0.01000000       0.01000000       0.01000000       0.01000000       0.01000000       0.01000000       0.01000000       0.01000000       0.01000000       0.01000000       0.01000000       0.01000000       0.01000000       0.01000000       0.01000000       0.01000000       0.01000000       0.01000000       0.01000000
       0.01000000       0.01000000       0.01000000       0.01000000       0.01000000       0.01000000       0.01000000       0.01000000       0.01000000       0.01000000       0.01000000       0.01000000       0.01000000       0.01000000       0.01000000       0.01000000       0.01000000       0.01000000       0.01000000       0.01000000
       0.01000000       0.01000000       0.01000000       0.01000000       0.01000000       0.01000000       0.01000000       0.01000000       0.01000000       0.01000000       0.01000000       0.01000000       0.01000000       0.01000000       0.01000000       0.01000000       0.01000000       0.01000000       0.01000000       0.01000000
       0.01000000       0.01000000       0.01000000       0.01000000       0.01000000       0.01000000       0.01000000       0.01000000       0.01000000       0.01000000       0.01000000       0.01000000       0.01000000       0.01000000       0.01000000       0.01000000       0.01000000       0.01000000       0.01000000       0.01000000
       0.01000000       0.01000000       0.01000000       0.01000000       0.01000000       0.01000000       0.01000000       0.01000000       0.01000000       0.01000000       0.01000000       0.01000000       0.01000000       0.01000000       0.01000000       0.01000000       0.01000000       0.01000000       0.01000000       0.01000000
       0.01000000       0.01000000       0.01000000       0.01000000       0.01000000       0.01000000       0.01000000       0.01000000       0.01000000       0.01000000       0.01000000       0.01000000       0.01000000       0.01000000       0.01000000       0.01000000       0.01000000       0.01000000       0.01000000       0.01000000
       0.01000000       0.01000000       0.01000000       0.01000000       0.01000000       0.01000000       0.01000000       0.01000000       0.01000000       0.01000000       0.01000000       0.01000000       0.01000000       0.01000000       0.01000000       0.01000000       0.01000000       0.01000000       0.01000000       0.01000000
       0.01000000       0.01000000       0.01000000       0.01000000       0.01000000       0.01000000       0.01000000       0.01000000       0.01000000       0.01000000       0.01000000       0.01000000       0.01000000       0.01000000       0.01000000       0.01000000       0.01000000       0.01000000       0.01000000       0.01000000
       0.01000000       0.01000000       0.01000000       0.01000000       0.01000000       0.01000000       0.01000000       0.01000000       0.01000000       0.01000000       0.01000000       0.01000000       0.01000000       0.01000000       0.01000000       0.01000000       0.01000000       0.01000000       0.01000000       0.01000000
       0.01000000       0.01000000       0.01000000       0.01000000       0.01000000       0.01000000       0.01000000       0.01000000       0.01000000       0.01000000       0.01000000       0.01000000       0.01000000       0.01000000       0.01000000       0.01000000       0.01000000       0.01000000       0.01000000       0.01000000
       0.01000000       0.01000000       0.01000000       0.01000000       0.01000000       0.01000000       0.01000000       0.01000000       0.01000000       0.01000000       0.01000000       0.01000000       0.01000000       0.01000000       0.01000000       0.01000000       0.01000000       0.01000000       0.01000000       0.01000000
