  2.41069400E-05  2.41069400E-05  2.41069400E-05  2.41069400E-05  2.41069400E-05  2.41069400E-05  2.41069400E-05  2.41069400E-05  2.41069400E-05  2.41069400E-05  2.41069400E-05  2.41069400E-05  2.41069400E-05  2.41069400E-05  2.41069400E-05  2.41069400E-05  2.41069400E-05  2.41069400E-05  2.41069400E-05  2.41069400E-05
  2.41069400E-05  2.41069400E-05  2.41069400E-05  2.41069400E-05  2.41069400E-05  2.41069400E-05  2.41069400E-05  2.41069400E-05  2.41069400E-05  2.41069400E-05  2.41069400E-05  2.41069400E-05  2.41069400E-05  2.41069400E-05  2.41069400E-05  2.41069400E-05  2.41069400E-05  2.41069400E-05  2.41069400E-05  2.41069400E-05
  2.41069400E-05  2.41069400E-05  2.41069400E-05  2.41069400E-05  2.41069400E-05  2.41069400E-05  2.41069400E-05  2.41069400E-05  2.41069400E-05  2.41069400E-05  2.41069400E-05  2.41069400E-05  2.41069400E-05  2.41069400E-05  2.41069400E-05  2.41069400E-05  2.41069400E-05  2.41069400E-05  2.41069400E-05  2.41069400E-05
  2.41069400E-05  2.41069400E-05  2.41069400E-05  2.41069400E-05  2.41069400E-05  2.41069400E-05  2.41069400E-05  2.41069400E-05  2.41069400E-05  2.41069400E-05  2.41069400E-05  2.41069400E-05  2.41069400E-05  2.41069400E-05  2.41069400E-05  2.41069400E-05  2.41069400E-05  2.41069400E-05  2.41069400E-05  2.41069400E-05
  2.41069400E-05  2.41069400E-05  2.41069400E-05  2.41069400E-05  2.41069400E-05  2.41069400E-05  2.41069400E-05  2.41069400E-05  2.41069400E-05  2.41069400E-05  2.41069400E-05  2.41069400E-05  2.41069400E-05  2.41069400E-05  2.41069400E-05  2.41069400E-05  2.41069400E-05  2.41069400E-05  2.41069400E-05  2.41069400E-05
  2.41069400E-05  2.41069400E-05  2.41069400E-05  2.41069400E-05  2.41069400E-05  2.41069400E-05  2.41069400E-05  2.41069400E-05  2.41069400E-05  2.41069400E-05  2.41069400E-05  2.41069400E-05  2.41069400E-05  2.41069400E-05  2.41069400E-05  2.41069400E-05  2.41069400E-05  2.41069400E-05  2.41069400E-05  2.41069400E-05
  2.41069400E-05  2.41069400E-05  2.41069400E-05  2.41069400E-05  2.41069400E-05  2.41069400E-05  2.41069400E-05  2.41069400E-05  2.41069400E-05  2.41069400E-05  2.41069400E-05  2.41069400E-05  2.41069400E-05  2.41069400E-05  2.41069400E-05  2.41069400E-05  2.41069400E-05  2.41069400E-05  2.41069400E-05  2.41069400E-05
  2.41069400E-05  2.41069400E-05  2.41069400E-05  2.41069400E-05  2.41069400E-05  2.41069400E-05  2.41069400E-05  2.41069400E-05  2.41069400E-05  2.41069400E-05  2.41069400E-05  2.41069400E-05  2.41069400E-05  2.41069400E-05  2.41069400E-05  2.41069400E-05  2.41069400E-05  2.41069400E-05  2.41069400E-05  2.41069400E-05
  2.41069400E-05  2.41069400E-05  2.41069400E-05  2.41069400E-05  2.41069400E-05  2.41069400E-05  2.41069400E-05  2.41069400E-05  2.41069400E-05  2.41069400E-05  2.41069400E-05  2.41069400E-05  2.41069400E-05  2.41069400E-05  2.41069400E-05  2.41069400E-05  2.41069400E-05  2.41069400E-05  2.41069400E-05  2.41069400E-05
  2.41069400E-05  2.41069400E-05  2.41069400E-05  2.41069400E-05  2.41069400E-05  2.41069400E-05  2.41069400E-05  2.41069400E-05  2.41069400E-05  2.41069400E-05  2.41069400E-05  2.41069400E-05  2.41069400E-05  2.41069400E-05  2.41069400E-05  2.41069400E-05  2.41069400E-05  2.41069400E-05  2.41069400E-05  2.41069400E-05
  2.41069400E-05  2.41069400E-05  2.41069400E-05  2.41069400E-05  2.41069400E-05  2.41069400E-05  2.41069400E-05  2.41069400E-05  2.41069400E-05  2.41069400E-05  2.41069400E-05  2.41069400E-05  2.41069400E-05  2.41069400E-05  2.41069400E-05  2.41069400E-05  2.41069400E-05  2.41069400E-05  2.41069400E-05  2.41069400E-05
  2.41069400E-05  2.41069400E-05  2.41069400E-05  2.41069400E-05  2.41069400E-05  2.41069400E-05  2.41069400E-05  2.41069400E-05  2.41069400E-05  2.41069400E-05  2.41069400E-05  2.41069400E-05  2.41069400E-05  2.41069400E-05  2.41069400E-05  2.41069400E-05  2.41069400E-05  2.41069400E-05  2.41069400E-05  2.41069400E-05
  2.41069400E-05  2.41069400E-05  2.41069400E-05  2.41069400E-05  2.41069400E-05  2.41069400E-05  2.41069400E-05  2.41069400E-05  2.41069400E-05  2.41069400E-05  2.41069400E-05  2.41069400E-05  2.41069400E-05  2.41069400E-05  2.41069400E-05  2.41069400E-05  2.41069400E-05  2.41069400E-05  2.41069400E-05  2.41069400E-05
  2.41069400E-05  2.41069400E-05  2.41069400E-05  2.41069400E-05  2.41069400E-05  2.41069400E-05  2.41069400E-05  2.41069400E-05  2.41069400E-05  2.41069400E-05  2.41069400E-05  2.41069400E-05  2.41069400E-05  2.41069400E-05  2.41069400E-05  2.41069400E-05  2.41069400E-05  2.41069400E-05  2.41069400E-05  2.41069400E-05
  2.41069400E-05  2.41069400E-05  2.41069400E-05  2.41069400E-05  2.41069400E-05  2.41069400E-05  2.41069400E-05  2.41069400E-05  2.41069400E-05  2.41069400E-05  2.41069400E-05  2.41069400E-05  2.41069400E-05  2.41069400E-05  2.41069400E-05  2.41069400E-05  2.41069400E-05  2.41069400E-05  2.41069400E-05  2.41069400E-05
  2.41069400E-05  2.41069400E-05  2.41069400E-05  2.41069400E-05  2.41069400E-05  2.41069400E-05  2.41069400E-05  2.41069400E-05  2.41069400E-05  2.41069400E-05  2.41069400E-05  2.41069400E-05  2.41069400E-05  2.41069400E-05  2.41069400E-05  2.41069400E-05  2.41069400E-05  2.41069400E-05  2.41069400E-05  2.41069400E-05
  2.41069400E-05  2.41069400E-05  2.41069400E-05  2.41069400E-05  2.41069400E-05  2.41069400E-05  2.41069400E-05  2.41069400E-05  2.41069400E-05  2.41069400E-05  2.41069400E-05  2.41069400E-05  2.41069400E-05  2.41069400E-05  2.41069400E-05  2.41069400E-05  2.41069400E-05  2.41069400E-05  2.41069400E-05  2.41069400E-05
  2.41069400E-05  2.41069400E-05  2.41069400E-05  2.41069400E-05  2.41069400E-05  2.41069400E-05  2.41069400E-05  2.41069400E-05  2.41069400E-05  2.41069400E-05  2.41069400E-05  2.41069400E-05  2.41069400E-05  2.41069400E-05  2.41069400E-05  2.41069400E-05  2.41069400E-05  2.41069400E-05  2.41069400E-05  2.41069400E-05
  2.41069400E-05  2.41069400E-05  2.41069400E-05  2.41069400E-05  2.41069400E-05  2.41069400E-05  2.41069400E-05  2.41069400E-05  2.41069400E-05  2.41069400E-05  2.41069400E-05  2.41069400E-05  2.41069400E-05  2.41069400E-05  2.41069400E-05  2.41069400E-05  2.41069400E-05  2.41069400E-05  2.41069400E-05  2.41069400E-05
  2.41069400E-05  2.41069400E-05  2.41069400E-05  2.41069400E-05  2.41069400E-05  2.41069400E-05  2.41069400E-05  2.41069400E-05  2.41069400E-05  2.41069400E-05  2.41069400E-05  2.41069400E-05  2.41069400E-05  2.41069400E-05  2.41069400E-05  2.41069400E-05  2.41069400E-05  2.41069400E-05  2.41069400E-05  2.41069400E-05
  2.41069400E-05  2.41069400E-05  2.41069400E-05  2.41069400E-05  2.41069400E-05  2.41069400E-05  2.41069400E-05  2.41069400E-05  2.41069400E-05  2.41069400E-05  2.41069400E-05  2.41069400E-05  2.41069400E-05  2.41069400E-05  2.41069400E-05  2.41069400E-05  2.41069400E-05  2.41069400E-05  2.41069400E-05  2.41069400E-05
  2.41069400E-05  2.41069400E-05  2.41069400E-05  2.41069400E-05  2.41069400E-05  2.41069400E-05  2.41069400E-05  2.41069400E-05  2.41069400E-05  2.41069400E-05  2.41069400E-05  2.41069400E-05  2.41069400E-05  2.41069400E-05  2.41069400E-05  2.41069400E-05  2.41069400E-05  2.41069400E-05  2.41069400E-05  2.41069400E-05
  2.41069400E-05  2.41069400E-05  2.41069400E-05  2.41069400E-05  2.41069400E-05  2.41069400E-05  2.41069400E-05  2.41069400E-05  2.41069400E-05  2.41069400E-05  2.41069400E-05  2.41069400E-05  2.41069400E-05  2.41069400E-05  2.41069400E-05  2.41069400E-05  2.41069400E-05  2.41069400E-05  2.41069400E-05  2.41069400E-05
  2.41069400E-05  2.41069400E-05  2.41069400E-05  2.41069400E-05  2.41069400E-05  2.41069400E-05  2.41069400E-05  2.41069400E-05  2.41069400E-05  2.41069400E-05  2.41069400E-05  2.41069400E-05  2.41069400E-05  2.41069400E-05  2.41069400E-05  2.41069400E-05  2.41069400E-05  2.41069400E-05  2.41069400E-05  2.41069400E-05
  2.41069400E-05  2.41069400E-05  2.41069400E-05  2.41069400E-05  2.41069400E-05  2.41069400E-05  2.41069400E-05  2.41069400E-05  2.41069400E-05  2.41069400E-05  2.41069400E-05  2.41069400E-05  2.41069400E-05  2.41069400E-05  2.41069400E-05  2.41069400E-05  2.41069400E-05  2.41069400E-05  2.41069400E-05  2.41069400E-05
  2.41069400E-05  2.41069400E-05  2.41069400E-05  2.41069400E-05  2.41069400E-05  2.41069400E-05  2.41069400E-05  2.41069400E-05  2.41069400E-05  2.41069400E-05  2.41069400E-05  2.41069400E-05  2.41069400E-05  2.41069400E-05  2.41069400E-05  2.41069400E-05  2.41069400E-05  2.41069400E-05  2.41069400E-05  2.41069400E-05
  2.41069400E-05  2.41069400E-05  2.41069400E-05  2.41069400E-05  2.41069400E-05  2.41069400E-05  2.41069400E-05  2.41069400E-05  2.41069400E-05  2.41069400E-05  2.41069400E-05  2.41069400E-05  2.41069400E-05  2.41069400E-05  2.41069400E-05  2.41069400E-05  2.41069400E-05  2.41069400E-05  2.41069400E-05  2.41069400E-05
  2.41069400E-05  2.41069400E-05  2.41069400E-05  2.41069400E-05  2.41069400E-05  2.41069400E-05  2.41069400E-05  2.41069400E-05  2.41069400E-05  2.41069400E-05  2.41069400E-05  2.41069400E-05  2.41069400E-05  2.41069400E-05  2.41069400E-05  2.41069400E-05  2.41069400E-05  2.41069400E-05  2.41069400E-05  2.41069400E-05
  2.41069400E-05  2.41069400E-05  2.41069400E-05  2.41069400E-05  2.41069400E-05  2.41069400E-05  2.41069400E-05  2.41069400E-05  2.41069400E-05  2.41069400E-05  2.41069400E-05  2.41069400E-05  2.41069400E-05  2.41069400E-05  2.41069400E-05  2.41069400E-05  2.41069400E-05  2.41069400E-05  2.41069400E-05  2.41069400E-05
  2.41069400E-05  2.41069400E-05  2.41069400E-05  2.41069400E-05  2.41069400E-05  2.41069400E-05  2.41069400E-05  2.41069400E-05  2.41069400E-05  2.41069400E-05  2.41069400E-05  2.41069400E-05  2.41069400E-05  2.41069400E-05  2.41069400E-05  2.41069400E-05  2.41069400E-05  2.41069400E-05  2.41069400E-05  2.41069400E-05
  2.41069400E-05  2.41069400E-05  2.41069400E-05  2.41069400E-05  2.41069400E-05  2.41069400E-05  2.41069400E-05  2.41069400E-05  2.41069400E-05  2.41069400E-05  2.41069400E-05  2.41069400E-05  2.41069400E-05  2.41069400E-05  2.41069400E-05  2.41069400E-05  2.41069400E-05  2.41069400E-05  2.41069400E-05  2.41069400E-05
  2.41069400E-05  2.41069400E-05  2.41069400E-05  2.41069400E-05  2.41069400E-05  2.41069400E-05  2.41069400E-05  2.41069400E-05  2.41069400E-05  2.41069400E-05  2.41069400E-05  2.41069400E-05  2.41069400E-05  2.41069400E-05  2.41069400E-05  2.41069400E-05  2.41069400E-05  2.41069400E-05  2.41069400E-05  2.41069400E-05
  2.41069400E-05  2.41069400E-05  2.41069400E-05  2.41069400E-05  2.41069400E-05  2.41069400E-05  2.41069400E-05  2.41069400E-05  2.41069400E-05  2.41069400E-05  2.41069400E-05  2.41069400E-05  2.41069400E-05  2.41069400E-05  2.41069400E-05  2.41069400E-05  2.41069400E-05  2.41069400E-05  2.41069400E-05  2.41069400E-05
  2.41069400E-05  2.41069400E-05  2.41069400E-05  2.41069400E-05  2.41069400E-05  2.41069400E-05  2.41069400E-05  2.41069400E-05  2.41069400E-05  2.41069400E-05  2.41069400E-05  2.41069400E-05  2.41069400E-05  2.41069400E-05  2.41069400E-05  2.41069400E-05  2.41069400E-05  2.41069400E-05  2.41069400E-05  2.41069400E-05
  2.41069400E-05  2.41069400E-05  2.41069400E-05  2.41069400E-05  2.41069400E-05  2.41069400E-05  2.41069400E-05  2.41069400E-05  2.41069400E-05  2.41069400E-05  2.41069400E-05  2.41069400E-05  2.41069400E-05  2.41069400E-05  2.41069400E-05  2.41069400E-05  2.41069400E-05  2.41069400E-05  2.41069400E-05  2.41069400E-05
  2.41069400E-05  2.41069400E-05  2.41069400E-05  2.41069400E-05  2.41069400E-05  2.41069400E-05  2.41069400E-05  2.41069400E-05  2.41069400E-05  2.41069400E-05  2.41069400E-05  2.41069400E-05  2.41069400E-05  2.41069400E-05  2.41069400E-05  2.41069400E-05  2.41069400E-05  2.41069400E-05  2.41069400E-05  2.41069400E-05
  2.41069400E-05  2.41069400E-05  2.41069400E-05  2.41069400E-05  2.41069400E-05  2.41069400E-05  2.41069400E-05  2.41069400E-05  2.41069400E-05  2.41069400E-05  2.41069400E-05  2.41069400E-05  2.41069400E-05  2.41069400E-05  2.41069400E-05  2.41069400E-05  2.41069400E-05  2.41069400E-05  2.41069400E-05  2.41069400E-05
  2.41069400E-05  2.41069400E-05  2.41069400E-05  2.41069400E-05  2.41069400E-05  2.41069400E-05  2.41069400E-05  2.41069400E-05  2.41069400E-05  2.41069400E-05  2.41069400E-05  2.41069400E-05  2.41069400E-05  2.41069400E-05  2.41069400E-05  2.41069400E-05  2.41069400E-05  2.41069400E-05  2.41069400E-05  2.41069400E-05
  2.41069400E-05  2.41069400E-05  2.41069400E-05  2.41069400E-05  2.41069400E-05  2.41069400E-05  2.41069400E-05  2.41069400E-05  2.41069400E-05  2.41069400E-05  2.41069400E-05  2.41069400E-05  2.41069400E-05  2.41069400E-05  2.41069400E-05  2.41069400E-05  2.41069400E-05  2.41069400E-05  2.41069400E-05  2.41069400E-05
  2.41069400E-05  2.41069400E-05  2.41069400E-05  2.41069400E-05  2.41069400E-05  2.41069400E-05  2.41069400E-05  2.41069400E-05  2.41069400E-05  2.41069400E-05  2.41069400E-05  2.41069400E-05  2.41069400E-05  2.41069400E-05  2.41069400E-05  2.41069400E-05  2.41069400E-05  2.41069400E-05  2.41069400E-05  2.41069400E-05
