  6.56059900E-05  6.56059900E-05  6.56059900E-05  6.56059900E-05  6.56059900E-05  6.56059900E-05  6.56059900E-05  6.56059900E-05  6.56059900E-05  6.56059900E-05  6.56059900E-05  6.56059900E-05  6.56059900E-05  6.56059900E-05  6.56059900E-05  6.56059900E-05  6.56059900E-05  6.56059900E-05  6.56059900E-05  6.56059900E-05
  6.56059900E-05  6.56059900E-05  6.56059900E-05  6.56059900E-05  6.56059900E-05  6.56059900E-05  6.56059900E-05  6.56059900E-05  6.56059900E-05  6.56059900E-05  6.56059900E-05  6.56059900E-05  6.56059900E-05  6.56059900E-05  6.56059900E-05  6.56059900E-05  6.56059900E-05  6.56059900E-05  6.56059900E-05  6.56059900E-05
  6.56059900E-05  6.56059900E-05  6.56059900E-05  6.56059900E-05  6.56059900E-05  6.56059900E-05  6.56059900E-05  6.56059900E-05  6.56059900E-05  6.56059900E-05  6.56059900E-05  6.56059900E-05  6.56059900E-05  6.56059900E-05  6.56059900E-05  6.56059900E-05  6.56059900E-05  6.56059900E-05  6.56059900E-05  6.56059900E-05
  6.56059900E-05  6.56059900E-05  6.56059900E-05  6.56059900E-05  6.56059900E-05  6.56059900E-05  6.56059900E-05  6.56059900E-05  6.56059900E-05  6.56059900E-05  6.56059900E-05  6.56059900E-05  6.56059900E-05  6.56059900E-05  6.56059900E-05  6.56059900E-05  6.56059900E-05  6.56059900E-05  6.56059900E-05  6.56059900E-05
  6.56059900E-05  6.56059900E-05  6.56059900E-05  6.56059900E-05  6.56059900E-05  6.56059900E-05  6.56059900E-05  6.56059900E-05  6.56059900E-05  6.56059900E-05  6.56059900E-05  6.56059900E-05  6.56059900E-05  6.56059900E-05  6.56059900E-05  6.56059900E-05  6.56059900E-05  6.56059900E-05  6.56059900E-05  6.56059900E-05
  6.56059900E-05  6.56059900E-05  6.56059900E-05  6.56059900E-05  6.56059900E-05  6.56059900E-05  6.56059900E-05  6.56059900E-05  6.56059900E-05  6.56059900E-05  6.56059900E-05  6.56059900E-05  6.56059900E-05  6.56059900E-05  6.56059900E-05  6.56059900E-05  6.56059900E-05  6.56059900E-05  6.56059900E-05  6.56059900E-05
  6.56059900E-05  6.56059900E-05  6.56059900E-05  6.56059900E-05  6.56059900E-05  6.56059900E-05  6.56059900E-05  6.56059900E-05  6.56059900E-05  6.56059900E-05  6.56059900E-05  6.56059900E-05  6.56059900E-05  6.56059900E-05  6.56059900E-05  6.56059900E-05  6.56059900E-05  6.56059900E-05  6.56059900E-05  6.56059900E-05
  6.56059900E-05  6.56059900E-05  6.56059900E-05  6.56059900E-05  6.56059900E-05  6.56059900E-05  6.56059900E-05  6.56059900E-05  6.56059900E-05  6.56059900E-05  6.56059900E-05  6.56059900E-05  6.56059900E-05  6.56059900E-05  6.56059900E-05  6.56059900E-05  6.56059900E-05  6.56059900E-05  6.56059900E-05  6.56059900E-05
  6.56059900E-05  6.56059900E-05  6.56059900E-05  6.56059900E-05  6.56059900E-05  6.56059900E-05  6.56059900E-05  6.56059900E-05  6.56059900E-05  6.56059900E-05  6.56059900E-05  6.56059900E-05  6.56059900E-05  6.56059900E-05  6.56059900E-05  6.56059900E-05  6.56059900E-05  6.56059900E-05  6.56059900E-05  6.56059900E-05
  6.56059900E-05  6.56059900E-05  6.56059900E-05  6.56059900E-05  6.56059900E-05  6.56059900E-05  6.56059900E-05  6.56059900E-05  6.56059900E-05  6.56059900E-05  6.56059900E-05  6.56059900E-05  6.56059900E-05  6.56059900E-05  6.56059900E-05  6.56059900E-05  6.56059900E-05  6.56059900E-05  6.56059900E-05  6.56059900E-05
  6.56059900E-05  6.56059900E-05  6.56059900E-05  6.56059900E-05  6.56059900E-05  6.56059900E-05  6.56059900E-05  6.56059900E-05  6.56059900E-05  6.56059900E-05  6.56059900E-05  6.56059900E-05  6.56059900E-05  6.56059900E-05  6.56059900E-05  6.56059900E-05  6.56059900E-05  6.56059900E-05  6.56059900E-05  6.56059900E-05
  6.56059900E-05  6.56059900E-05  6.56059900E-05  6.56059900E-05  6.56059900E-05  6.56059900E-05  6.56059900E-05  6.56059900E-05  6.56059900E-05  6.56059900E-05  6.56059900E-05  6.56059900E-05  6.56059900E-05  6.56059900E-05  6.56059900E-05  6.56059900E-05  6.56059900E-05  6.56059900E-05  6.56059900E-05  6.56059900E-05
  6.56059900E-05  6.56059900E-05  6.56059900E-05  6.56059900E-05  6.56059900E-05  6.56059900E-05  6.56059900E-05  6.56059900E-05  6.56059900E-05  6.56059900E-05  6.56059900E-05  6.56059900E-05  6.56059900E-05  6.56059900E-05  6.56059900E-05  6.56059900E-05  6.56059900E-05  6.56059900E-05  6.56059900E-05  6.56059900E-05
  6.56059900E-05  6.56059900E-05  6.56059900E-05  6.56059900E-05  6.56059900E-05  6.56059900E-05  6.56059900E-05  6.56059900E-05  6.56059900E-05  6.56059900E-05  6.56059900E-05  6.56059900E-05  6.56059900E-05  6.56059900E-05  6.56059900E-05  6.56059900E-05  6.56059900E-05  6.56059900E-05  6.56059900E-05  6.56059900E-05
  6.56059900E-05  6.56059900E-05  6.56059900E-05  6.56059900E-05  6.56059900E-05  6.56059900E-05  6.56059900E-05  6.56059900E-05  6.56059900E-05  6.56059900E-05  6.56059900E-05  6.56059900E-05  6.56059900E-05  6.56059900E-05  6.56059900E-05  6.56059900E-05  6.56059900E-05  6.56059900E-05  6.56059900E-05  6.56059900E-05
  6.56059900E-05  6.56059900E-05  6.56059900E-05  6.56059900E-05  6.56059900E-05  6.56059900E-05  6.56059900E-05  6.56059900E-05  6.56059900E-05  6.56059900E-05  6.56059900E-05  6.56059900E-05  6.56059900E-05  6.56059900E-05  6.56059900E-05  6.56059900E-05  6.56059900E-05  6.56059900E-05  6.56059900E-05  6.56059900E-05
  6.56059900E-05  6.56059900E-05  6.56059900E-05  6.56059900E-05  6.56059900E-05  6.56059900E-05  6.56059900E-05  6.56059900E-05  6.56059900E-05  6.56059900E-05  6.56059900E-05  6.56059900E-05  6.56059900E-05  6.56059900E-05  6.56059900E-05  6.56059900E-05  6.56059900E-05  6.56059900E-05  6.56059900E-05  6.56059900E-05
  6.56059900E-05  6.56059900E-05  6.56059900E-05  6.56059900E-05  6.56059900E-05  6.56059900E-05  6.56059900E-05  6.56059900E-05  6.56059900E-05  6.56059900E-05  6.56059900E-05  6.56059900E-05  6.56059900E-05  6.56059900E-05  6.56059900E-05  6.56059900E-05  6.56059900E-05  6.56059900E-05  6.56059900E-05  6.56059900E-05
  6.56059900E-05  6.56059900E-05  6.56059900E-05  6.56059900E-05  6.56059900E-05  6.56059900E-05  6.56059900E-05  6.56059900E-05  6.56059900E-05  6.56059900E-05  6.56059900E-05  6.56059900E-05  6.56059900E-05  6.56059900E-05  6.56059900E-05  6.56059900E-05  6.56059900E-05  6.56059900E-05  6.56059900E-05  6.56059900E-05
  6.56059900E-05  6.56059900E-05  6.56059900E-05  6.56059900E-05  6.56059900E-05  6.56059900E-05  6.56059900E-05  6.56059900E-05  6.56059900E-05  6.56059900E-05  6.56059900E-05  6.56059900E-05  6.56059900E-05  6.56059900E-05  6.56059900E-05  6.56059900E-05  6.56059900E-05  6.56059900E-05  6.56059900E-05  6.56059900E-05
  6.56059900E-05  6.56059900E-05  6.56059900E-05  6.56059900E-05  6.56059900E-05  6.56059900E-05  6.56059900E-05  6.56059900E-05  6.56059900E-05  6.56059900E-05  6.56059900E-05  6.56059900E-05  6.56059900E-05  6.56059900E-05  6.56059900E-05  6.56059900E-05  6.56059900E-05  6.56059900E-05  6.56059900E-05  6.56059900E-05
  6.56059900E-05  6.56059900E-05  6.56059900E-05  6.56059900E-05  6.56059900E-05  6.56059900E-05  6.56059900E-05  6.56059900E-05  6.56059900E-05  6.56059900E-05  6.56059900E-05  6.56059900E-05  6.56059900E-05  6.56059900E-05  6.56059900E-05  6.56059900E-05  6.56059900E-05  6.56059900E-05  6.56059900E-05  6.56059900E-05
  6.56059900E-05  6.56059900E-05  6.56059900E-05  6.56059900E-05  6.56059900E-05  6.56059900E-05  6.56059900E-05  6.56059900E-05  6.56059900E-05  6.56059900E-05  6.56059900E-05  6.56059900E-05  6.56059900E-05  6.56059900E-05  6.56059900E-05  6.56059900E-05  6.56059900E-05  6.56059900E-05  6.56059900E-05  6.56059900E-05
  6.56059900E-05  6.56059900E-05  6.56059900E-05  6.56059900E-05  6.56059900E-05  6.56059900E-05  6.56059900E-05  6.56059900E-05  6.56059900E-05  6.56059900E-05  6.56059900E-05  6.56059900E-05  6.56059900E-05  6.56059900E-05  6.56059900E-05  6.56059900E-05  6.56059900E-05  6.56059900E-05  6.56059900E-05  6.56059900E-05
  6.56059900E-05  6.56059900E-05  6.56059900E-05  6.56059900E-05  6.56059900E-05  6.56059900E-05  6.56059900E-05  6.56059900E-05  6.56059900E-05  6.56059900E-05  6.56059900E-05  6.56059900E-05  6.56059900E-05  6.56059900E-05  6.56059900E-05  6.56059900E-05  6.56059900E-05  6.56059900E-05  6.56059900E-05  6.56059900E-05
  6.56059900E-05  6.56059900E-05  6.56059900E-05  6.56059900E-05  6.56059900E-05  6.56059900E-05  6.56059900E-05  6.56059900E-05  6.56059900E-05  6.56059900E-05  6.56059900E-05  6.56059900E-05  6.56059900E-05  6.56059900E-05  6.56059900E-05  6.56059900E-05  6.56059900E-05  6.56059900E-05  6.56059900E-05  6.56059900E-05
  6.56059900E-05  6.56059900E-05  6.56059900E-05  6.56059900E-05  6.56059900E-05  6.56059900E-05  6.56059900E-05  6.56059900E-05  6.56059900E-05  6.56059900E-05  6.56059900E-05  6.56059900E-05  6.56059900E-05  6.56059900E-05  6.56059900E-05  6.56059900E-05  6.56059900E-05  6.56059900E-05  6.56059900E-05  6.56059900E-05
  6.56059900E-05  6.56059900E-05  6.56059900E-05  6.56059900E-05  6.56059900E-05  6.56059900E-05  6.56059900E-05  6.56059900E-05  6.56059900E-05  6.56059900E-05  6.56059900E-05  6.56059900E-05  6.56059900E-05  6.56059900E-05  6.56059900E-05  6.56059900E-05  6.56059900E-05  6.56059900E-05  6.56059900E-05  6.56059900E-05
  6.56059900E-05  6.56059900E-05  6.56059900E-05  6.56059900E-05  6.56059900E-05  6.56059900E-05  6.56059900E-05  6.56059900E-05  6.56059900E-05  6.56059900E-05  6.56059900E-05  6.56059900E-05  6.56059900E-05  6.56059900E-05  6.56059900E-05  6.56059900E-05  6.56059900E-05  6.56059900E-05  6.56059900E-05  6.56059900E-05
  6.56059900E-05  6.56059900E-05  6.56059900E-05  6.56059900E-05  6.56059900E-05  6.56059900E-05  6.56059900E-05  6.56059900E-05  6.56059900E-05  6.56059900E-05  6.56059900E-05  6.56059900E-05  6.56059900E-05  6.56059900E-05  6.56059900E-05  6.56059900E-05  6.56059900E-05  6.56059900E-05  6.56059900E-05  6.56059900E-05
  6.56059900E-05  6.56059900E-05  6.56059900E-05  6.56059900E-05  6.56059900E-05  6.56059900E-05  6.56059900E-05  6.56059900E-05  6.56059900E-05  6.56059900E-05  6.56059900E-05  6.56059900E-05  6.56059900E-05  6.56059900E-05  6.56059900E-05  6.56059900E-05  6.56059900E-05  6.56059900E-05  6.56059900E-05  6.56059900E-05
  6.56059900E-05  6.56059900E-05  6.56059900E-05  6.56059900E-05  6.56059900E-05  6.56059900E-05  6.56059900E-05  6.56059900E-05  6.56059900E-05  6.56059900E-05  6.56059900E-05  6.56059900E-05  6.56059900E-05  6.56059900E-05  6.56059900E-05  6.56059900E-05  6.56059900E-05  6.56059900E-05  6.56059900E-05  6.56059900E-05
  6.56059900E-05  6.56059900E-05  6.56059900E-05  6.56059900E-05  6.56059900E-05  6.56059900E-05  6.56059900E-05  6.56059900E-05  6.56059900E-05  6.56059900E-05  6.56059900E-05  6.56059900E-05  6.56059900E-05  6.56059900E-05  6.56059900E-05  6.56059900E-05  6.56059900E-05  6.56059900E-05  6.56059900E-05  6.56059900E-05
  6.56059900E-05  6.56059900E-05  6.56059900E-05  6.56059900E-05  6.56059900E-05  6.56059900E-05  6.56059900E-05  6.56059900E-05  6.56059900E-05  6.56059900E-05  6.56059900E-05  6.56059900E-05  6.56059900E-05  6.56059900E-05  6.56059900E-05  6.56059900E-05  6.56059900E-05  6.56059900E-05  6.56059900E-05  6.56059900E-05
  6.56059900E-05  6.56059900E-05  6.56059900E-05  6.56059900E-05  6.56059900E-05  6.56059900E-05  6.56059900E-05  6.56059900E-05  6.56059900E-05  6.56059900E-05  6.56059900E-05  6.56059900E-05  6.56059900E-05  6.56059900E-05  6.56059900E-05  6.56059900E-05  6.56059900E-05  6.56059900E-05  6.56059900E-05  6.56059900E-05
  6.56059900E-05  6.56059900E-05  6.56059900E-05  6.56059900E-05  6.56059900E-05  6.56059900E-05  6.56059900E-05  6.56059900E-05  6.56059900E-05  6.56059900E-05  6.56059900E-05  6.56059900E-05  6.56059900E-05  6.56059900E-05  6.56059900E-05  6.56059900E-05  6.56059900E-05  6.56059900E-05  6.56059900E-05  6.56059900E-05
  6.56059900E-05  6.56059900E-05  6.56059900E-05  6.56059900E-05  6.56059900E-05  6.56059900E-05  6.56059900E-05  6.56059900E-05  6.56059900E-05  6.56059900E-05  6.56059900E-05  6.56059900E-05  6.56059900E-05  6.56059900E-05  6.56059900E-05  6.56059900E-05  6.56059900E-05  6.56059900E-05  6.56059900E-05  6.56059900E-05
  6.56059900E-05  6.56059900E-05  6.56059900E-05  6.56059900E-05  6.56059900E-05  6.56059900E-05  6.56059900E-05  6.56059900E-05  6.56059900E-05  6.56059900E-05  6.56059900E-05  6.56059900E-05  6.56059900E-05  6.56059900E-05  6.56059900E-05  6.56059900E-05  6.56059900E-05  6.56059900E-05  6.56059900E-05  6.56059900E-05
  6.56059900E-05  6.56059900E-05  6.56059900E-05  6.56059900E-05  6.56059900E-05  6.56059900E-05  6.56059900E-05  6.56059900E-05  6.56059900E-05  6.56059900E-05  6.56059900E-05  6.56059900E-05  6.56059900E-05  6.56059900E-05  6.56059900E-05  6.56059900E-05  6.56059900E-05  6.56059900E-05  6.56059900E-05  6.56059900E-05
  6.56059900E-05  6.56059900E-05  6.56059900E-05  6.56059900E-05  6.56059900E-05  6.56059900E-05  6.56059900E-05  6.56059900E-05  6.56059900E-05  6.56059900E-05  6.56059900E-05  6.56059900E-05  6.56059900E-05  6.56059900E-05  6.56059900E-05  6.56059900E-05  6.56059900E-05  6.56059900E-05  6.56059900E-05  6.56059900E-05
