  9.18562700E-05  9.18562700E-05  9.18562700E-05  9.18562700E-05  9.18562700E-05  9.18562700E-05  9.18562700E-05  9.18562700E-05  9.18562700E-05  9.18562700E-05  9.18562700E-05  9.18562700E-05  9.18562700E-05  9.18562700E-05  9.18562700E-05  9.18562700E-05  9.18562700E-05  9.18562700E-05  9.18562700E-05  9.18562700E-05
  9.18562700E-05  9.18562700E-05  9.18562700E-05  9.18562700E-05  9.18562700E-05  9.18562700E-05  9.18562700E-05  9.18562700E-05  9.18562700E-05  9.18562700E-05  9.18562700E-05  9.18562700E-05  9.18562700E-05  9.18562700E-05  9.18562700E-05  9.18562700E-05  9.18562700E-05  9.18562700E-05  9.18562700E-05  9.18562700E-05
  9.18562700E-05  9.18562700E-05  9.18562700E-05  9.18562700E-05  9.18562700E-05  9.18562700E-05  9.18562700E-05  9.18562700E-05  9.18562700E-05  9.18562700E-05  9.18562700E-05  9.18562700E-05  9.18562700E-05  9.18562700E-05  9.18562700E-05  9.18562700E-05  9.18562700E-05  9.18562700E-05  9.18562700E-05  9.18562700E-05
  9.18562700E-05  9.18562700E-05  9.18562700E-05  9.18562700E-05  9.18562700E-05  9.18562700E-05  9.18562700E-05  9.18562700E-05  9.18562700E-05  9.18562700E-05  9.18562700E-05  9.18562700E-05  9.18562700E-05  9.18562700E-05  9.18562700E-05  9.18562700E-05  9.18562700E-05  9.18562700E-05  9.18562700E-05  9.18562700E-05
  9.18562700E-05  9.18562700E-05  9.18562700E-05  9.18562700E-05  9.18562700E-05  9.18562700E-05  9.18562700E-05  9.18562700E-05  9.18562700E-05  9.18562700E-05  9.18562700E-05  9.18562700E-05  9.18562700E-05  9.18562700E-05  9.18562700E-05  9.18562700E-05  9.18562700E-05  9.18562700E-05  9.18562700E-05  9.18562700E-05
  9.18562700E-05  9.18562700E-05  9.18562700E-05  9.18562700E-05  9.18562700E-05  9.18562700E-05  9.18562700E-05  9.18562700E-05  9.18562700E-05  9.18562700E-05  9.18562700E-05  9.18562700E-05  9.18562700E-05  9.18562700E-05  9.18562700E-05  9.18562700E-05  9.18562700E-05  9.18562700E-05  9.18562700E-05  9.18562700E-05
  9.18562700E-05  9.18562700E-05  9.18562700E-05  9.18562700E-05  9.18562700E-05  9.18562700E-05  9.18562700E-05  9.18562700E-05  9.18562700E-05  9.18562700E-05  9.18562700E-05  9.18562700E-05  9.18562700E-05  9.18562700E-05  9.18562700E-05  9.18562700E-05  9.18562700E-05  9.18562700E-05  9.18562700E-05  9.18562700E-05
  9.18562700E-05  9.18562700E-05  9.18562700E-05  9.18562700E-05  9.18562700E-05  9.18562700E-05  9.18562700E-05  9.18562700E-05  9.18562700E-05  9.18562700E-05  9.18562700E-05  9.18562700E-05  9.18562700E-05  9.18562700E-05  9.18562700E-05  9.18562700E-05  9.18562700E-05  9.18562700E-05  9.18562700E-05  9.18562700E-05
  9.18562700E-05  9.18562700E-05  9.18562700E-05  9.18562700E-05  9.18562700E-05  9.18562700E-05  9.18562700E-05  9.18562700E-05  9.18562700E-05  9.18562700E-05  9.18562700E-05  9.18562700E-05  9.18562700E-05  9.18562700E-05  9.18562700E-05  9.18562700E-05  9.18562700E-05  9.18562700E-05  9.18562700E-05  9.18562700E-05
  9.18562700E-05  9.18562700E-05  9.18562700E-05  9.18562700E-05  9.18562700E-05  9.18562700E-05  9.18562700E-05  9.18562700E-05  9.18562700E-05  9.18562700E-05  9.18562700E-05  9.18562700E-05  9.18562700E-05  9.18562700E-05  9.18562700E-05  9.18562700E-05  9.18562700E-05  9.18562700E-05  9.18562700E-05  9.18562700E-05
  9.18562700E-05  9.18562700E-05  9.18562700E-05  9.18562700E-05  9.18562700E-05  9.18562700E-05  9.18562700E-05  9.18562700E-05  9.18562700E-05  9.18562700E-05  9.18562700E-05  9.18562700E-05  9.18562700E-05  9.18562700E-05  9.18562700E-05  9.18562700E-05  9.18562700E-05  9.18562700E-05  9.18562700E-05  9.18562700E-05
  9.18562700E-05  9.18562700E-05  9.18562700E-05  9.18562700E-05  9.18562700E-05  9.18562700E-05  9.18562700E-05  9.18562700E-05  9.18562700E-05  9.18562700E-05  9.18562700E-05  9.18562700E-05  9.18562700E-05  9.18562700E-05  9.18562700E-05  9.18562700E-05  9.18562700E-05  9.18562700E-05  9.18562700E-05  9.18562700E-05
  9.18562700E-05  9.18562700E-05  9.18562700E-05  9.18562700E-05  9.18562700E-05  9.18562700E-05  9.18562700E-05  9.18562700E-05  9.18562700E-05  9.18562700E-05  9.18562700E-05  9.18562700E-05  9.18562700E-05  9.18562700E-05  9.18562700E-05  9.18562700E-05  9.18562700E-05  9.18562700E-05  9.18562700E-05  9.18562700E-05
  9.18562700E-05  9.18562700E-05  9.18562700E-05  9.18562700E-05  9.18562700E-05  9.18562700E-05  9.18562700E-05  9.18562700E-05  9.18562700E-05  9.18562700E-05  9.18562700E-05  9.18562700E-05  9.18562700E-05  9.18562700E-05  9.18562700E-05  9.18562700E-05  9.18562700E-05  9.18562700E-05  9.18562700E-05  9.18562700E-05
  9.18562700E-05  9.18562700E-05  9.18562700E-05  9.18562700E-05  9.18562700E-05  9.18562700E-05  9.18562700E-05  9.18562700E-05  9.18562700E-05  9.18562700E-05  9.18562700E-05  9.18562700E-05  9.18562700E-05  9.18562700E-05  9.18562700E-05  9.18562700E-05  9.18562700E-05  9.18562700E-05  9.18562700E-05  9.18562700E-05
  9.18562700E-05  9.18562700E-05  9.18562700E-05  9.18562700E-05  9.18562700E-05  9.18562700E-05  9.18562700E-05  9.18562700E-05  9.18562700E-05  9.18562700E-05  9.18562700E-05  9.18562700E-05  9.18562700E-05  9.18562700E-05  9.18562700E-05  9.18562700E-05  9.18562700E-05  9.18562700E-05  9.18562700E-05  9.18562700E-05
  9.18562700E-05  9.18562700E-05  9.18562700E-05  9.18562700E-05  9.18562700E-05  9.18562700E-05  9.18562700E-05  9.18562700E-05  9.18562700E-05  9.18562700E-05  9.18562700E-05  9.18562700E-05  9.18562700E-05  9.18562700E-05  9.18562700E-05  9.18562700E-05  9.18562700E-05  9.18562700E-05  9.18562700E-05  9.18562700E-05
  9.18562700E-05  9.18562700E-05  9.18562700E-05  9.18562700E-05  9.18562700E-05  9.18562700E-05  9.18562700E-05  9.18562700E-05  9.18562700E-05  9.18562700E-05  9.18562700E-05  9.18562700E-05  9.18562700E-05  9.18562700E-05  9.18562700E-05  9.18562700E-05  9.18562700E-05  9.18562700E-05  9.18562700E-05  9.18562700E-05
  9.18562700E-05  9.18562700E-05  9.18562700E-05  9.18562700E-05  9.18562700E-05  9.18562700E-05  9.18562700E-05  9.18562700E-05  9.18562700E-05  9.18562700E-05  9.18562700E-05  9.18562700E-05  9.18562700E-05  9.18562700E-05  9.18562700E-05  9.18562700E-05  9.18562700E-05  9.18562700E-05  9.18562700E-05  9.18562700E-05
  9.18562700E-05  9.18562700E-05  9.18562700E-05  9.18562700E-05  9.18562700E-05  9.18562700E-05  9.18562700E-05  9.18562700E-05  9.18562700E-05  9.18562700E-05  9.18562700E-05  9.18562700E-05  9.18562700E-05  9.18562700E-05  9.18562700E-05  9.18562700E-05  9.18562700E-05  9.18562700E-05  9.18562700E-05  9.18562700E-05
  9.18562700E-05  9.18562700E-05  9.18562700E-05  9.18562700E-05  9.18562700E-05  9.18562700E-05  9.18562700E-05  9.18562700E-05  9.18562700E-05  9.18562700E-05  9.18562700E-05  9.18562700E-05  9.18562700E-05  9.18562700E-05  9.18562700E-05  9.18562700E-05  9.18562700E-05  9.18562700E-05  9.18562700E-05  9.18562700E-05
  9.18562700E-05  9.18562700E-05  9.18562700E-05  9.18562700E-05  9.18562700E-05  9.18562700E-05  9.18562700E-05  9.18562700E-05  9.18562700E-05  9.18562700E-05  9.18562700E-05  9.18562700E-05  9.18562700E-05  9.18562700E-05  9.18562700E-05  9.18562700E-05  9.18562700E-05  9.18562700E-05  9.18562700E-05  9.18562700E-05
  9.18562700E-05  9.18562700E-05  9.18562700E-05  9.18562700E-05  9.18562700E-05  9.18562700E-05  9.18562700E-05  9.18562700E-05  9.18562700E-05  9.18562700E-05  9.18562700E-05  9.18562700E-05  9.18562700E-05  9.18562700E-05  9.18562700E-05  9.18562700E-05  9.18562700E-05  9.18562700E-05  9.18562700E-05  9.18562700E-05
  9.18562700E-05  9.18562700E-05  9.18562700E-05  9.18562700E-05  9.18562700E-05  9.18562700E-05  9.18562700E-05  9.18562700E-05  9.18562700E-05  9.18562700E-05  9.18562700E-05  9.18562700E-05  9.18562700E-05  9.18562700E-05  9.18562700E-05  9.18562700E-05  9.18562700E-05  9.18562700E-05  9.18562700E-05  9.18562700E-05
  9.18562700E-05  9.18562700E-05  9.18562700E-05  9.18562700E-05  9.18562700E-05  9.18562700E-05  9.18562700E-05  9.18562700E-05  9.18562700E-05  9.18562700E-05  9.18562700E-05  9.18562700E-05  9.18562700E-05  9.18562700E-05  9.18562700E-05  9.18562700E-05  9.18562700E-05  9.18562700E-05  9.18562700E-05  9.18562700E-05
  9.18562700E-05  9.18562700E-05  9.18562700E-05  9.18562700E-05  9.18562700E-05  9.18562700E-05  9.18562700E-05  9.18562700E-05  9.18562700E-05  9.18562700E-05  9.18562700E-05  9.18562700E-05  9.18562700E-05  9.18562700E-05  9.18562700E-05  9.18562700E-05  9.18562700E-05  9.18562700E-05  9.18562700E-05  9.18562700E-05
  9.18562700E-05  9.18562700E-05  9.18562700E-05  9.18562700E-05  9.18562700E-05  9.18562700E-05  9.18562700E-05  9.18562700E-05  9.18562700E-05  9.18562700E-05  9.18562700E-05  9.18562700E-05  9.18562700E-05  9.18562700E-05  9.18562700E-05  9.18562700E-05  9.18562700E-05  9.18562700E-05  9.18562700E-05  9.18562700E-05
  9.18562700E-05  9.18562700E-05  9.18562700E-05  9.18562700E-05  9.18562700E-05  9.18562700E-05  9.18562700E-05  9.18562700E-05  9.18562700E-05  9.18562700E-05  9.18562700E-05  9.18562700E-05  9.18562700E-05  9.18562700E-05  9.18562700E-05  9.18562700E-05  9.18562700E-05  9.18562700E-05  9.18562700E-05  9.18562700E-05
  9.18562700E-05  9.18562700E-05  9.18562700E-05  9.18562700E-05  9.18562700E-05  9.18562700E-05  9.18562700E-05  9.18562700E-05  9.18562700E-05  9.18562700E-05  9.18562700E-05  9.18562700E-05  9.18562700E-05  9.18562700E-05  9.18562700E-05  9.18562700E-05  9.18562700E-05  9.18562700E-05  9.18562700E-05  9.18562700E-05
  9.18562700E-05  9.18562700E-05  9.18562700E-05  9.18562700E-05  9.18562700E-05  9.18562700E-05  9.18562700E-05  9.18562700E-05  9.18562700E-05  9.18562700E-05  9.18562700E-05  9.18562700E-05  9.18562700E-05  9.18562700E-05  9.18562700E-05  9.18562700E-05  9.18562700E-05  9.18562700E-05  9.18562700E-05  9.18562700E-05
  9.18562700E-05  9.18562700E-05  9.18562700E-05  9.18562700E-05  9.18562700E-05  9.18562700E-05  9.18562700E-05  9.18562700E-05  9.18562700E-05  9.18562700E-05  9.18562700E-05  9.18562700E-05  9.18562700E-05  9.18562700E-05  9.18562700E-05  9.18562700E-05  9.18562700E-05  9.18562700E-05  9.18562700E-05  9.18562700E-05
  9.18562700E-05  9.18562700E-05  9.18562700E-05  9.18562700E-05  9.18562700E-05  9.18562700E-05  9.18562700E-05  9.18562700E-05  9.18562700E-05  9.18562700E-05  9.18562700E-05  9.18562700E-05  9.18562700E-05  9.18562700E-05  9.18562700E-05  9.18562700E-05  9.18562700E-05  9.18562700E-05  9.18562700E-05  9.18562700E-05
  9.18562700E-05  9.18562700E-05  9.18562700E-05  9.18562700E-05  9.18562700E-05  9.18562700E-05  9.18562700E-05  9.18562700E-05  9.18562700E-05  9.18562700E-05  9.18562700E-05  9.18562700E-05  9.18562700E-05  9.18562700E-05  9.18562700E-05  9.18562700E-05  9.18562700E-05  9.18562700E-05  9.18562700E-05  9.18562700E-05
  9.18562700E-05  9.18562700E-05  9.18562700E-05  9.18562700E-05  9.18562700E-05  9.18562700E-05  9.18562700E-05  9.18562700E-05  9.18562700E-05  9.18562700E-05  9.18562700E-05  9.18562700E-05  9.18562700E-05  9.18562700E-05  9.18562700E-05  9.18562700E-05  9.18562700E-05  9.18562700E-05  9.18562700E-05  9.18562700E-05
  9.18562700E-05  9.18562700E-05  9.18562700E-05  9.18562700E-05  9.18562700E-05  9.18562700E-05  9.18562700E-05  9.18562700E-05  9.18562700E-05  9.18562700E-05  9.18562700E-05  9.18562700E-05  9.18562700E-05  9.18562700E-05  9.18562700E-05  9.18562700E-05  9.18562700E-05  9.18562700E-05  9.18562700E-05  9.18562700E-05
  9.18562700E-05  9.18562700E-05  9.18562700E-05  9.18562700E-05  9.18562700E-05  9.18562700E-05  9.18562700E-05  9.18562700E-05  9.18562700E-05  9.18562700E-05  9.18562700E-05  9.18562700E-05  9.18562700E-05  9.18562700E-05  9.18562700E-05  9.18562700E-05  9.18562700E-05  9.18562700E-05  9.18562700E-05  9.18562700E-05
  9.18562700E-05  9.18562700E-05  9.18562700E-05  9.18562700E-05  9.18562700E-05  9.18562700E-05  9.18562700E-05  9.18562700E-05  9.18562700E-05  9.18562700E-05  9.18562700E-05  9.18562700E-05  9.18562700E-05  9.18562700E-05  9.18562700E-05  9.18562700E-05  9.18562700E-05  9.18562700E-05  9.18562700E-05  9.18562700E-05
  9.18562700E-05  9.18562700E-05  9.18562700E-05  9.18562700E-05  9.18562700E-05  9.18562700E-05  9.18562700E-05  9.18562700E-05  9.18562700E-05  9.18562700E-05  9.18562700E-05  9.18562700E-05  9.18562700E-05  9.18562700E-05  9.18562700E-05  9.18562700E-05  9.18562700E-05  9.18562700E-05  9.18562700E-05  9.18562700E-05
  9.18562700E-05  9.18562700E-05  9.18562700E-05  9.18562700E-05  9.18562700E-05  9.18562700E-05  9.18562700E-05  9.18562700E-05  9.18562700E-05  9.18562700E-05  9.18562700E-05  9.18562700E-05  9.18562700E-05  9.18562700E-05  9.18562700E-05  9.18562700E-05  9.18562700E-05  9.18562700E-05  9.18562700E-05  9.18562700E-05
  9.18562700E-05  9.18562700E-05  9.18562700E-05  9.18562700E-05  9.18562700E-05  9.18562700E-05  9.18562700E-05  9.18562700E-05  9.18562700E-05  9.18562700E-05  9.18562700E-05  9.18562700E-05  9.18562700E-05  9.18562700E-05  9.18562700E-05  9.18562700E-05  9.18562700E-05  9.18562700E-05  9.18562700E-05  9.18562700E-05
