  3.59736500E-05  3.59736500E-05  3.59736500E-05  3.59736500E-05  3.59736500E-05  3.59736500E-05  3.59736500E-05  3.59736500E-05  3.59736500E-05  3.59736500E-05  3.59736500E-05  3.59736500E-05  3.59736500E-05  3.59736500E-05  3.59736500E-05  3.59736500E-05  3.59736500E-05  3.59736500E-05  3.59736500E-05  3.59736500E-05
  3.59736500E-05  3.59736500E-05  3.59736500E-05  3.59736500E-05  3.59736500E-05  3.59736500E-05  3.59736500E-05  3.59736500E-05  3.59736500E-05  3.59736500E-05  3.59736500E-05  3.59736500E-05  3.59736500E-05  3.59736500E-05  3.59736500E-05  3.59736500E-05  3.59736500E-05  3.59736500E-05  3.59736500E-05  3.59736500E-05
  3.59736500E-05  3.59736500E-05  3.59736500E-05  3.59736500E-05  3.59736500E-05  3.59736500E-05  3.59736500E-05  3.59736500E-05  3.59736500E-05  3.59736500E-05  3.59736500E-05  3.59736500E-05  3.59736500E-05  3.59736500E-05  3.59736500E-05  3.59736500E-05  3.59736500E-05  3.59736500E-05  3.59736500E-05  3.59736500E-05
  3.59736500E-05  3.59736500E-05  3.59736500E-05  3.59736500E-05  3.59736500E-05  3.59736500E-05  3.59736500E-05  3.59736500E-05  3.59736500E-05  3.59736500E-05  3.59736500E-05  3.59736500E-05  3.59736500E-05  3.59736500E-05  3.59736500E-05  3.59736500E-05  3.59736500E-05  3.59736500E-05  3.59736500E-05  3.59736500E-05
  3.59736500E-05  3.59736500E-05  3.59736500E-05  3.59736500E-05  3.59736500E-05  3.59736500E-05  3.59736500E-05  3.59736500E-05  3.59736500E-05  3.59736500E-05  3.59736500E-05  3.59736500E-05  3.59736500E-05  3.59736500E-05  3.59736500E-05  3.59736500E-05  3.59736500E-05  3.59736500E-05  3.59736500E-05  3.59736500E-05
  3.59736500E-05  3.59736500E-05  3.59736500E-05  3.59736500E-05  3.59736500E-05  3.59736500E-05  3.59736500E-05  3.59736500E-05  3.59736500E-05  3.59736500E-05  3.59736500E-05  3.59736500E-05  3.59736500E-05  3.59736500E-05  3.59736500E-05  3.59736500E-05  3.59736500E-05  3.59736500E-05  3.59736500E-05  3.59736500E-05
  3.59736500E-05  3.59736500E-05  3.59736500E-05  3.59736500E-05  3.59736500E-05  3.59736500E-05  3.59736500E-05  3.59736500E-05  3.59736500E-05  3.59736500E-05  3.59736500E-05  3.59736500E-05  3.59736500E-05  3.59736500E-05  3.59736500E-05  3.59736500E-05  3.59736500E-05  3.59736500E-05  3.59736500E-05  3.59736500E-05
  3.59736500E-05  3.59736500E-05  3.59736500E-05  3.59736500E-05  3.59736500E-05  3.59736500E-05  3.59736500E-05  3.59736500E-05  3.59736500E-05  3.59736500E-05  3.59736500E-05  3.59736500E-05  3.59736500E-05  3.59736500E-05  3.59736500E-05  3.59736500E-05  3.59736500E-05  3.59736500E-05  3.59736500E-05  3.59736500E-05
  3.59736500E-05  3.59736500E-05  3.59736500E-05  3.59736500E-05  3.59736500E-05  3.59736500E-05  3.59736500E-05  3.59736500E-05  3.59736500E-05  3.59736500E-05  3.59736500E-05  3.59736500E-05  3.59736500E-05  3.59736500E-05  3.59736500E-05  3.59736500E-05  3.59736500E-05  3.59736500E-05  3.59736500E-05  3.59736500E-05
  3.59736500E-05  3.59736500E-05  3.59736500E-05  3.59736500E-05  3.59736500E-05  3.59736500E-05  3.59736500E-05  3.59736500E-05  3.59736500E-05  3.59736500E-05  3.59736500E-05  3.59736500E-05  3.59736500E-05  3.59736500E-05  3.59736500E-05  3.59736500E-05  3.59736500E-05  3.59736500E-05  3.59736500E-05  3.59736500E-05
  3.59736500E-05  3.59736500E-05  3.59736500E-05  3.59736500E-05  3.59736500E-05  3.59736500E-05  3.59736500E-05  3.59736500E-05  3.59736500E-05  3.59736500E-05  3.59736500E-05  3.59736500E-05  3.59736500E-05  3.59736500E-05  3.59736500E-05  3.59736500E-05  3.59736500E-05  3.59736500E-05  3.59736500E-05  3.59736500E-05
  3.59736500E-05  3.59736500E-05  3.59736500E-05  3.59736500E-05  3.59736500E-05  3.59736500E-05  3.59736500E-05  3.59736500E-05  3.59736500E-05  3.59736500E-05  3.59736500E-05  3.59736500E-05  3.59736500E-05  3.59736500E-05  3.59736500E-05  3.59736500E-05  3.59736500E-05  3.59736500E-05  3.59736500E-05  3.59736500E-05
  3.59736500E-05  3.59736500E-05  3.59736500E-05  3.59736500E-05  3.59736500E-05  3.59736500E-05  3.59736500E-05  3.59736500E-05  3.59736500E-05  3.59736500E-05  3.59736500E-05  3.59736500E-05  3.59736500E-05  3.59736500E-05  3.59736500E-05  3.59736500E-05  3.59736500E-05  3.59736500E-05  3.59736500E-05  3.59736500E-05
  3.59736500E-05  3.59736500E-05  3.59736500E-05  3.59736500E-05  3.59736500E-05  3.59736500E-05  3.59736500E-05  3.59736500E-05  3.59736500E-05  3.59736500E-05  3.59736500E-05  3.59736500E-05  3.59736500E-05  3.59736500E-05  3.59736500E-05  3.59736500E-05  3.59736500E-05  3.59736500E-05  3.59736500E-05  3.59736500E-05
  3.59736500E-05  3.59736500E-05  3.59736500E-05  3.59736500E-05  3.59736500E-05  3.59736500E-05  3.59736500E-05  3.59736500E-05  3.59736500E-05  3.59736500E-05  3.59736500E-05  3.59736500E-05  3.59736500E-05  3.59736500E-05  3.59736500E-05  3.59736500E-05  3.59736500E-05  3.59736500E-05  3.59736500E-05  3.59736500E-05
  3.59736500E-05  3.59736500E-05  3.59736500E-05  3.59736500E-05  3.59736500E-05  3.59736500E-05  3.59736500E-05  3.59736500E-05  3.59736500E-05  3.59736500E-05  3.59736500E-05  3.59736500E-05  3.59736500E-05  3.59736500E-05  3.59736500E-05  3.59736500E-05  3.59736500E-05  3.59736500E-05  3.59736500E-05  3.59736500E-05
  3.59736500E-05  3.59736500E-05  3.59736500E-05  3.59736500E-05  3.59736500E-05  3.59736500E-05  3.59736500E-05  3.59736500E-05  3.59736500E-05  3.59736500E-05  3.59736500E-05  3.59736500E-05  3.59736500E-05  3.59736500E-05  3.59736500E-05  3.59736500E-05  3.59736500E-05  3.59736500E-05  3.59736500E-05  3.59736500E-05
  3.59736500E-05  3.59736500E-05  3.59736500E-05  3.59736500E-05  3.59736500E-05  3.59736500E-05  3.59736500E-05  3.59736500E-05  3.59736500E-05  3.59736500E-05  3.59736500E-05  3.59736500E-05  3.59736500E-05  3.59736500E-05  3.59736500E-05  3.59736500E-05  3.59736500E-05  3.59736500E-05  3.59736500E-05  3.59736500E-05
  3.59736500E-05  3.59736500E-05  3.59736500E-05  3.59736500E-05  3.59736500E-05  3.59736500E-05  3.59736500E-05  3.59736500E-05  3.59736500E-05  3.59736500E-05  3.59736500E-05  3.59736500E-05  3.59736500E-05  3.59736500E-05  3.59736500E-05  3.59736500E-05  3.59736500E-05  3.59736500E-05  3.59736500E-05  3.59736500E-05
  3.59736500E-05  3.59736500E-05  3.59736500E-05  3.59736500E-05  3.59736500E-05  3.59736500E-05  3.59736500E-05  3.59736500E-05  3.59736500E-05  3.59736500E-05  3.59736500E-05  3.59736500E-05  3.59736500E-05  3.59736500E-05  3.59736500E-05  3.59736500E-05  3.59736500E-05  3.59736500E-05  3.59736500E-05  3.59736500E-05
  3.59736500E-05  3.59736500E-05  3.59736500E-05  3.59736500E-05  3.59736500E-05  3.59736500E-05  3.59736500E-05  3.59736500E-05  3.59736500E-05  3.59736500E-05  3.59736500E-05  3.59736500E-05  3.59736500E-05  3.59736500E-05  3.59736500E-05  3.59736500E-05  3.59736500E-05  3.59736500E-05  3.59736500E-05  3.59736500E-05
  3.59736500E-05  3.59736500E-05  3.59736500E-05  3.59736500E-05  3.59736500E-05  3.59736500E-05  3.59736500E-05  3.59736500E-05  3.59736500E-05  3.59736500E-05  3.59736500E-05  3.59736500E-05  3.59736500E-05  3.59736500E-05  3.59736500E-05  3.59736500E-05  3.59736500E-05  3.59736500E-05  3.59736500E-05  3.59736500E-05
  3.59736500E-05  3.59736500E-05  3.59736500E-05  3.59736500E-05  3.59736500E-05  3.59736500E-05  3.59736500E-05  3.59736500E-05  3.59736500E-05  3.59736500E-05  3.59736500E-05  3.59736500E-05  3.59736500E-05  3.59736500E-05  3.59736500E-05  3.59736500E-05  3.59736500E-05  3.59736500E-05  3.59736500E-05  3.59736500E-05
  3.59736500E-05  3.59736500E-05  3.59736500E-05  3.59736500E-05  3.59736500E-05  3.59736500E-05  3.59736500E-05  3.59736500E-05  3.59736500E-05  3.59736500E-05  3.59736500E-05  3.59736500E-05  3.59736500E-05  3.59736500E-05  3.59736500E-05  3.59736500E-05  3.59736500E-05  3.59736500E-05  3.59736500E-05  3.59736500E-05
  3.59736500E-05  3.59736500E-05  3.59736500E-05  3.59736500E-05  3.59736500E-05  3.59736500E-05  3.59736500E-05  3.59736500E-05  3.59736500E-05  3.59736500E-05  3.59736500E-05  3.59736500E-05  3.59736500E-05  3.59736500E-05  3.59736500E-05  3.59736500E-05  3.59736500E-05  3.59736500E-05  3.59736500E-05  3.59736500E-05
  3.59736500E-05  3.59736500E-05  3.59736500E-05  3.59736500E-05  3.59736500E-05  3.59736500E-05  3.59736500E-05  3.59736500E-05  3.59736500E-05  3.59736500E-05  3.59736500E-05  3.59736500E-05  3.59736500E-05  3.59736500E-05  3.59736500E-05  3.59736500E-05  3.59736500E-05  3.59736500E-05  3.59736500E-05  3.59736500E-05
  3.59736500E-05  3.59736500E-05  3.59736500E-05  3.59736500E-05  3.59736500E-05  3.59736500E-05  3.59736500E-05  3.59736500E-05  3.59736500E-05  3.59736500E-05  3.59736500E-05  3.59736500E-05  3.59736500E-05  3.59736500E-05  3.59736500E-05  3.59736500E-05  3.59736500E-05  3.59736500E-05  3.59736500E-05  3.59736500E-05
  3.59736500E-05  3.59736500E-05  3.59736500E-05  3.59736500E-05  3.59736500E-05  3.59736500E-05  3.59736500E-05  3.59736500E-05  3.59736500E-05  3.59736500E-05  3.59736500E-05  3.59736500E-05  3.59736500E-05  3.59736500E-05  3.59736500E-05  3.59736500E-05  3.59736500E-05  3.59736500E-05  3.59736500E-05  3.59736500E-05
  3.59736500E-05  3.59736500E-05  3.59736500E-05  3.59736500E-05  3.59736500E-05  3.59736500E-05  3.59736500E-05  3.59736500E-05  3.59736500E-05  3.59736500E-05  3.59736500E-05  3.59736500E-05  3.59736500E-05  3.59736500E-05  3.59736500E-05  3.59736500E-05  3.59736500E-05  3.59736500E-05  3.59736500E-05  3.59736500E-05
  3.59736500E-05  3.59736500E-05  3.59736500E-05  3.59736500E-05  3.59736500E-05  3.59736500E-05  3.59736500E-05  3.59736500E-05  3.59736500E-05  3.59736500E-05  3.59736500E-05  3.59736500E-05  3.59736500E-05  3.59736500E-05  3.59736500E-05  3.59736500E-05  3.59736500E-05  3.59736500E-05  3.59736500E-05  3.59736500E-05
  3.59736500E-05  3.59736500E-05  3.59736500E-05  3.59736500E-05  3.59736500E-05  3.59736500E-05  3.59736500E-05  3.59736500E-05  3.59736500E-05  3.59736500E-05  3.59736500E-05  3.59736500E-05  3.59736500E-05  3.59736500E-05  3.59736500E-05  3.59736500E-05  3.59736500E-05  3.59736500E-05  3.59736500E-05  3.59736500E-05
  3.59736500E-05  3.59736500E-05  3.59736500E-05  3.59736500E-05  3.59736500E-05  3.59736500E-05  3.59736500E-05  3.59736500E-05  3.59736500E-05  3.59736500E-05  3.59736500E-05  3.59736500E-05  3.59736500E-05  3.59736500E-05  3.59736500E-05  3.59736500E-05  3.59736500E-05  3.59736500E-05  3.59736500E-05  3.59736500E-05
  3.59736500E-05  3.59736500E-05  3.59736500E-05  3.59736500E-05  3.59736500E-05  3.59736500E-05  3.59736500E-05  3.59736500E-05  3.59736500E-05  3.59736500E-05  3.59736500E-05  3.59736500E-05  3.59736500E-05  3.59736500E-05  3.59736500E-05  3.59736500E-05  3.59736500E-05  3.59736500E-05  3.59736500E-05  3.59736500E-05
  3.59736500E-05  3.59736500E-05  3.59736500E-05  3.59736500E-05  3.59736500E-05  3.59736500E-05  3.59736500E-05  3.59736500E-05  3.59736500E-05  3.59736500E-05  3.59736500E-05  3.59736500E-05  3.59736500E-05  3.59736500E-05  3.59736500E-05  3.59736500E-05  3.59736500E-05  3.59736500E-05  3.59736500E-05  3.59736500E-05
  3.59736500E-05  3.59736500E-05  3.59736500E-05  3.59736500E-05  3.59736500E-05  3.59736500E-05  3.59736500E-05  3.59736500E-05  3.59736500E-05  3.59736500E-05  3.59736500E-05  3.59736500E-05  3.59736500E-05  3.59736500E-05  3.59736500E-05  3.59736500E-05  3.59736500E-05  3.59736500E-05  3.59736500E-05  3.59736500E-05
  3.59736500E-05  3.59736500E-05  3.59736500E-05  3.59736500E-05  3.59736500E-05  3.59736500E-05  3.59736500E-05  3.59736500E-05  3.59736500E-05  3.59736500E-05  3.59736500E-05  3.59736500E-05  3.59736500E-05  3.59736500E-05  3.59736500E-05  3.59736500E-05  3.59736500E-05  3.59736500E-05  3.59736500E-05  3.59736500E-05
  3.59736500E-05  3.59736500E-05  3.59736500E-05  3.59736500E-05  3.59736500E-05  3.59736500E-05  3.59736500E-05  3.59736500E-05  3.59736500E-05  3.59736500E-05  3.59736500E-05  3.59736500E-05  3.59736500E-05  3.59736500E-05  3.59736500E-05  3.59736500E-05  3.59736500E-05  3.59736500E-05  3.59736500E-05  3.59736500E-05
  3.59736500E-05  3.59736500E-05  3.59736500E-05  3.59736500E-05  3.59736500E-05  3.59736500E-05  3.59736500E-05  3.59736500E-05  3.59736500E-05  3.59736500E-05  3.59736500E-05  3.59736500E-05  3.59736500E-05  3.59736500E-05  3.59736500E-05  3.59736500E-05  3.59736500E-05  3.59736500E-05  3.59736500E-05  3.59736500E-05
  3.59736500E-05  3.59736500E-05  3.59736500E-05  3.59736500E-05  3.59736500E-05  3.59736500E-05  3.59736500E-05  3.59736500E-05  3.59736500E-05  3.59736500E-05  3.59736500E-05  3.59736500E-05  3.59736500E-05  3.59736500E-05  3.59736500E-05  3.59736500E-05  3.59736500E-05  3.59736500E-05  3.59736500E-05  3.59736500E-05
  3.59736500E-05  3.59736500E-05  3.59736500E-05  3.59736500E-05  3.59736500E-05  3.59736500E-05  3.59736500E-05  3.59736500E-05  3.59736500E-05  3.59736500E-05  3.59736500E-05  3.59736500E-05  3.59736500E-05  3.59736500E-05  3.59736500E-05  3.59736500E-05  3.59736500E-05  3.59736500E-05  3.59736500E-05  3.59736500E-05
