  9.52619700E-05  9.52619700E-05  9.52619700E-05  9.52619700E-05  9.52619700E-05  9.52619700E-05  9.52619700E-05  9.52619700E-05  9.52619700E-05  9.52619700E-05  9.52619700E-05  9.52619700E-05  9.52619700E-05  9.52619700E-05  9.52619700E-05  9.52619700E-05  9.52619700E-05  9.52619700E-05  9.52619700E-05  9.52619700E-05
  9.52619700E-05  9.52619700E-05  9.52619700E-05  9.52619700E-05  9.52619700E-05  9.52619700E-05  9.52619700E-05  9.52619700E-05  9.52619700E-05  9.52619700E-05  9.52619700E-05  9.52619700E-05  9.52619700E-05  9.52619700E-05  9.52619700E-05  9.52619700E-05  9.52619700E-05  9.52619700E-05  9.52619700E-05  9.52619700E-05
  9.52619700E-05  9.52619700E-05  9.52619700E-05  9.52619700E-05  9.52619700E-05  9.52619700E-05  9.52619700E-05  9.52619700E-05  9.52619700E-05  9.52619700E-05  9.52619700E-05  9.52619700E-05  9.52619700E-05  9.52619700E-05  9.52619700E-05  9.52619700E-05  9.52619700E-05  9.52619700E-05  9.52619700E-05  9.52619700E-05
  9.52619700E-05  9.52619700E-05  9.52619700E-05  9.52619700E-05  9.52619700E-05  9.52619700E-05  9.52619700E-05  9.52619700E-05  9.52619700E-05  9.52619700E-05  9.52619700E-05  9.52619700E-05  9.52619700E-05  9.52619700E-05  9.52619700E-05  9.52619700E-05  9.52619700E-05  9.52619700E-05  9.52619700E-05  9.52619700E-05
  9.52619700E-05  9.52619700E-05  9.52619700E-05  9.52619700E-05  9.52619700E-05  9.52619700E-05  9.52619700E-05  9.52619700E-05  9.52619700E-05  9.52619700E-05  9.52619700E-05  9.52619700E-05  9.52619700E-05  9.52619700E-05  9.52619700E-05  9.52619700E-05  9.52619700E-05  9.52619700E-05  9.52619700E-05  9.52619700E-05
  9.52619700E-05  9.52619700E-05  9.52619700E-05  9.52619700E-05  9.52619700E-05  9.52619700E-05  9.52619700E-05  9.52619700E-05  9.52619700E-05  9.52619700E-05  9.52619700E-05  9.52619700E-05  9.52619700E-05  9.52619700E-05  9.52619700E-05  9.52619700E-05  9.52619700E-05  9.52619700E-05  9.52619700E-05  9.52619700E-05
  9.52619700E-05  9.52619700E-05  9.52619700E-05  9.52619700E-05  9.52619700E-05  9.52619700E-05  9.52619700E-05  9.52619700E-05  9.52619700E-05  9.52619700E-05  9.52619700E-05  9.52619700E-05  9.52619700E-05  9.52619700E-05  9.52619700E-05  9.52619700E-05  9.52619700E-05  9.52619700E-05  9.52619700E-05  9.52619700E-05
  9.52619700E-05  9.52619700E-05  9.52619700E-05  9.52619700E-05  9.52619700E-05  9.52619700E-05  9.52619700E-05  9.52619700E-05  9.52619700E-05  9.52619700E-05  9.52619700E-05  9.52619700E-05  9.52619700E-05  9.52619700E-05  9.52619700E-05  9.52619700E-05  9.52619700E-05  9.52619700E-05  9.52619700E-05  9.52619700E-05
  9.52619700E-05  9.52619700E-05  9.52619700E-05  9.52619700E-05  9.52619700E-05  9.52619700E-05  9.52619700E-05  9.52619700E-05  9.52619700E-05  9.52619700E-05  9.52619700E-05  9.52619700E-05  9.52619700E-05  9.52619700E-05  9.52619700E-05  9.52619700E-05  9.52619700E-05  9.52619700E-05  9.52619700E-05  9.52619700E-05
  9.52619700E-05  9.52619700E-05  9.52619700E-05  9.52619700E-05  9.52619700E-05  9.52619700E-05  9.52619700E-05  9.52619700E-05  9.52619700E-05  9.52619700E-05  9.52619700E-05  9.52619700E-05  9.52619700E-05  9.52619700E-05  9.52619700E-05  9.52619700E-05  9.52619700E-05  9.52619700E-05  9.52619700E-05  9.52619700E-05
  9.52619700E-05  9.52619700E-05  9.52619700E-05  9.52619700E-05  9.52619700E-05  9.52619700E-05  9.52619700E-05  9.52619700E-05  9.52619700E-05  9.52619700E-05  9.52619700E-05  9.52619700E-05  9.52619700E-05  9.52619700E-05  9.52619700E-05  9.52619700E-05  9.52619700E-05  9.52619700E-05  9.52619700E-05  9.52619700E-05
  9.52619700E-05  9.52619700E-05  9.52619700E-05  9.52619700E-05  9.52619700E-05  9.52619700E-05  9.52619700E-05  9.52619700E-05  9.52619700E-05  9.52619700E-05  9.52619700E-05  9.52619700E-05  9.52619700E-05  9.52619700E-05  9.52619700E-05  9.52619700E-05  9.52619700E-05  9.52619700E-05  9.52619700E-05  9.52619700E-05
  9.52619700E-05  9.52619700E-05  9.52619700E-05  9.52619700E-05  9.52619700E-05  9.52619700E-05  9.52619700E-05  9.52619700E-05  9.52619700E-05  9.52619700E-05  9.52619700E-05  9.52619700E-05  9.52619700E-05  9.52619700E-05  9.52619700E-05  9.52619700E-05  9.52619700E-05  9.52619700E-05  9.52619700E-05  9.52619700E-05
  9.52619700E-05  9.52619700E-05  9.52619700E-05  9.52619700E-05  9.52619700E-05  9.52619700E-05  9.52619700E-05  9.52619700E-05  9.52619700E-05  9.52619700E-05  9.52619700E-05  9.52619700E-05  9.52619700E-05  9.52619700E-05  9.52619700E-05  9.52619700E-05  9.52619700E-05  9.52619700E-05  9.52619700E-05  9.52619700E-05
  9.52619700E-05  9.52619700E-05  9.52619700E-05  9.52619700E-05  9.52619700E-05  9.52619700E-05  9.52619700E-05  9.52619700E-05  9.52619700E-05  9.52619700E-05  9.52619700E-05  9.52619700E-05  9.52619700E-05  9.52619700E-05  9.52619700E-05  9.52619700E-05  9.52619700E-05  9.52619700E-05  9.52619700E-05  9.52619700E-05
  9.52619700E-05  9.52619700E-05  9.52619700E-05  9.52619700E-05  9.52619700E-05  9.52619700E-05  9.52619700E-05  9.52619700E-05  9.52619700E-05  9.52619700E-05  9.52619700E-05  9.52619700E-05  9.52619700E-05  9.52619700E-05  9.52619700E-05  9.52619700E-05  9.52619700E-05  9.52619700E-05  9.52619700E-05  9.52619700E-05
  9.52619700E-05  9.52619700E-05  9.52619700E-05  9.52619700E-05  9.52619700E-05  9.52619700E-05  9.52619700E-05  9.52619700E-05  9.52619700E-05  9.52619700E-05  9.52619700E-05  9.52619700E-05  9.52619700E-05  9.52619700E-05  9.52619700E-05  9.52619700E-05  9.52619700E-05  9.52619700E-05  9.52619700E-05  9.52619700E-05
  9.52619700E-05  9.52619700E-05  9.52619700E-05  9.52619700E-05  9.52619700E-05  9.52619700E-05  9.52619700E-05  9.52619700E-05  9.52619700E-05  9.52619700E-05  9.52619700E-05  9.52619700E-05  9.52619700E-05  9.52619700E-05  9.52619700E-05  9.52619700E-05  9.52619700E-05  9.52619700E-05  9.52619700E-05  9.52619700E-05
  9.52619700E-05  9.52619700E-05  9.52619700E-05  9.52619700E-05  9.52619700E-05  9.52619700E-05  9.52619700E-05  9.52619700E-05  9.52619700E-05  9.52619700E-05  9.52619700E-05  9.52619700E-05  9.52619700E-05  9.52619700E-05  9.52619700E-05  9.52619700E-05  9.52619700E-05  9.52619700E-05  9.52619700E-05  9.52619700E-05
  9.52619700E-05  9.52619700E-05  9.52619700E-05  9.52619700E-05  9.52619700E-05  9.52619700E-05  9.52619700E-05  9.52619700E-05  9.52619700E-05  9.52619700E-05  9.52619700E-05  9.52619700E-05  9.52619700E-05  9.52619700E-05  9.52619700E-05  9.52619700E-05  9.52619700E-05  9.52619700E-05  9.52619700E-05  9.52619700E-05
  9.52619700E-05  9.52619700E-05  9.52619700E-05  9.52619700E-05  9.52619700E-05  9.52619700E-05  9.52619700E-05  9.52619700E-05  9.52619700E-05  9.52619700E-05  9.52619700E-05  9.52619700E-05  9.52619700E-05  9.52619700E-05  9.52619700E-05  9.52619700E-05  9.52619700E-05  9.52619700E-05  9.52619700E-05  9.52619700E-05
  9.52619700E-05  9.52619700E-05  9.52619700E-05  9.52619700E-05  9.52619700E-05  9.52619700E-05  9.52619700E-05  9.52619700E-05  9.52619700E-05  9.52619700E-05  9.52619700E-05  9.52619700E-05  9.52619700E-05  9.52619700E-05  9.52619700E-05  9.52619700E-05  9.52619700E-05  9.52619700E-05  9.52619700E-05  9.52619700E-05
  9.52619700E-05  9.52619700E-05  9.52619700E-05  9.52619700E-05  9.52619700E-05  9.52619700E-05  9.52619700E-05  9.52619700E-05  9.52619700E-05  9.52619700E-05  9.52619700E-05  9.52619700E-05  9.52619700E-05  9.52619700E-05  9.52619700E-05  9.52619700E-05  9.52619700E-05  9.52619700E-05  9.52619700E-05  9.52619700E-05
  9.52619700E-05  9.52619700E-05  9.52619700E-05  9.52619700E-05  9.52619700E-05  9.52619700E-05  9.52619700E-05  9.52619700E-05  9.52619700E-05  9.52619700E-05  9.52619700E-05  9.52619700E-05  9.52619700E-05  9.52619700E-05  9.52619700E-05  9.52619700E-05  9.52619700E-05  9.52619700E-05  9.52619700E-05  9.52619700E-05
  9.52619700E-05  9.52619700E-05  9.52619700E-05  9.52619700E-05  9.52619700E-05  9.52619700E-05  9.52619700E-05  9.52619700E-05  9.52619700E-05  9.52619700E-05  9.52619700E-05  9.52619700E-05  9.52619700E-05  9.52619700E-05  9.52619700E-05  9.52619700E-05  9.52619700E-05  9.52619700E-05  9.52619700E-05  9.52619700E-05
  9.52619700E-05  9.52619700E-05  9.52619700E-05  9.52619700E-05  9.52619700E-05  9.52619700E-05  9.52619700E-05  9.52619700E-05  9.52619700E-05  9.52619700E-05  9.52619700E-05  9.52619700E-05  9.52619700E-05  9.52619700E-05  9.52619700E-05  9.52619700E-05  9.52619700E-05  9.52619700E-05  9.52619700E-05  9.52619700E-05
  9.52619700E-05  9.52619700E-05  9.52619700E-05  9.52619700E-05  9.52619700E-05  9.52619700E-05  9.52619700E-05  9.52619700E-05  9.52619700E-05  9.52619700E-05  9.52619700E-05  9.52619700E-05  9.52619700E-05  9.52619700E-05  9.52619700E-05  9.52619700E-05  9.52619700E-05  9.52619700E-05  9.52619700E-05  9.52619700E-05
  9.52619700E-05  9.52619700E-05  9.52619700E-05  9.52619700E-05  9.52619700E-05  9.52619700E-05  9.52619700E-05  9.52619700E-05  9.52619700E-05  9.52619700E-05  9.52619700E-05  9.52619700E-05  9.52619700E-05  9.52619700E-05  9.52619700E-05  9.52619700E-05  9.52619700E-05  9.52619700E-05  9.52619700E-05  9.52619700E-05
  9.52619700E-05  9.52619700E-05  9.52619700E-05  9.52619700E-05  9.52619700E-05  9.52619700E-05  9.52619700E-05  9.52619700E-05  9.52619700E-05  9.52619700E-05  9.52619700E-05  9.52619700E-05  9.52619700E-05  9.52619700E-05  9.52619700E-05  9.52619700E-05  9.52619700E-05  9.52619700E-05  9.52619700E-05  9.52619700E-05
  9.52619700E-05  9.52619700E-05  9.52619700E-05  9.52619700E-05  9.52619700E-05  9.52619700E-05  9.52619700E-05  9.52619700E-05  9.52619700E-05  9.52619700E-05  9.52619700E-05  9.52619700E-05  9.52619700E-05  9.52619700E-05  9.52619700E-05  9.52619700E-05  9.52619700E-05  9.52619700E-05  9.52619700E-05  9.52619700E-05
  9.52619700E-05  9.52619700E-05  9.52619700E-05  9.52619700E-05  9.52619700E-05  9.52619700E-05  9.52619700E-05  9.52619700E-05  9.52619700E-05  9.52619700E-05  9.52619700E-05  9.52619700E-05  9.52619700E-05  9.52619700E-05  9.52619700E-05  9.52619700E-05  9.52619700E-05  9.52619700E-05  9.52619700E-05  9.52619700E-05
  9.52619700E-05  9.52619700E-05  9.52619700E-05  9.52619700E-05  9.52619700E-05  9.52619700E-05  9.52619700E-05  9.52619700E-05  9.52619700E-05  9.52619700E-05  9.52619700E-05  9.52619700E-05  9.52619700E-05  9.52619700E-05  9.52619700E-05  9.52619700E-05  9.52619700E-05  9.52619700E-05  9.52619700E-05  9.52619700E-05
  9.52619700E-05  9.52619700E-05  9.52619700E-05  9.52619700E-05  9.52619700E-05  9.52619700E-05  9.52619700E-05  9.52619700E-05  9.52619700E-05  9.52619700E-05  9.52619700E-05  9.52619700E-05  9.52619700E-05  9.52619700E-05  9.52619700E-05  9.52619700E-05  9.52619700E-05  9.52619700E-05  9.52619700E-05  9.52619700E-05
  9.52619700E-05  9.52619700E-05  9.52619700E-05  9.52619700E-05  9.52619700E-05  9.52619700E-05  9.52619700E-05  9.52619700E-05  9.52619700E-05  9.52619700E-05  9.52619700E-05  9.52619700E-05  9.52619700E-05  9.52619700E-05  9.52619700E-05  9.52619700E-05  9.52619700E-05  9.52619700E-05  9.52619700E-05  9.52619700E-05
  9.52619700E-05  9.52619700E-05  9.52619700E-05  9.52619700E-05  9.52619700E-05  9.52619700E-05  9.52619700E-05  9.52619700E-05  9.52619700E-05  9.52619700E-05  9.52619700E-05  9.52619700E-05  9.52619700E-05  9.52619700E-05  9.52619700E-05  9.52619700E-05  9.52619700E-05  9.52619700E-05  9.52619700E-05  9.52619700E-05
  9.52619700E-05  9.52619700E-05  9.52619700E-05  9.52619700E-05  9.52619700E-05  9.52619700E-05  9.52619700E-05  9.52619700E-05  9.52619700E-05  9.52619700E-05  9.52619700E-05  9.52619700E-05  9.52619700E-05  9.52619700E-05  9.52619700E-05  9.52619700E-05  9.52619700E-05  9.52619700E-05  9.52619700E-05  9.52619700E-05
  9.52619700E-05  9.52619700E-05  9.52619700E-05  9.52619700E-05  9.52619700E-05  9.52619700E-05  9.52619700E-05  9.52619700E-05  9.52619700E-05  9.52619700E-05  9.52619700E-05  9.52619700E-05  9.52619700E-05  9.52619700E-05  9.52619700E-05  9.52619700E-05  9.52619700E-05  9.52619700E-05  9.52619700E-05  9.52619700E-05
  9.52619700E-05  9.52619700E-05  9.52619700E-05  9.52619700E-05  9.52619700E-05  9.52619700E-05  9.52619700E-05  9.52619700E-05  9.52619700E-05  9.52619700E-05  9.52619700E-05  9.52619700E-05  9.52619700E-05  9.52619700E-05  9.52619700E-05  9.52619700E-05  9.52619700E-05  9.52619700E-05  9.52619700E-05  9.52619700E-05
  9.52619700E-05  9.52619700E-05  9.52619700E-05  9.52619700E-05  9.52619700E-05  9.52619700E-05  9.52619700E-05  9.52619700E-05  9.52619700E-05  9.52619700E-05  9.52619700E-05  9.52619700E-05  9.52619700E-05  9.52619700E-05  9.52619700E-05  9.52619700E-05  9.52619700E-05  9.52619700E-05  9.52619700E-05  9.52619700E-05
  9.52619700E-05  9.52619700E-05  9.52619700E-05  9.52619700E-05  9.52619700E-05  9.52619700E-05  9.52619700E-05  9.52619700E-05  9.52619700E-05  9.52619700E-05  9.52619700E-05  9.52619700E-05  9.52619700E-05  9.52619700E-05  9.52619700E-05  9.52619700E-05  9.52619700E-05  9.52619700E-05  9.52619700E-05  9.52619700E-05
