  2.33635700E-05  2.33635700E-05  2.33635700E-05  2.33635700E-05  2.33635700E-05  2.33635700E-05  2.33635700E-05  2.33635700E-05  2.33635700E-05  2.33635700E-05  2.33635700E-05  2.33635700E-05  2.33635700E-05  2.33635700E-05  2.33635700E-05  2.33635700E-05  2.33635700E-05  2.33635700E-05  2.33635700E-05  2.33635700E-05
  2.33635700E-05  2.33635700E-05  2.33635700E-05  2.33635700E-05  2.33635700E-05  2.33635700E-05  2.33635700E-05  2.33635700E-05  2.33635700E-05  2.33635700E-05  2.33635700E-05  2.33635700E-05  2.33635700E-05  2.33635700E-05  2.33635700E-05  2.33635700E-05  2.33635700E-05  2.33635700E-05  2.33635700E-05  2.33635700E-05
  2.33635700E-05  2.33635700E-05  2.33635700E-05  2.33635700E-05  2.33635700E-05  2.33635700E-05  2.33635700E-05  2.33635700E-05  2.33635700E-05  2.33635700E-05  2.33635700E-05  2.33635700E-05  2.33635700E-05  2.33635700E-05  2.33635700E-05  2.33635700E-05  2.33635700E-05  2.33635700E-05  2.33635700E-05  2.33635700E-05
  2.33635700E-05  2.33635700E-05  2.33635700E-05  2.33635700E-05  2.33635700E-05  2.33635700E-05  2.33635700E-05  2.33635700E-05  2.33635700E-05  2.33635700E-05  2.33635700E-05  2.33635700E-05  2.33635700E-05  2.33635700E-05  2.33635700E-05  2.33635700E-05  2.33635700E-05  2.33635700E-05  2.33635700E-05  2.33635700E-05
  2.33635700E-05  2.33635700E-05  2.33635700E-05  2.33635700E-05  2.33635700E-05  2.33635700E-05  2.33635700E-05  2.33635700E-05  2.33635700E-05  2.33635700E-05  2.33635700E-05  2.33635700E-05  2.33635700E-05  2.33635700E-05  2.33635700E-05  2.33635700E-05  2.33635700E-05  2.33635700E-05  2.33635700E-05  2.33635700E-05
  2.33635700E-05  2.33635700E-05  2.33635700E-05  2.33635700E-05  2.33635700E-05  2.33635700E-05  2.33635700E-05  2.33635700E-05  2.33635700E-05  2.33635700E-05  2.33635700E-05  2.33635700E-05  2.33635700E-05  2.33635700E-05  2.33635700E-05  2.33635700E-05  2.33635700E-05  2.33635700E-05  2.33635700E-05  2.33635700E-05
  2.33635700E-05  2.33635700E-05  2.33635700E-05  2.33635700E-05  2.33635700E-05  2.33635700E-05  2.33635700E-05  2.33635700E-05  2.33635700E-05  2.33635700E-05  2.33635700E-05  2.33635700E-05  2.33635700E-05  2.33635700E-05  2.33635700E-05  2.33635700E-05  2.33635700E-05  2.33635700E-05  2.33635700E-05  2.33635700E-05
  2.33635700E-05  2.33635700E-05  2.33635700E-05  2.33635700E-05  2.33635700E-05  2.33635700E-05  2.33635700E-05  2.33635700E-05  2.33635700E-05  2.33635700E-05  2.33635700E-05  2.33635700E-05  2.33635700E-05  2.33635700E-05  2.33635700E-05  2.33635700E-05  2.33635700E-05  2.33635700E-05  2.33635700E-05  2.33635700E-05
  2.33635700E-05  2.33635700E-05  2.33635700E-05  2.33635700E-05  2.33635700E-05  2.33635700E-05  2.33635700E-05  2.33635700E-05  2.33635700E-05  2.33635700E-05  2.33635700E-05  2.33635700E-05  2.33635700E-05  2.33635700E-05  2.33635700E-05  2.33635700E-05  2.33635700E-05  2.33635700E-05  2.33635700E-05  2.33635700E-05
  2.33635700E-05  2.33635700E-05  2.33635700E-05  2.33635700E-05  2.33635700E-05  2.33635700E-05  2.33635700E-05  2.33635700E-05  2.33635700E-05  2.33635700E-05  2.33635700E-05  2.33635700E-05  2.33635700E-05  2.33635700E-05  2.33635700E-05  2.33635700E-05  2.33635700E-05  2.33635700E-05  2.33635700E-05  2.33635700E-05
  2.33635700E-05  2.33635700E-05  2.33635700E-05  2.33635700E-05  2.33635700E-05  2.33635700E-05  2.33635700E-05  2.33635700E-05  2.33635700E-05  2.33635700E-05  2.33635700E-05  2.33635700E-05  2.33635700E-05  2.33635700E-05  2.33635700E-05  2.33635700E-05  2.33635700E-05  2.33635700E-05  2.33635700E-05  2.33635700E-05
  2.33635700E-05  2.33635700E-05  2.33635700E-05  2.33635700E-05  2.33635700E-05  2.33635700E-05  2.33635700E-05  2.33635700E-05  2.33635700E-05  2.33635700E-05  2.33635700E-05  2.33635700E-05  2.33635700E-05  2.33635700E-05  2.33635700E-05  2.33635700E-05  2.33635700E-05  2.33635700E-05  2.33635700E-05  2.33635700E-05
  2.33635700E-05  2.33635700E-05  2.33635700E-05  2.33635700E-05  2.33635700E-05  2.33635700E-05  2.33635700E-05  2.33635700E-05  2.33635700E-05  2.33635700E-05  2.33635700E-05  2.33635700E-05  2.33635700E-05  2.33635700E-05  2.33635700E-05  2.33635700E-05  2.33635700E-05  2.33635700E-05  2.33635700E-05  2.33635700E-05
  2.33635700E-05  2.33635700E-05  2.33635700E-05  2.33635700E-05  2.33635700E-05  2.33635700E-05  2.33635700E-05  2.33635700E-05  2.33635700E-05  2.33635700E-05  2.33635700E-05  2.33635700E-05  2.33635700E-05  2.33635700E-05  2.33635700E-05  2.33635700E-05  2.33635700E-05  2.33635700E-05  2.33635700E-05  2.33635700E-05
  2.33635700E-05  2.33635700E-05  2.33635700E-05  2.33635700E-05  2.33635700E-05  2.33635700E-05  2.33635700E-05  2.33635700E-05  2.33635700E-05  2.33635700E-05  2.33635700E-05  2.33635700E-05  2.33635700E-05  2.33635700E-05  2.33635700E-05  2.33635700E-05  2.33635700E-05  2.33635700E-05  2.33635700E-05  2.33635700E-05
  2.33635700E-05  2.33635700E-05  2.33635700E-05  2.33635700E-05  2.33635700E-05  2.33635700E-05  2.33635700E-05  2.33635700E-05  2.33635700E-05  2.33635700E-05  2.33635700E-05  2.33635700E-05  2.33635700E-05  2.33635700E-05  2.33635700E-05  2.33635700E-05  2.33635700E-05  2.33635700E-05  2.33635700E-05  2.33635700E-05
  2.33635700E-05  2.33635700E-05  2.33635700E-05  2.33635700E-05  2.33635700E-05  2.33635700E-05  2.33635700E-05  2.33635700E-05  2.33635700E-05  2.33635700E-05  2.33635700E-05  2.33635700E-05  2.33635700E-05  2.33635700E-05  2.33635700E-05  2.33635700E-05  2.33635700E-05  2.33635700E-05  2.33635700E-05  2.33635700E-05
  2.33635700E-05  2.33635700E-05  2.33635700E-05  2.33635700E-05  2.33635700E-05  2.33635700E-05  2.33635700E-05  2.33635700E-05  2.33635700E-05  2.33635700E-05  2.33635700E-05  2.33635700E-05  2.33635700E-05  2.33635700E-05  2.33635700E-05  2.33635700E-05  2.33635700E-05  2.33635700E-05  2.33635700E-05  2.33635700E-05
  2.33635700E-05  2.33635700E-05  2.33635700E-05  2.33635700E-05  2.33635700E-05  2.33635700E-05  2.33635700E-05  2.33635700E-05  2.33635700E-05  2.33635700E-05  2.33635700E-05  2.33635700E-05  2.33635700E-05  2.33635700E-05  2.33635700E-05  2.33635700E-05  2.33635700E-05  2.33635700E-05  2.33635700E-05  2.33635700E-05
  2.33635700E-05  2.33635700E-05  2.33635700E-05  2.33635700E-05  2.33635700E-05  2.33635700E-05  2.33635700E-05  2.33635700E-05  2.33635700E-05  2.33635700E-05  2.33635700E-05  2.33635700E-05  2.33635700E-05  2.33635700E-05  2.33635700E-05  2.33635700E-05  2.33635700E-05  2.33635700E-05  2.33635700E-05  2.33635700E-05
  2.33635700E-05  2.33635700E-05  2.33635700E-05  2.33635700E-05  2.33635700E-05  2.33635700E-05  2.33635700E-05  2.33635700E-05  2.33635700E-05  2.33635700E-05  2.33635700E-05  2.33635700E-05  2.33635700E-05  2.33635700E-05  2.33635700E-05  2.33635700E-05  2.33635700E-05  2.33635700E-05  2.33635700E-05  2.33635700E-05
  2.33635700E-05  2.33635700E-05  2.33635700E-05  2.33635700E-05  2.33635700E-05  2.33635700E-05  2.33635700E-05  2.33635700E-05  2.33635700E-05  2.33635700E-05  2.33635700E-05  2.33635700E-05  2.33635700E-05  2.33635700E-05  2.33635700E-05  2.33635700E-05  2.33635700E-05  2.33635700E-05  2.33635700E-05  2.33635700E-05
  2.33635700E-05  2.33635700E-05  2.33635700E-05  2.33635700E-05  2.33635700E-05  2.33635700E-05  2.33635700E-05  2.33635700E-05  2.33635700E-05  2.33635700E-05  2.33635700E-05  2.33635700E-05  2.33635700E-05  2.33635700E-05  2.33635700E-05  2.33635700E-05  2.33635700E-05  2.33635700E-05  2.33635700E-05  2.33635700E-05
  2.33635700E-05  2.33635700E-05  2.33635700E-05  2.33635700E-05  2.33635700E-05  2.33635700E-05  2.33635700E-05  2.33635700E-05  2.33635700E-05  2.33635700E-05  2.33635700E-05  2.33635700E-05  2.33635700E-05  2.33635700E-05  2.33635700E-05  2.33635700E-05  2.33635700E-05  2.33635700E-05  2.33635700E-05  2.33635700E-05
  2.33635700E-05  2.33635700E-05  2.33635700E-05  2.33635700E-05  2.33635700E-05  2.33635700E-05  2.33635700E-05  2.33635700E-05  2.33635700E-05  2.33635700E-05  2.33635700E-05  2.33635700E-05  2.33635700E-05  2.33635700E-05  2.33635700E-05  2.33635700E-05  2.33635700E-05  2.33635700E-05  2.33635700E-05  2.33635700E-05
  2.33635700E-05  2.33635700E-05  2.33635700E-05  2.33635700E-05  2.33635700E-05  2.33635700E-05  2.33635700E-05  2.33635700E-05  2.33635700E-05  2.33635700E-05  2.33635700E-05  2.33635700E-05  2.33635700E-05  2.33635700E-05  2.33635700E-05  2.33635700E-05  2.33635700E-05  2.33635700E-05  2.33635700E-05  2.33635700E-05
  2.33635700E-05  2.33635700E-05  2.33635700E-05  2.33635700E-05  2.33635700E-05  2.33635700E-05  2.33635700E-05  2.33635700E-05  2.33635700E-05  2.33635700E-05  2.33635700E-05  2.33635700E-05  2.33635700E-05  2.33635700E-05  2.33635700E-05  2.33635700E-05  2.33635700E-05  2.33635700E-05  2.33635700E-05  2.33635700E-05
  2.33635700E-05  2.33635700E-05  2.33635700E-05  2.33635700E-05  2.33635700E-05  2.33635700E-05  2.33635700E-05  2.33635700E-05  2.33635700E-05  2.33635700E-05  2.33635700E-05  2.33635700E-05  2.33635700E-05  2.33635700E-05  2.33635700E-05  2.33635700E-05  2.33635700E-05  2.33635700E-05  2.33635700E-05  2.33635700E-05
  2.33635700E-05  2.33635700E-05  2.33635700E-05  2.33635700E-05  2.33635700E-05  2.33635700E-05  2.33635700E-05  2.33635700E-05  2.33635700E-05  2.33635700E-05  2.33635700E-05  2.33635700E-05  2.33635700E-05  2.33635700E-05  2.33635700E-05  2.33635700E-05  2.33635700E-05  2.33635700E-05  2.33635700E-05  2.33635700E-05
  2.33635700E-05  2.33635700E-05  2.33635700E-05  2.33635700E-05  2.33635700E-05  2.33635700E-05  2.33635700E-05  2.33635700E-05  2.33635700E-05  2.33635700E-05  2.33635700E-05  2.33635700E-05  2.33635700E-05  2.33635700E-05  2.33635700E-05  2.33635700E-05  2.33635700E-05  2.33635700E-05  2.33635700E-05  2.33635700E-05
  2.33635700E-05  2.33635700E-05  2.33635700E-05  2.33635700E-05  2.33635700E-05  2.33635700E-05  2.33635700E-05  2.33635700E-05  2.33635700E-05  2.33635700E-05  2.33635700E-05  2.33635700E-05  2.33635700E-05  2.33635700E-05  2.33635700E-05  2.33635700E-05  2.33635700E-05  2.33635700E-05  2.33635700E-05  2.33635700E-05
  2.33635700E-05  2.33635700E-05  2.33635700E-05  2.33635700E-05  2.33635700E-05  2.33635700E-05  2.33635700E-05  2.33635700E-05  2.33635700E-05  2.33635700E-05  2.33635700E-05  2.33635700E-05  2.33635700E-05  2.33635700E-05  2.33635700E-05  2.33635700E-05  2.33635700E-05  2.33635700E-05  2.33635700E-05  2.33635700E-05
  2.33635700E-05  2.33635700E-05  2.33635700E-05  2.33635700E-05  2.33635700E-05  2.33635700E-05  2.33635700E-05  2.33635700E-05  2.33635700E-05  2.33635700E-05  2.33635700E-05  2.33635700E-05  2.33635700E-05  2.33635700E-05  2.33635700E-05  2.33635700E-05  2.33635700E-05  2.33635700E-05  2.33635700E-05  2.33635700E-05
  2.33635700E-05  2.33635700E-05  2.33635700E-05  2.33635700E-05  2.33635700E-05  2.33635700E-05  2.33635700E-05  2.33635700E-05  2.33635700E-05  2.33635700E-05  2.33635700E-05  2.33635700E-05  2.33635700E-05  2.33635700E-05  2.33635700E-05  2.33635700E-05  2.33635700E-05  2.33635700E-05  2.33635700E-05  2.33635700E-05
  2.33635700E-05  2.33635700E-05  2.33635700E-05  2.33635700E-05  2.33635700E-05  2.33635700E-05  2.33635700E-05  2.33635700E-05  2.33635700E-05  2.33635700E-05  2.33635700E-05  2.33635700E-05  2.33635700E-05  2.33635700E-05  2.33635700E-05  2.33635700E-05  2.33635700E-05  2.33635700E-05  2.33635700E-05  2.33635700E-05
  2.33635700E-05  2.33635700E-05  2.33635700E-05  2.33635700E-05  2.33635700E-05  2.33635700E-05  2.33635700E-05  2.33635700E-05  2.33635700E-05  2.33635700E-05  2.33635700E-05  2.33635700E-05  2.33635700E-05  2.33635700E-05  2.33635700E-05  2.33635700E-05  2.33635700E-05  2.33635700E-05  2.33635700E-05  2.33635700E-05
  2.33635700E-05  2.33635700E-05  2.33635700E-05  2.33635700E-05  2.33635700E-05  2.33635700E-05  2.33635700E-05  2.33635700E-05  2.33635700E-05  2.33635700E-05  2.33635700E-05  2.33635700E-05  2.33635700E-05  2.33635700E-05  2.33635700E-05  2.33635700E-05  2.33635700E-05  2.33635700E-05  2.33635700E-05  2.33635700E-05
  2.33635700E-05  2.33635700E-05  2.33635700E-05  2.33635700E-05  2.33635700E-05  2.33635700E-05  2.33635700E-05  2.33635700E-05  2.33635700E-05  2.33635700E-05  2.33635700E-05  2.33635700E-05  2.33635700E-05  2.33635700E-05  2.33635700E-05  2.33635700E-05  2.33635700E-05  2.33635700E-05  2.33635700E-05  2.33635700E-05
  2.33635700E-05  2.33635700E-05  2.33635700E-05  2.33635700E-05  2.33635700E-05  2.33635700E-05  2.33635700E-05  2.33635700E-05  2.33635700E-05  2.33635700E-05  2.33635700E-05  2.33635700E-05  2.33635700E-05  2.33635700E-05  2.33635700E-05  2.33635700E-05  2.33635700E-05  2.33635700E-05  2.33635700E-05  2.33635700E-05
  2.33635700E-05  2.33635700E-05  2.33635700E-05  2.33635700E-05  2.33635700E-05  2.33635700E-05  2.33635700E-05  2.33635700E-05  2.33635700E-05  2.33635700E-05  2.33635700E-05  2.33635700E-05  2.33635700E-05  2.33635700E-05  2.33635700E-05  2.33635700E-05  2.33635700E-05  2.33635700E-05  2.33635700E-05  2.33635700E-05
