  9.57653900E-05  9.57653900E-05  9.57653900E-05  9.57653900E-05  9.57653900E-05  9.57653900E-05  9.57653900E-05  9.57653900E-05  9.57653900E-05  9.57653900E-05  9.57653900E-05  9.57653900E-05  9.57653900E-05  9.57653900E-05  9.57653900E-05  9.57653900E-05  9.57653900E-05  9.57653900E-05  9.57653900E-05  9.57653900E-05
  9.57653900E-05  9.57653900E-05  9.57653900E-05  9.57653900E-05  9.57653900E-05  9.57653900E-05  9.57653900E-05  9.57653900E-05  9.57653900E-05  9.57653900E-05  9.57653900E-05  9.57653900E-05  9.57653900E-05  9.57653900E-05  9.57653900E-05  9.57653900E-05  9.57653900E-05  9.57653900E-05  9.57653900E-05  9.57653900E-05
  9.57653900E-05  9.57653900E-05  9.57653900E-05  9.57653900E-05  9.57653900E-05  9.57653900E-05  9.57653900E-05  9.57653900E-05  9.57653900E-05  9.57653900E-05  9.57653900E-05  9.57653900E-05  9.57653900E-05  9.57653900E-05  9.57653900E-05  9.57653900E-05  9.57653900E-05  9.57653900E-05  9.57653900E-05  9.57653900E-05
  9.57653900E-05  9.57653900E-05  9.57653900E-05  9.57653900E-05  9.57653900E-05  9.57653900E-05  9.57653900E-05  9.57653900E-05  9.57653900E-05  9.57653900E-05  9.57653900E-05  9.57653900E-05  9.57653900E-05  9.57653900E-05  9.57653900E-05  9.57653900E-05  9.57653900E-05  9.57653900E-05  9.57653900E-05  9.57653900E-05
  9.57653900E-05  9.57653900E-05  9.57653900E-05  9.57653900E-05  9.57653900E-05  9.57653900E-05  9.57653900E-05  9.57653900E-05  9.57653900E-05  9.57653900E-05  9.57653900E-05  9.57653900E-05  9.57653900E-05  9.57653900E-05  9.57653900E-05  9.57653900E-05  9.57653900E-05  9.57653900E-05  9.57653900E-05  9.57653900E-05
  9.57653900E-05  9.57653900E-05  9.57653900E-05  9.57653900E-05  9.57653900E-05  9.57653900E-05  9.57653900E-05  9.57653900E-05  9.57653900E-05  9.57653900E-05  9.57653900E-05  9.57653900E-05  9.57653900E-05  9.57653900E-05  9.57653900E-05  9.57653900E-05  9.57653900E-05  9.57653900E-05  9.57653900E-05  9.57653900E-05
  9.57653900E-05  9.57653900E-05  9.57653900E-05  9.57653900E-05  9.57653900E-05  9.57653900E-05  9.57653900E-05  9.57653900E-05  9.57653900E-05  9.57653900E-05  9.57653900E-05  9.57653900E-05  9.57653900E-05  9.57653900E-05  9.57653900E-05  9.57653900E-05  9.57653900E-05  9.57653900E-05  9.57653900E-05  9.57653900E-05
  9.57653900E-05  9.57653900E-05  9.57653900E-05  9.57653900E-05  9.57653900E-05  9.57653900E-05  9.57653900E-05  9.57653900E-05  9.57653900E-05  9.57653900E-05  9.57653900E-05  9.57653900E-05  9.57653900E-05  9.57653900E-05  9.57653900E-05  9.57653900E-05  9.57653900E-05  9.57653900E-05  9.57653900E-05  9.57653900E-05
  9.57653900E-05  9.57653900E-05  9.57653900E-05  9.57653900E-05  9.57653900E-05  9.57653900E-05  9.57653900E-05  9.57653900E-05  9.57653900E-05  9.57653900E-05  9.57653900E-05  9.57653900E-05  9.57653900E-05  9.57653900E-05  9.57653900E-05  9.57653900E-05  9.57653900E-05  9.57653900E-05  9.57653900E-05  9.57653900E-05
  9.57653900E-05  9.57653900E-05  9.57653900E-05  9.57653900E-05  9.57653900E-05  9.57653900E-05  9.57653900E-05  9.57653900E-05  9.57653900E-05  9.57653900E-05  9.57653900E-05  9.57653900E-05  9.57653900E-05  9.57653900E-05  9.57653900E-05  9.57653900E-05  9.57653900E-05  9.57653900E-05  9.57653900E-05  9.57653900E-05
  9.57653900E-05  9.57653900E-05  9.57653900E-05  9.57653900E-05  9.57653900E-05  9.57653900E-05  9.57653900E-05  9.57653900E-05  9.57653900E-05  9.57653900E-05  9.57653900E-05  9.57653900E-05  9.57653900E-05  9.57653900E-05  9.57653900E-05  9.57653900E-05  9.57653900E-05  9.57653900E-05  9.57653900E-05  9.57653900E-05
  9.57653900E-05  9.57653900E-05  9.57653900E-05  9.57653900E-05  9.57653900E-05  9.57653900E-05  9.57653900E-05  9.57653900E-05  9.57653900E-05  9.57653900E-05  9.57653900E-05  9.57653900E-05  9.57653900E-05  9.57653900E-05  9.57653900E-05  9.57653900E-05  9.57653900E-05  9.57653900E-05  9.57653900E-05  9.57653900E-05
  9.57653900E-05  9.57653900E-05  9.57653900E-05  9.57653900E-05  9.57653900E-05  9.57653900E-05  9.57653900E-05  9.57653900E-05  9.57653900E-05  9.57653900E-05  9.57653900E-05  9.57653900E-05  9.57653900E-05  9.57653900E-05  9.57653900E-05  9.57653900E-05  9.57653900E-05  9.57653900E-05  9.57653900E-05  9.57653900E-05
  9.57653900E-05  9.57653900E-05  9.57653900E-05  9.57653900E-05  9.57653900E-05  9.57653900E-05  9.57653900E-05  9.57653900E-05  9.57653900E-05  9.57653900E-05  9.57653900E-05  9.57653900E-05  9.57653900E-05  9.57653900E-05  9.57653900E-05  9.57653900E-05  9.57653900E-05  9.57653900E-05  9.57653900E-05  9.57653900E-05
  9.57653900E-05  9.57653900E-05  9.57653900E-05  9.57653900E-05  9.57653900E-05  9.57653900E-05  9.57653900E-05  9.57653900E-05  9.57653900E-05  9.57653900E-05  9.57653900E-05  9.57653900E-05  9.57653900E-05  9.57653900E-05  9.57653900E-05  9.57653900E-05  9.57653900E-05  9.57653900E-05  9.57653900E-05  9.57653900E-05
  9.57653900E-05  9.57653900E-05  9.57653900E-05  9.57653900E-05  9.57653900E-05  9.57653900E-05  9.57653900E-05  9.57653900E-05  9.57653900E-05  9.57653900E-05  9.57653900E-05  9.57653900E-05  9.57653900E-05  9.57653900E-05  9.57653900E-05  9.57653900E-05  9.57653900E-05  9.57653900E-05  9.57653900E-05  9.57653900E-05
  9.57653900E-05  9.57653900E-05  9.57653900E-05  9.57653900E-05  9.57653900E-05  9.57653900E-05  9.57653900E-05  9.57653900E-05  9.57653900E-05  9.57653900E-05  9.57653900E-05  9.57653900E-05  9.57653900E-05  9.57653900E-05  9.57653900E-05  9.57653900E-05  9.57653900E-05  9.57653900E-05  9.57653900E-05  9.57653900E-05
  9.57653900E-05  9.57653900E-05  9.57653900E-05  9.57653900E-05  9.57653900E-05  9.57653900E-05  9.57653900E-05  9.57653900E-05  9.57653900E-05  9.57653900E-05  9.57653900E-05  9.57653900E-05  9.57653900E-05  9.57653900E-05  9.57653900E-05  9.57653900E-05  9.57653900E-05  9.57653900E-05  9.57653900E-05  9.57653900E-05
  9.57653900E-05  9.57653900E-05  9.57653900E-05  9.57653900E-05  9.57653900E-05  9.57653900E-05  9.57653900E-05  9.57653900E-05  9.57653900E-05  9.57653900E-05  9.57653900E-05  9.57653900E-05  9.57653900E-05  9.57653900E-05  9.57653900E-05  9.57653900E-05  9.57653900E-05  9.57653900E-05  9.57653900E-05  9.57653900E-05
  9.57653900E-05  9.57653900E-05  9.57653900E-05  9.57653900E-05  9.57653900E-05  9.57653900E-05  9.57653900E-05  9.57653900E-05  9.57653900E-05  9.57653900E-05  9.57653900E-05  9.57653900E-05  9.57653900E-05  9.57653900E-05  9.57653900E-05  9.57653900E-05  9.57653900E-05  9.57653900E-05  9.57653900E-05  9.57653900E-05
  9.57653900E-05  9.57653900E-05  9.57653900E-05  9.57653900E-05  9.57653900E-05  9.57653900E-05  9.57653900E-05  9.57653900E-05  9.57653900E-05  9.57653900E-05  9.57653900E-05  9.57653900E-05  9.57653900E-05  9.57653900E-05  9.57653900E-05  9.57653900E-05  9.57653900E-05  9.57653900E-05  9.57653900E-05  9.57653900E-05
  9.57653900E-05  9.57653900E-05  9.57653900E-05  9.57653900E-05  9.57653900E-05  9.57653900E-05  9.57653900E-05  9.57653900E-05  9.57653900E-05  9.57653900E-05  9.57653900E-05  9.57653900E-05  9.57653900E-05  9.57653900E-05  9.57653900E-05  9.57653900E-05  9.57653900E-05  9.57653900E-05  9.57653900E-05  9.57653900E-05
  9.57653900E-05  9.57653900E-05  9.57653900E-05  9.57653900E-05  9.57653900E-05  9.57653900E-05  9.57653900E-05  9.57653900E-05  9.57653900E-05  9.57653900E-05  9.57653900E-05  9.57653900E-05  9.57653900E-05  9.57653900E-05  9.57653900E-05  9.57653900E-05  9.57653900E-05  9.57653900E-05  9.57653900E-05  9.57653900E-05
  9.57653900E-05  9.57653900E-05  9.57653900E-05  9.57653900E-05  9.57653900E-05  9.57653900E-05  9.57653900E-05  9.57653900E-05  9.57653900E-05  9.57653900E-05  9.57653900E-05  9.57653900E-05  9.57653900E-05  9.57653900E-05  9.57653900E-05  9.57653900E-05  9.57653900E-05  9.57653900E-05  9.57653900E-05  9.57653900E-05
  9.57653900E-05  9.57653900E-05  9.57653900E-05  9.57653900E-05  9.57653900E-05  9.57653900E-05  9.57653900E-05  9.57653900E-05  9.57653900E-05  9.57653900E-05  9.57653900E-05  9.57653900E-05  9.57653900E-05  9.57653900E-05  9.57653900E-05  9.57653900E-05  9.57653900E-05  9.57653900E-05  9.57653900E-05  9.57653900E-05
  9.57653900E-05  9.57653900E-05  9.57653900E-05  9.57653900E-05  9.57653900E-05  9.57653900E-05  9.57653900E-05  9.57653900E-05  9.57653900E-05  9.57653900E-05  9.57653900E-05  9.57653900E-05  9.57653900E-05  9.57653900E-05  9.57653900E-05  9.57653900E-05  9.57653900E-05  9.57653900E-05  9.57653900E-05  9.57653900E-05
  9.57653900E-05  9.57653900E-05  9.57653900E-05  9.57653900E-05  9.57653900E-05  9.57653900E-05  9.57653900E-05  9.57653900E-05  9.57653900E-05  9.57653900E-05  9.57653900E-05  9.57653900E-05  9.57653900E-05  9.57653900E-05  9.57653900E-05  9.57653900E-05  9.57653900E-05  9.57653900E-05  9.57653900E-05  9.57653900E-05
  9.57653900E-05  9.57653900E-05  9.57653900E-05  9.57653900E-05  9.57653900E-05  9.57653900E-05  9.57653900E-05  9.57653900E-05  9.57653900E-05  9.57653900E-05  9.57653900E-05  9.57653900E-05  9.57653900E-05  9.57653900E-05  9.57653900E-05  9.57653900E-05  9.57653900E-05  9.57653900E-05  9.57653900E-05  9.57653900E-05
  9.57653900E-05  9.57653900E-05  9.57653900E-05  9.57653900E-05  9.57653900E-05  9.57653900E-05  9.57653900E-05  9.57653900E-05  9.57653900E-05  9.57653900E-05  9.57653900E-05  9.57653900E-05  9.57653900E-05  9.57653900E-05  9.57653900E-05  9.57653900E-05  9.57653900E-05  9.57653900E-05  9.57653900E-05  9.57653900E-05
  9.57653900E-05  9.57653900E-05  9.57653900E-05  9.57653900E-05  9.57653900E-05  9.57653900E-05  9.57653900E-05  9.57653900E-05  9.57653900E-05  9.57653900E-05  9.57653900E-05  9.57653900E-05  9.57653900E-05  9.57653900E-05  9.57653900E-05  9.57653900E-05  9.57653900E-05  9.57653900E-05  9.57653900E-05  9.57653900E-05
  9.57653900E-05  9.57653900E-05  9.57653900E-05  9.57653900E-05  9.57653900E-05  9.57653900E-05  9.57653900E-05  9.57653900E-05  9.57653900E-05  9.57653900E-05  9.57653900E-05  9.57653900E-05  9.57653900E-05  9.57653900E-05  9.57653900E-05  9.57653900E-05  9.57653900E-05  9.57653900E-05  9.57653900E-05  9.57653900E-05
  9.57653900E-05  9.57653900E-05  9.57653900E-05  9.57653900E-05  9.57653900E-05  9.57653900E-05  9.57653900E-05  9.57653900E-05  9.57653900E-05  9.57653900E-05  9.57653900E-05  9.57653900E-05  9.57653900E-05  9.57653900E-05  9.57653900E-05  9.57653900E-05  9.57653900E-05  9.57653900E-05  9.57653900E-05  9.57653900E-05
  9.57653900E-05  9.57653900E-05  9.57653900E-05  9.57653900E-05  9.57653900E-05  9.57653900E-05  9.57653900E-05  9.57653900E-05  9.57653900E-05  9.57653900E-05  9.57653900E-05  9.57653900E-05  9.57653900E-05  9.57653900E-05  9.57653900E-05  9.57653900E-05  9.57653900E-05  9.57653900E-05  9.57653900E-05  9.57653900E-05
  9.57653900E-05  9.57653900E-05  9.57653900E-05  9.57653900E-05  9.57653900E-05  9.57653900E-05  9.57653900E-05  9.57653900E-05  9.57653900E-05  9.57653900E-05  9.57653900E-05  9.57653900E-05  9.57653900E-05  9.57653900E-05  9.57653900E-05  9.57653900E-05  9.57653900E-05  9.57653900E-05  9.57653900E-05  9.57653900E-05
  9.57653900E-05  9.57653900E-05  9.57653900E-05  9.57653900E-05  9.57653900E-05  9.57653900E-05  9.57653900E-05  9.57653900E-05  9.57653900E-05  9.57653900E-05  9.57653900E-05  9.57653900E-05  9.57653900E-05  9.57653900E-05  9.57653900E-05  9.57653900E-05  9.57653900E-05  9.57653900E-05  9.57653900E-05  9.57653900E-05
  9.57653900E-05  9.57653900E-05  9.57653900E-05  9.57653900E-05  9.57653900E-05  9.57653900E-05  9.57653900E-05  9.57653900E-05  9.57653900E-05  9.57653900E-05  9.57653900E-05  9.57653900E-05  9.57653900E-05  9.57653900E-05  9.57653900E-05  9.57653900E-05  9.57653900E-05  9.57653900E-05  9.57653900E-05  9.57653900E-05
  9.57653900E-05  9.57653900E-05  9.57653900E-05  9.57653900E-05  9.57653900E-05  9.57653900E-05  9.57653900E-05  9.57653900E-05  9.57653900E-05  9.57653900E-05  9.57653900E-05  9.57653900E-05  9.57653900E-05  9.57653900E-05  9.57653900E-05  9.57653900E-05  9.57653900E-05  9.57653900E-05  9.57653900E-05  9.57653900E-05
  9.57653900E-05  9.57653900E-05  9.57653900E-05  9.57653900E-05  9.57653900E-05  9.57653900E-05  9.57653900E-05  9.57653900E-05  9.57653900E-05  9.57653900E-05  9.57653900E-05  9.57653900E-05  9.57653900E-05  9.57653900E-05  9.57653900E-05  9.57653900E-05  9.57653900E-05  9.57653900E-05  9.57653900E-05  9.57653900E-05
  9.57653900E-05  9.57653900E-05  9.57653900E-05  9.57653900E-05  9.57653900E-05  9.57653900E-05  9.57653900E-05  9.57653900E-05  9.57653900E-05  9.57653900E-05  9.57653900E-05  9.57653900E-05  9.57653900E-05  9.57653900E-05  9.57653900E-05  9.57653900E-05  9.57653900E-05  9.57653900E-05  9.57653900E-05  9.57653900E-05
  9.57653900E-05  9.57653900E-05  9.57653900E-05  9.57653900E-05  9.57653900E-05  9.57653900E-05  9.57653900E-05  9.57653900E-05  9.57653900E-05  9.57653900E-05  9.57653900E-05  9.57653900E-05  9.57653900E-05  9.57653900E-05  9.57653900E-05  9.57653900E-05  9.57653900E-05  9.57653900E-05  9.57653900E-05  9.57653900E-05
