  2.97261300E-05  2.97261300E-05  2.97261300E-05  2.97261300E-05  2.97261300E-05  2.97261300E-05  2.97261300E-05  2.97261300E-05  2.97261300E-05  2.97261300E-05  2.97261300E-05  2.97261300E-05  2.97261300E-05  2.97261300E-05  2.97261300E-05  2.97261300E-05  2.97261300E-05  2.97261300E-05  2.97261300E-05  2.97261300E-05
  2.97261300E-05  2.97261300E-05  2.97261300E-05  2.97261300E-05  2.97261300E-05  2.97261300E-05  2.97261300E-05  2.97261300E-05  2.97261300E-05  2.97261300E-05  2.97261300E-05  2.97261300E-05  2.97261300E-05  2.97261300E-05  2.97261300E-05  2.97261300E-05  2.97261300E-05  2.97261300E-05  2.97261300E-05  2.97261300E-05
  2.97261300E-05  2.97261300E-05  2.97261300E-05  2.97261300E-05  2.97261300E-05  2.97261300E-05  2.97261300E-05  2.97261300E-05  2.97261300E-05  2.97261300E-05  2.97261300E-05  2.97261300E-05  2.97261300E-05  2.97261300E-05  2.97261300E-05  2.97261300E-05  2.97261300E-05  2.97261300E-05  2.97261300E-05  2.97261300E-05
  2.97261300E-05  2.97261300E-05  2.97261300E-05  2.97261300E-05  2.97261300E-05  2.97261300E-05  2.97261300E-05  2.97261300E-05  2.97261300E-05  2.97261300E-05  2.97261300E-05  2.97261300E-05  2.97261300E-05  2.97261300E-05  2.97261300E-05  2.97261300E-05  2.97261300E-05  2.97261300E-05  2.97261300E-05  2.97261300E-05
  2.97261300E-05  2.97261300E-05  2.97261300E-05  2.97261300E-05  2.97261300E-05  2.97261300E-05  2.97261300E-05  2.97261300E-05  2.97261300E-05  2.97261300E-05  2.97261300E-05  2.97261300E-05  2.97261300E-05  2.97261300E-05  2.97261300E-05  2.97261300E-05  2.97261300E-05  2.97261300E-05  2.97261300E-05  2.97261300E-05
  2.97261300E-05  2.97261300E-05  2.97261300E-05  2.97261300E-05  2.97261300E-05  2.97261300E-05  2.97261300E-05  2.97261300E-05  2.97261300E-05  2.97261300E-05  2.97261300E-05  2.97261300E-05  2.97261300E-05  2.97261300E-05  2.97261300E-05  2.97261300E-05  2.97261300E-05  2.97261300E-05  2.97261300E-05  2.97261300E-05
  2.97261300E-05  2.97261300E-05  2.97261300E-05  2.97261300E-05  2.97261300E-05  2.97261300E-05  2.97261300E-05  2.97261300E-05  2.97261300E-05  2.97261300E-05  2.97261300E-05  2.97261300E-05  2.97261300E-05  2.97261300E-05  2.97261300E-05  2.97261300E-05  2.97261300E-05  2.97261300E-05  2.97261300E-05  2.97261300E-05
  2.97261300E-05  2.97261300E-05  2.97261300E-05  2.97261300E-05  2.97261300E-05  2.97261300E-05  2.97261300E-05  2.97261300E-05  2.97261300E-05  2.97261300E-05  2.97261300E-05  2.97261300E-05  2.97261300E-05  2.97261300E-05  2.97261300E-05  2.97261300E-05  2.97261300E-05  2.97261300E-05  2.97261300E-05  2.97261300E-05
  2.97261300E-05  2.97261300E-05  2.97261300E-05  2.97261300E-05  2.97261300E-05  2.97261300E-05  2.97261300E-05  2.97261300E-05  2.97261300E-05  2.97261300E-05  2.97261300E-05  2.97261300E-05  2.97261300E-05  2.97261300E-05  2.97261300E-05  2.97261300E-05  2.97261300E-05  2.97261300E-05  2.97261300E-05  2.97261300E-05
  2.97261300E-05  2.97261300E-05  2.97261300E-05  2.97261300E-05  2.97261300E-05  2.97261300E-05  2.97261300E-05  2.97261300E-05  2.97261300E-05  2.97261300E-05  2.97261300E-05  2.97261300E-05  2.97261300E-05  2.97261300E-05  2.97261300E-05  2.97261300E-05  2.97261300E-05  2.97261300E-05  2.97261300E-05  2.97261300E-05
  2.97261300E-05  2.97261300E-05  2.97261300E-05  2.97261300E-05  2.97261300E-05  2.97261300E-05  2.97261300E-05  2.97261300E-05  2.97261300E-05  2.97261300E-05  2.97261300E-05  2.97261300E-05  2.97261300E-05  2.97261300E-05  2.97261300E-05  2.97261300E-05  2.97261300E-05  2.97261300E-05  2.97261300E-05  2.97261300E-05
  2.97261300E-05  2.97261300E-05  2.97261300E-05  2.97261300E-05  2.97261300E-05  2.97261300E-05  2.97261300E-05  2.97261300E-05  2.97261300E-05  2.97261300E-05  2.97261300E-05  2.97261300E-05  2.97261300E-05  2.97261300E-05  2.97261300E-05  2.97261300E-05  2.97261300E-05  2.97261300E-05  2.97261300E-05  2.97261300E-05
  2.97261300E-05  2.97261300E-05  2.97261300E-05  2.97261300E-05  2.97261300E-05  2.97261300E-05  2.97261300E-05  2.97261300E-05  2.97261300E-05  2.97261300E-05  2.97261300E-05  2.97261300E-05  2.97261300E-05  2.97261300E-05  2.97261300E-05  2.97261300E-05  2.97261300E-05  2.97261300E-05  2.97261300E-05  2.97261300E-05
  2.97261300E-05  2.97261300E-05  2.97261300E-05  2.97261300E-05  2.97261300E-05  2.97261300E-05  2.97261300E-05  2.97261300E-05  2.97261300E-05  2.97261300E-05  2.97261300E-05  2.97261300E-05  2.97261300E-05  2.97261300E-05  2.97261300E-05  2.97261300E-05  2.97261300E-05  2.97261300E-05  2.97261300E-05  2.97261300E-05
  2.97261300E-05  2.97261300E-05  2.97261300E-05  2.97261300E-05  2.97261300E-05  2.97261300E-05  2.97261300E-05  2.97261300E-05  2.97261300E-05  2.97261300E-05  2.97261300E-05  2.97261300E-05  2.97261300E-05  2.97261300E-05  2.97261300E-05  2.97261300E-05  2.97261300E-05  2.97261300E-05  2.97261300E-05  2.97261300E-05
  2.97261300E-05  2.97261300E-05  2.97261300E-05  2.97261300E-05  2.97261300E-05  2.97261300E-05  2.97261300E-05  2.97261300E-05  2.97261300E-05  2.97261300E-05  2.97261300E-05  2.97261300E-05  2.97261300E-05  2.97261300E-05  2.97261300E-05  2.97261300E-05  2.97261300E-05  2.97261300E-05  2.97261300E-05  2.97261300E-05
  2.97261300E-05  2.97261300E-05  2.97261300E-05  2.97261300E-05  2.97261300E-05  2.97261300E-05  2.97261300E-05  2.97261300E-05  2.97261300E-05  2.97261300E-05  2.97261300E-05  2.97261300E-05  2.97261300E-05  2.97261300E-05  2.97261300E-05  2.97261300E-05  2.97261300E-05  2.97261300E-05  2.97261300E-05  2.97261300E-05
  2.97261300E-05  2.97261300E-05  2.97261300E-05  2.97261300E-05  2.97261300E-05  2.97261300E-05  2.97261300E-05  2.97261300E-05  2.97261300E-05  2.97261300E-05  2.97261300E-05  2.97261300E-05  2.97261300E-05  2.97261300E-05  2.97261300E-05  2.97261300E-05  2.97261300E-05  2.97261300E-05  2.97261300E-05  2.97261300E-05
  2.97261300E-05  2.97261300E-05  2.97261300E-05  2.97261300E-05  2.97261300E-05  2.97261300E-05  2.97261300E-05  2.97261300E-05  2.97261300E-05  2.97261300E-05  2.97261300E-05  2.97261300E-05  2.97261300E-05  2.97261300E-05  2.97261300E-05  2.97261300E-05  2.97261300E-05  2.97261300E-05  2.97261300E-05  2.97261300E-05
  2.97261300E-05  2.97261300E-05  2.97261300E-05  2.97261300E-05  2.97261300E-05  2.97261300E-05  2.97261300E-05  2.97261300E-05  2.97261300E-05  2.97261300E-05  2.97261300E-05  2.97261300E-05  2.97261300E-05  2.97261300E-05  2.97261300E-05  2.97261300E-05  2.97261300E-05  2.97261300E-05  2.97261300E-05  2.97261300E-05
  2.97261300E-05  2.97261300E-05  2.97261300E-05  2.97261300E-05  2.97261300E-05  2.97261300E-05  2.97261300E-05  2.97261300E-05  2.97261300E-05  2.97261300E-05  2.97261300E-05  2.97261300E-05  2.97261300E-05  2.97261300E-05  2.97261300E-05  2.97261300E-05  2.97261300E-05  2.97261300E-05  2.97261300E-05  2.97261300E-05
  2.97261300E-05  2.97261300E-05  2.97261300E-05  2.97261300E-05  2.97261300E-05  2.97261300E-05  2.97261300E-05  2.97261300E-05  2.97261300E-05  2.97261300E-05  2.97261300E-05  2.97261300E-05  2.97261300E-05  2.97261300E-05  2.97261300E-05  2.97261300E-05  2.97261300E-05  2.97261300E-05  2.97261300E-05  2.97261300E-05
  2.97261300E-05  2.97261300E-05  2.97261300E-05  2.97261300E-05  2.97261300E-05  2.97261300E-05  2.97261300E-05  2.97261300E-05  2.97261300E-05  2.97261300E-05  2.97261300E-05  2.97261300E-05  2.97261300E-05  2.97261300E-05  2.97261300E-05  2.97261300E-05  2.97261300E-05  2.97261300E-05  2.97261300E-05  2.97261300E-05
  2.97261300E-05  2.97261300E-05  2.97261300E-05  2.97261300E-05  2.97261300E-05  2.97261300E-05  2.97261300E-05  2.97261300E-05  2.97261300E-05  2.97261300E-05  2.97261300E-05  2.97261300E-05  2.97261300E-05  2.97261300E-05  2.97261300E-05  2.97261300E-05  2.97261300E-05  2.97261300E-05  2.97261300E-05  2.97261300E-05
  2.97261300E-05  2.97261300E-05  2.97261300E-05  2.97261300E-05  2.97261300E-05  2.97261300E-05  2.97261300E-05  2.97261300E-05  2.97261300E-05  2.97261300E-05  2.97261300E-05  2.97261300E-05  2.97261300E-05  2.97261300E-05  2.97261300E-05  2.97261300E-05  2.97261300E-05  2.97261300E-05  2.97261300E-05  2.97261300E-05
  2.97261300E-05  2.97261300E-05  2.97261300E-05  2.97261300E-05  2.97261300E-05  2.97261300E-05  2.97261300E-05  2.97261300E-05  2.97261300E-05  2.97261300E-05  2.97261300E-05  2.97261300E-05  2.97261300E-05  2.97261300E-05  2.97261300E-05  2.97261300E-05  2.97261300E-05  2.97261300E-05  2.97261300E-05  2.97261300E-05
  2.97261300E-05  2.97261300E-05  2.97261300E-05  2.97261300E-05  2.97261300E-05  2.97261300E-05  2.97261300E-05  2.97261300E-05  2.97261300E-05  2.97261300E-05  2.97261300E-05  2.97261300E-05  2.97261300E-05  2.97261300E-05  2.97261300E-05  2.97261300E-05  2.97261300E-05  2.97261300E-05  2.97261300E-05  2.97261300E-05
  2.97261300E-05  2.97261300E-05  2.97261300E-05  2.97261300E-05  2.97261300E-05  2.97261300E-05  2.97261300E-05  2.97261300E-05  2.97261300E-05  2.97261300E-05  2.97261300E-05  2.97261300E-05  2.97261300E-05  2.97261300E-05  2.97261300E-05  2.97261300E-05  2.97261300E-05  2.97261300E-05  2.97261300E-05  2.97261300E-05
  2.97261300E-05  2.97261300E-05  2.97261300E-05  2.97261300E-05  2.97261300E-05  2.97261300E-05  2.97261300E-05  2.97261300E-05  2.97261300E-05  2.97261300E-05  2.97261300E-05  2.97261300E-05  2.97261300E-05  2.97261300E-05  2.97261300E-05  2.97261300E-05  2.97261300E-05  2.97261300E-05  2.97261300E-05  2.97261300E-05
  2.97261300E-05  2.97261300E-05  2.97261300E-05  2.97261300E-05  2.97261300E-05  2.97261300E-05  2.97261300E-05  2.97261300E-05  2.97261300E-05  2.97261300E-05  2.97261300E-05  2.97261300E-05  2.97261300E-05  2.97261300E-05  2.97261300E-05  2.97261300E-05  2.97261300E-05  2.97261300E-05  2.97261300E-05  2.97261300E-05
  2.97261300E-05  2.97261300E-05  2.97261300E-05  2.97261300E-05  2.97261300E-05  2.97261300E-05  2.97261300E-05  2.97261300E-05  2.97261300E-05  2.97261300E-05  2.97261300E-05  2.97261300E-05  2.97261300E-05  2.97261300E-05  2.97261300E-05  2.97261300E-05  2.97261300E-05  2.97261300E-05  2.97261300E-05  2.97261300E-05
  2.97261300E-05  2.97261300E-05  2.97261300E-05  2.97261300E-05  2.97261300E-05  2.97261300E-05  2.97261300E-05  2.97261300E-05  2.97261300E-05  2.97261300E-05  2.97261300E-05  2.97261300E-05  2.97261300E-05  2.97261300E-05  2.97261300E-05  2.97261300E-05  2.97261300E-05  2.97261300E-05  2.97261300E-05  2.97261300E-05
  2.97261300E-05  2.97261300E-05  2.97261300E-05  2.97261300E-05  2.97261300E-05  2.97261300E-05  2.97261300E-05  2.97261300E-05  2.97261300E-05  2.97261300E-05  2.97261300E-05  2.97261300E-05  2.97261300E-05  2.97261300E-05  2.97261300E-05  2.97261300E-05  2.97261300E-05  2.97261300E-05  2.97261300E-05  2.97261300E-05
  2.97261300E-05  2.97261300E-05  2.97261300E-05  2.97261300E-05  2.97261300E-05  2.97261300E-05  2.97261300E-05  2.97261300E-05  2.97261300E-05  2.97261300E-05  2.97261300E-05  2.97261300E-05  2.97261300E-05  2.97261300E-05  2.97261300E-05  2.97261300E-05  2.97261300E-05  2.97261300E-05  2.97261300E-05  2.97261300E-05
  2.97261300E-05  2.97261300E-05  2.97261300E-05  2.97261300E-05  2.97261300E-05  2.97261300E-05  2.97261300E-05  2.97261300E-05  2.97261300E-05  2.97261300E-05  2.97261300E-05  2.97261300E-05  2.97261300E-05  2.97261300E-05  2.97261300E-05  2.97261300E-05  2.97261300E-05  2.97261300E-05  2.97261300E-05  2.97261300E-05
  2.97261300E-05  2.97261300E-05  2.97261300E-05  2.97261300E-05  2.97261300E-05  2.97261300E-05  2.97261300E-05  2.97261300E-05  2.97261300E-05  2.97261300E-05  2.97261300E-05  2.97261300E-05  2.97261300E-05  2.97261300E-05  2.97261300E-05  2.97261300E-05  2.97261300E-05  2.97261300E-05  2.97261300E-05  2.97261300E-05
  2.97261300E-05  2.97261300E-05  2.97261300E-05  2.97261300E-05  2.97261300E-05  2.97261300E-05  2.97261300E-05  2.97261300E-05  2.97261300E-05  2.97261300E-05  2.97261300E-05  2.97261300E-05  2.97261300E-05  2.97261300E-05  2.97261300E-05  2.97261300E-05  2.97261300E-05  2.97261300E-05  2.97261300E-05  2.97261300E-05
  2.97261300E-05  2.97261300E-05  2.97261300E-05  2.97261300E-05  2.97261300E-05  2.97261300E-05  2.97261300E-05  2.97261300E-05  2.97261300E-05  2.97261300E-05  2.97261300E-05  2.97261300E-05  2.97261300E-05  2.97261300E-05  2.97261300E-05  2.97261300E-05  2.97261300E-05  2.97261300E-05  2.97261300E-05  2.97261300E-05
  2.97261300E-05  2.97261300E-05  2.97261300E-05  2.97261300E-05  2.97261300E-05  2.97261300E-05  2.97261300E-05  2.97261300E-05  2.97261300E-05  2.97261300E-05  2.97261300E-05  2.97261300E-05  2.97261300E-05  2.97261300E-05  2.97261300E-05  2.97261300E-05  2.97261300E-05  2.97261300E-05  2.97261300E-05  2.97261300E-05
  2.97261300E-05  2.97261300E-05  2.97261300E-05  2.97261300E-05  2.97261300E-05  2.97261300E-05  2.97261300E-05  2.97261300E-05  2.97261300E-05  2.97261300E-05  2.97261300E-05  2.97261300E-05  2.97261300E-05  2.97261300E-05  2.97261300E-05  2.97261300E-05  2.97261300E-05  2.97261300E-05  2.97261300E-05  2.97261300E-05
