single point
 rch_1           1.021131         1.000000         0.000000    
 rch_2          0.5817019         1.000000         0.000000    
 rcond00         3000.726         1.000000         0.000000    
 rcond01         10565.55         1.000000         0.000000    
 rcond02         1944.629         1.000000         0.000000    
 rcond03         10199.32         1.000000         0.000000    
 rcond04         2288.944         1.000000         0.000000    
 rcond05         12160.75         1.000000         0.000000    
 rcond06         3544.587         1.000000         0.000000    
 rcond07         11301.72         1.000000         0.000000    
 rcond08         49043.72         1.000000         0.000000    
 rcond09         25598.02         1.000000         0.000000    
 rcond10         5569.170         1.000000         0.000000    
 rcond11         45250.53         1.000000         0.000000    
 rcond12         8272.863         1.000000         0.000000    
 rcond13         10017.56         1.000000         0.000000    
 rcond14         3326.838         1.000000         0.000000    
 rcond15         3845.657         1.000000         0.000000    
 rcond16         1523.729         1.000000         0.000000    
 rcond17         8488.042         1.000000         0.000000    
 rcond18         1433.794         1.000000         0.000000    
 rcond19         982.5467         1.000000         0.000000    
 rcond20         1765.067         1.000000         0.000000    
 rcond21         2353.484         1.000000         0.000000    
 rcond22         5067.824         1.000000         0.000000    
 rcond23         2279.180         1.000000         0.000000    
 rcond24         3948.114         1.000000         0.000000    
 rcond25         3865.117         1.000000         0.000000    
 rcond26         17664.64         1.000000         0.000000    
 rcond27         29973.74         1.000000         0.000000    
 rcond28         3109.605         1.000000         0.000000    
 rcond29         3929.822         1.000000         0.000000    
 rcond30         35532.83         1.000000         0.000000    
 rcond31         2563.225         1.000000         0.000000    
 rcond32         26587.76         1.000000         0.000000    
 rcond33         3581.882         1.000000         0.000000    
 rcond34         1567.414         1.000000         0.000000    
 rcond35         6070.734         1.000000         0.000000    
 rcond36         14895.61         1.000000         0.000000    
 rcond37         49043.72         1.000000         0.000000    
 rcond38         2713.030         1.000000         0.000000    
 rcond39         7462.946         1.000000         0.000000    
 ss             1.2657750E-05     1.000000         0.000000    
 sy             4.6500270E-03     1.000000         0.000000    
 wf1_1           643.7185        -1.000000         0.000000    
 wf2_1           389.6640        -1.000000         0.000000    
 wf3_1           303.2640        -1.000000         0.000000    
 wf4_1           64.54079        -1.000000         0.000000    
 wf5_1           55.98720        -1.000000         0.000000    
 wf6_1           408.6720        -1.000000         0.000000    
 wf1_2           559.0947        -1.000000         0.000000    
 wf2_2           476.8769        -1.000000         0.000000    
 wf3_2           326.1798        -1.000000         0.000000    
 wf4_2           65.49892        -1.000000         0.000000    
 wf5_2           108.3006        -1.000000         0.000000    
 wf6_2           544.5209        -1.000000         0.000000    
 hkr00c00        6.743750         1.000000         0.000000    
 hkr00c01       0.5947512         1.000000         0.000000    
 hkr00c02        1.571159         1.000000         0.000000    
 hkr00c03        12.29980         1.000000         0.000000    
 hkr00c04        33.25791         1.000000         0.000000    
 hkr00c05        32.64066         1.000000         0.000000    
 hkr00c06        13.55360         1.000000         0.000000    
 hkr00c07        13.67688         1.000000         0.000000    
 hkr00c08        5.988233         1.000000         0.000000    
 hkr00c09        3.031454         1.000000         0.000000    
 hkr00c10        1.724658         1.000000         0.000000    
 hkr00c11        9.282368         1.000000         0.000000    
 hkr00c12        8.614242         1.000000         0.000000    
 hkr00c13        18.43838         1.000000         0.000000    
 hkr00c14        33.80497         1.000000         0.000000    
 hkr00c15        59.47512         1.000000         0.000000    
 hkr00c16        7.379611         1.000000         0.000000    
 hkr00c17        4.940609         1.000000         0.000000    
 hkr00c18        3.848296         1.000000         0.000000    
 hkr00c19        2.756186         1.000000         0.000000    
 hkr01c00        2.297449         1.000000         0.000000    
 hkr01c01        3.015464         1.000000         0.000000    
 hkr01c02        2.439208         1.000000         0.000000    
 hkr01c03        22.85167         1.000000         0.000000    
 hkr01c04        14.36091         1.000000         0.000000    
 hkr01c05        1.125600         1.000000         0.000000    
 hkr01c06        23.61567         1.000000         0.000000    
 hkr01c07        4.158970         1.000000         0.000000    
 hkr01c08       0.9727082         1.000000         0.000000    
 hkr01c09        2.548603         1.000000         0.000000    
 hkr01c10        26.65690         1.000000         0.000000    
 hkr01c11        1.948609         1.000000         0.000000    
 hkr01c12        13.54899         1.000000         0.000000    
 hkr01c13        11.16706         1.000000         0.000000    
 hkr01c14       0.8614412         1.000000         0.000000    
 hkr01c15        4.427589         1.000000         0.000000    
 hkr01c16        37.86177         1.000000         0.000000    
 hkr01c17        4.661659         1.000000         0.000000    
 hkr01c18        31.23685         1.000000         0.000000    
 hkr01c19        10.43295         1.000000         0.000000    
 hkr02c00        6.230786         1.000000         0.000000    
 hkr02c01        1.698418         1.000000         0.000000    
 hkr02c02        20.88571         1.000000         0.000000    
 hkr02c03        3.881021         1.000000         0.000000    
 hkr02c04        51.45023         1.000000         0.000000    
 hkr02c05        22.93040         1.000000         0.000000    
 hkr02c06        2.205764         1.000000         0.000000    
 hkr02c07        2.182006         1.000000         0.000000    
 hkr02c08        4.973524         1.000000         0.000000    
 hkr02c09        12.33178         1.000000         0.000000    
 hkr02c10        3.521782         1.000000         0.000000    
 hkr02c11        4.882076         1.000000         0.000000    
 hkr02c12        59.47512         1.000000         0.000000    
 hkr02c13        1.158687         1.000000         0.000000    
 hkr02c14        15.64108         1.000000         0.000000    
 hkr02c15        14.59609         1.000000         0.000000    
 hkr02c16        59.47512         1.000000         0.000000    
 hkr02c17        4.163953         1.000000         0.000000    
 hkr02c18        1.422142         1.000000         0.000000    
 hkr02c19        11.47761         1.000000         0.000000    
 hkr03c00        5.376172         1.000000         0.000000    
 hkr03c01        6.027729         1.000000         0.000000    
 hkr03c02        3.099889         1.000000         0.000000    
 hkr03c03        6.214532         1.000000         0.000000    
 hkr03c04        4.459099         1.000000         0.000000    
 hkr03c05        2.327741         1.000000         0.000000    
 hkr03c06        30.31006         1.000000         0.000000    
 hkr03c07        7.129357         1.000000         0.000000    
 hkr03c08        14.36707         1.000000         0.000000    
 hkr03c09        3.146935         1.000000         0.000000    
 hkr03c10        8.834863         1.000000         0.000000    
 hkr03c11        11.30177         1.000000         0.000000    
 hkr03c12        4.922711         1.000000         0.000000    
 hkr03c13       0.5947512         1.000000         0.000000    
 hkr03c14        1.832030         1.000000         0.000000    
 hkr03c15        1.704620         1.000000         0.000000    
 hkr03c16        13.14094         1.000000         0.000000    
 hkr03c17        6.466837         1.000000         0.000000    
 hkr03c18        7.273475         1.000000         0.000000    
 hkr03c19        37.17352         1.000000         0.000000    
 hkr04c00        59.47512         1.000000         0.000000    
 hkr04c01        59.47512         1.000000         0.000000    
 hkr04c02        1.945710         1.000000         0.000000    
 hkr04c03        7.128364         1.000000         0.000000    
 hkr04c04        3.988021         1.000000         0.000000    
 hkr04c05        3.630057         1.000000         0.000000    
 hkr04c06        12.10625         1.000000         0.000000    
 hkr04c07        2.285177         1.000000         0.000000    
 hkr04c08        3.379993         1.000000         0.000000    
 hkr04c09        1.275946         1.000000         0.000000    
 hkr04c10        40.63348         1.000000         0.000000    
 hkr04c11        3.366093         1.000000         0.000000    
 hkr04c12        4.615270         1.000000         0.000000    
 hkr04c13        16.97404         1.000000         0.000000    
 hkr04c14        3.178648         1.000000         0.000000    
 hkr04c15        10.41724         1.000000         0.000000    
 hkr04c16        2.587502         1.000000         0.000000    
 hkr04c17        10.33382         1.000000         0.000000    
 hkr04c18        7.408883         1.000000         0.000000    
 hkr04c19        31.52605         1.000000         0.000000    
 hkr05c00        3.201234         1.000000         0.000000    
 hkr05c01       0.5947512         1.000000         0.000000    
 hkr05c02        8.452825         1.000000         0.000000    
 hkr05c03        4.431962         1.000000         0.000000    
 hkr05c04        14.79928         1.000000         0.000000    
 hkr05c05       0.5947512         1.000000         0.000000    
 hkr05c06        15.93211         1.000000         0.000000    
 hkr05c07        2.017540         1.000000         0.000000    
 hkr05c08        4.361069         1.000000         0.000000    
 hkr05c09        1.572956         1.000000         0.000000    
 hkr05c10        19.15178         1.000000         0.000000    
 hkr05c11        14.07111         1.000000         0.000000    
 hkr05c12        18.65934         1.000000         0.000000    
 hkr05c13        4.432472         1.000000         0.000000    
 hkr05c14        22.50509         1.000000         0.000000    
 hkr05c15        1.307830         1.000000         0.000000    
 hkr05c16        2.016555         1.000000         0.000000    
 hkr05c17        12.16274         1.000000         0.000000    
 hkr05c18        1.896236         1.000000         0.000000    
 hkr05c19        19.59046         1.000000         0.000000    
 hkr06c00        26.36174         1.000000         0.000000    
 hkr06c01        20.38017         1.000000         0.000000    
 hkr06c02        8.592877         1.000000         0.000000    
 hkr06c03        4.719580         1.000000         0.000000    
 hkr06c04        8.728612         1.000000         0.000000    
 hkr06c05        1.704015         1.000000         0.000000    
 hkr06c06        5.983302         1.000000         0.000000    
 hkr06c07        24.25985         1.000000         0.000000    
 hkr06c08        1.040677         1.000000         0.000000    
 hkr06c09        1.220344         1.000000         0.000000    
 hkr06c10       0.5947512         1.000000         0.000000    
 hkr06c11        11.42620         1.000000         0.000000    
 hkr06c12        9.063201         1.000000         0.000000    
 hkr06c13        1.375499         1.000000         0.000000    
 hkr06c14        19.94493         1.000000         0.000000    
 hkr06c15        8.344808         1.000000         0.000000    
 hkr06c16        5.755341         1.000000         0.000000    
 hkr06c17       0.5947512         1.000000         0.000000    
 hkr06c18        59.47512         1.000000         0.000000    
 hkr06c19        5.650652         1.000000         0.000000    
 hkr07c00        4.746953         1.000000         0.000000    
 hkr07c01        3.623607         1.000000         0.000000    
 hkr07c02        2.163646         1.000000         0.000000    
 hkr07c03        5.149803         1.000000         0.000000    
 hkr07c04        51.31872         1.000000         0.000000    
 hkr07c05        21.03392         1.000000         0.000000    
 hkr07c06        15.87750         1.000000         0.000000    
 hkr07c07        3.312719         1.000000         0.000000    
 hkr07c08        7.123618         1.000000         0.000000    
 hkr07c09        6.236139         1.000000         0.000000    
 hkr07c10       0.9040335         1.000000         0.000000    
 hkr07c11       0.6579852         1.000000         0.000000    
 hkr07c12        3.203980         1.000000         0.000000    
 hkr07c13        8.951051         1.000000         0.000000    
 hkr07c14        3.325576         1.000000         0.000000    
 hkr07c15        15.16197         1.000000         0.000000    
 hkr07c16        5.413254         1.000000         0.000000    
 hkr07c17        2.297733         1.000000         0.000000    
 hkr07c18        23.59878         1.000000         0.000000    
 hkr07c19        2.863686         1.000000         0.000000    
 hkr08c00        8.287405         1.000000         0.000000    
 hkr08c01        11.16832         1.000000         0.000000    
 hkr08c02        6.057618         1.000000         0.000000    
 hkr08c03        3.984501         1.000000         0.000000    
 hkr08c07        8.456963         1.000000         0.000000    
 hkr08c08        6.412677         1.000000         0.000000    
 hkr08c09        2.651458         1.000000         0.000000    
 hkr08c10        1.413967         1.000000         0.000000    
 hkr08c11        11.85750         1.000000         0.000000    
 hkr08c12        10.70862         1.000000         0.000000    
 hkr08c13        6.257810         1.000000         0.000000    
 hkr08c14        10.59418         1.000000         0.000000    
 hkr08c15        9.413219         1.000000         0.000000    
 hkr08c16        2.818332         1.000000         0.000000    
 hkr08c17        4.612822         1.000000         0.000000    
 hkr08c18        8.162978         1.000000         0.000000    
 hkr08c19        16.94930         1.000000         0.000000    
 hkr09c00        7.593027         1.000000         0.000000    
 hkr09c01        4.098698         1.000000         0.000000    
 hkr09c02        3.212629         1.000000         0.000000    
 hkr09c03        18.36013         1.000000         0.000000    
 hkr09c08        8.522035         1.000000         0.000000    
 hkr09c09       0.9419290         1.000000         0.000000    
 hkr09c10        30.32220         1.000000         0.000000    
 hkr09c11        3.440357         1.000000         0.000000    
 hkr09c12        1.767316         1.000000         0.000000    
 hkr09c13        2.882942         1.000000         0.000000    
 hkr09c14        4.451292         1.000000         0.000000    
 hkr09c15       0.9382515         1.000000         0.000000    
 hkr09c16        8.208984         1.000000         0.000000    
 hkr09c17        2.500868         1.000000         0.000000    
 hkr09c18       0.7208719         1.000000         0.000000    
 hkr09c19        4.773815         1.000000         0.000000    
 hkr10c00        2.386680         1.000000         0.000000    
 hkr10c01        3.883689         1.000000         0.000000    
 hkr10c02        26.39032         1.000000         0.000000    
 hkr10c03        2.077264         1.000000         0.000000    
 hkr10c08        1.047759         1.000000         0.000000    
 hkr10c09        3.897907         1.000000         0.000000    
 hkr10c10        5.424917         1.000000         0.000000    
 hkr10c11        3.457936         1.000000         0.000000    
 hkr10c12        2.769180         1.000000         0.000000    
 hkr10c13        4.862207         1.000000         0.000000    
 hkr10c14        5.954295         1.000000         0.000000    
 hkr10c15        49.94644         1.000000         0.000000    
 hkr10c16        2.809331         1.000000         0.000000    
 hkr10c17        40.26882         1.000000         0.000000    
 hkr10c18        13.06490         1.000000         0.000000    
 hkr10c19        42.24844         1.000000         0.000000    
 hkr11c00        1.633355         1.000000         0.000000    
 hkr11c01        5.010788         1.000000         0.000000    
 hkr11c02        2.571727         1.000000         0.000000    
 hkr11c03        11.05524         1.000000         0.000000    
 hkr11c08        20.30040         1.000000         0.000000    
 hkr11c09        36.39550         1.000000         0.000000    
 hkr11c10        59.47512         1.000000         0.000000    
 hkr11c11        3.385673         1.000000         0.000000    
 hkr11c12        2.065147         1.000000         0.000000    
 hkr11c13        1.553615         1.000000         0.000000    
 hkr11c14       0.9064580         1.000000         0.000000    
 hkr11c15       0.5947512         1.000000         0.000000    
 hkr11c16        6.546581         1.000000         0.000000    
 hkr11c17       0.5947512         1.000000         0.000000    
 hkr11c18        2.929503         1.000000         0.000000    
 hkr11c19        9.743360         1.000000         0.000000    
 hkr12c00        59.47512         1.000000         0.000000    
 hkr12c01        2.070619         1.000000         0.000000    
 hkr12c02        33.45732         1.000000         0.000000    
 hkr12c03        3.974491         1.000000         0.000000    
 hkr12c08        3.951289         1.000000         0.000000    
 hkr12c09        1.096010         1.000000         0.000000    
 hkr12c10        8.215896         1.000000         0.000000    
 hkr12c11        8.675597         1.000000         0.000000    
 hkr12c12        3.093960         1.000000         0.000000    
 hkr12c13        4.113530         1.000000         0.000000    
 hkr12c14        23.36067         1.000000         0.000000    
 hkr12c15        4.774162         1.000000         0.000000    
 hkr12c16        17.52663         1.000000         0.000000    
 hkr12c17        4.523848         1.000000         0.000000    
 hkr12c18        7.255389         1.000000         0.000000    
 hkr12c19        5.479236         1.000000         0.000000    
 hkr13c00        1.818857         1.000000         0.000000    
 hkr13c01        6.459669         1.000000         0.000000    
 hkr13c02        2.379039         1.000000         0.000000    
 hkr13c03        18.13049         1.000000         0.000000    
 hkr13c08        2.131801         1.000000         0.000000    
 hkr13c09        4.975907         1.000000         0.000000    
 hkr13c10        14.91578         1.000000         0.000000    
 hkr13c11        3.995037         1.000000         0.000000    
 hkr13c12        35.56092         1.000000         0.000000    
 hkr13c13        14.08756         1.000000         0.000000    
 hkr13c14        27.48469         1.000000         0.000000    
 hkr13c15        18.73723         1.000000         0.000000    
 hkr13c16        22.62789         1.000000         0.000000    
 hkr13c17        13.47909         1.000000         0.000000    
 hkr13c18        1.095182         1.000000         0.000000    
 hkr13c19        6.331744         1.000000         0.000000    
 hkr14c00        2.092675         1.000000         0.000000    
 hkr14c01        5.913642         1.000000         0.000000    
 hkr14c02        24.22593         1.000000         0.000000    
 hkr14c03        9.750811         1.000000         0.000000    
 hkr14c08        15.58508         1.000000         0.000000    
 hkr14c09        2.256670         1.000000         0.000000    
 hkr14c10        3.982402         1.000000         0.000000    
 hkr14c11        2.680086         1.000000         0.000000    
 hkr14c12        7.221319         1.000000         0.000000    
 hkr14c13        6.430357         1.000000         0.000000    
 hkr14c14        16.21359         1.000000         0.000000    
 hkr14c15        3.721758         1.000000         0.000000    
 hkr14c16        22.21492         1.000000         0.000000    
 hkr14c17        3.253486         1.000000         0.000000    
 hkr14c18        9.127080         1.000000         0.000000    
 hkr14c19        2.873255         1.000000         0.000000    
 hkr15c00       0.5947512         1.000000         0.000000    
 hkr15c01        1.150448         1.000000         0.000000    
 hkr15c02        12.23451         1.000000         0.000000    
 hkr15c03        6.290361         1.000000         0.000000    
 hkr15c08        3.423596         1.000000         0.000000    
 hkr15c09        1.159777         1.000000         0.000000    
 hkr15c10        4.661777         1.000000         0.000000    
 hkr15c11        14.18682         1.000000         0.000000    
 hkr15c12        13.93280         1.000000         0.000000    
 hkr15c13        18.80847         1.000000         0.000000    
 hkr15c14        1.208873         1.000000         0.000000    
 hkr15c15       0.9666735         1.000000         0.000000    
 hkr15c16       0.6918684         1.000000         0.000000    
 hkr15c17        9.149742         1.000000         0.000000    
 hkr15c18        5.733532         1.000000         0.000000    
 hkr15c19        13.90958         1.000000         0.000000    
 hkr16c00        10.67025         1.000000         0.000000    
 hkr16c01        8.683614         1.000000         0.000000    
 hkr16c02        2.229427         1.000000         0.000000    
 hkr16c03        5.532219         1.000000         0.000000    
 hkr16c08        3.659260         1.000000         0.000000    
 hkr16c09        12.06611         1.000000         0.000000    
 hkr16c10        5.983748         1.000000         0.000000    
 hkr16c11       0.5947512         1.000000         0.000000    
 hkr16c12        59.47512         1.000000         0.000000    
 hkr16c13        32.58271         1.000000         0.000000    
 hkr16c14        1.011829         1.000000         0.000000    
 hkr16c15        17.25298         1.000000         0.000000    
 hkr16c16        6.954465         1.000000         0.000000    
 hkr16c17        10.54143         1.000000         0.000000    
 hkr16c18        2.218212         1.000000         0.000000    
 hkr16c19        4.566439         1.000000         0.000000    
 hkr17c00        5.519579         1.000000         0.000000    
 hkr17c01        6.796656         1.000000         0.000000    
 hkr17c02        3.252692         1.000000         0.000000    
 hkr17c03        2.812716         1.000000         0.000000    
 hkr17c08        7.327219         1.000000         0.000000    
 hkr17c09        11.72046         1.000000         0.000000    
 hkr17c10        15.12476         1.000000         0.000000    
 hkr17c11        10.24048         1.000000         0.000000    
 hkr17c12        6.070327         1.000000         0.000000    
 hkr17c13        2.951691         1.000000         0.000000    
 hkr17c14        10.48811         1.000000         0.000000    
 hkr17c15        5.253378         1.000000         0.000000    
 hkr17c16        1.803740         1.000000         0.000000    
 hkr17c17        9.927070         1.000000         0.000000    
 hkr17c18        3.871442         1.000000         0.000000    
 hkr17c19        7.433203         1.000000         0.000000    
 hkr18c00        52.68353         1.000000         0.000000    
 hkr18c01        31.03845         1.000000         0.000000    
 hkr18c02        59.47512         1.000000         0.000000    
 hkr18c03        1.912686         1.000000         0.000000    
 hkr18c08        10.53057         1.000000         0.000000    
 hkr18c09        1.063049         1.000000         0.000000    
 hkr18c10        16.78130         1.000000         0.000000    
 hkr18c11        5.865055         1.000000         0.000000    
 hkr18c12        6.387572         1.000000         0.000000    
 hkr18c13        41.14842         1.000000         0.000000    
 hkr18c14        1.531717         1.000000         0.000000    
 hkr18c15        20.88951         1.000000         0.000000    
 hkr18c16        13.39068         1.000000         0.000000    
 hkr18c17        1.393843         1.000000         0.000000    
 hkr18c18        1.198971         1.000000         0.000000    
 hkr18c19        3.700423         1.000000         0.000000    
 hkr19c00        15.73006         1.000000         0.000000    
 hkr19c01        1.077018         1.000000         0.000000    
 hkr19c02        3.465187         1.000000         0.000000    
 hkr19c03        1.650260         1.000000         0.000000    
 hkr19c08       0.9219230         1.000000         0.000000    
 hkr19c09        1.409415         1.000000         0.000000    
 hkr19c10        4.570647         1.000000         0.000000    
 hkr19c11        1.124061         1.000000         0.000000    
 hkr19c12        1.653874         1.000000         0.000000    
 hkr19c13        29.53147         1.000000         0.000000    
 hkr19c14        11.33355         1.000000         0.000000    
 hkr19c15        9.178650         1.000000         0.000000    
 hkr19c16        1.309123         1.000000         0.000000    
 hkr19c17        3.156497         1.000000         0.000000    
 hkr19c18        1.631152         1.000000         0.000000    
 hkr19c19        11.91390         1.000000         0.000000    
 hkr20c00        7.148989         1.000000         0.000000    
 hkr20c01        7.987249         1.000000         0.000000    
 hkr20c02        59.47512         1.000000         0.000000    
 hkr20c03        3.346206         1.000000         0.000000    
 hkr20c08        13.27012         1.000000         0.000000    
 hkr20c09        19.85795         1.000000         0.000000    
 hkr20c10        16.08618         1.000000         0.000000    
 hkr20c11        17.01721         1.000000         0.000000    
 hkr20c12        27.67581         1.000000         0.000000    
 hkr20c13        10.48234         1.000000         0.000000    
 hkr20c14        6.280357         1.000000         0.000000    
 hkr20c15        1.124112         1.000000         0.000000    
 hkr20c16        1.521949         1.000000         0.000000    
 hkr20c17        2.181067         1.000000         0.000000    
 hkr20c18        4.314431         1.000000         0.000000    
 hkr20c19        3.888290         1.000000         0.000000    
 hkr21c00        14.41767         1.000000         0.000000    
 hkr21c01        1.929969         1.000000         0.000000    
 hkr21c02        4.023878         1.000000         0.000000    
 hkr21c03        4.215315         1.000000         0.000000    
 hkr21c06        1.179937         1.000000         0.000000    
 hkr21c07        3.311308         1.000000         0.000000    
 hkr21c08        6.417645         1.000000         0.000000    
 hkr21c09        13.46766         1.000000         0.000000    
 hkr21c10        3.019197         1.000000         0.000000    
 hkr21c11        2.163531         1.000000         0.000000    
 hkr21c12        10.89104         1.000000         0.000000    
 hkr21c13        4.070802         1.000000         0.000000    
 hkr21c14       0.9046579         1.000000         0.000000    
 hkr21c15        6.909220         1.000000         0.000000    
 hkr21c16        4.963208         1.000000         0.000000    
 hkr21c17        3.555861         1.000000         0.000000    
 hkr21c18        1.729624         1.000000         0.000000    
 hkr21c19        7.830994         1.000000         0.000000    
 hkr22c00        11.43464         1.000000         0.000000    
 hkr22c01        1.756147         1.000000         0.000000    
 hkr22c02        19.05877         1.000000         0.000000    
 hkr22c03        2.914814         1.000000         0.000000    
 hkr22c04        5.429802         1.000000         0.000000    
 hkr22c06        9.708879         1.000000         0.000000    
 hkr22c07        14.99246         1.000000         0.000000    
 hkr22c08       0.5947512         1.000000         0.000000    
 hkr22c09        14.02775         1.000000         0.000000    
 hkr22c10        30.24316         1.000000         0.000000    
 hkr22c11        1.967171         1.000000         0.000000    
 hkr22c12        4.104192         1.000000         0.000000    
 hkr22c13        2.376768         1.000000         0.000000    
 hkr22c14        2.574989         1.000000         0.000000    
 hkr22c15        18.21385         1.000000         0.000000    
 hkr22c16        1.709665         1.000000         0.000000    
 hkr22c17        6.182932         1.000000         0.000000    
 hkr22c18        1.037596         1.000000         0.000000    
 hkr22c19        1.835486         1.000000         0.000000    
 hkr23c00        2.469636         1.000000         0.000000    
 hkr23c01        46.96438         1.000000         0.000000    
 hkr23c02        1.934551         1.000000         0.000000    
 hkr23c03        1.604997         1.000000         0.000000    
 hkr23c04        35.00772         1.000000         0.000000    
 hkr23c05        4.297028         1.000000         0.000000    
 hkr23c06        5.711963         1.000000         0.000000    
 hkr23c07        2.830387         1.000000         0.000000    
 hkr23c08        6.339496         1.000000         0.000000    
 hkr23c09        9.338606         1.000000         0.000000    
 hkr23c10        5.896517         1.000000         0.000000    
 hkr23c11        6.277939         1.000000         0.000000    
 hkr23c12       0.8530906         1.000000         0.000000    
 hkr23c13        2.190723         1.000000         0.000000    
 hkr23c14        20.25652         1.000000         0.000000    
 hkr23c15        21.08333         1.000000         0.000000    
 hkr23c16        3.945972         1.000000         0.000000    
 hkr23c17        6.815756         1.000000         0.000000    
 hkr23c18        2.172598         1.000000         0.000000    
 hkr23c19        33.47766         1.000000         0.000000    
 hkr24c00        4.960537         1.000000         0.000000    
 hkr24c01        6.649077         1.000000         0.000000    
 hkr24c02        6.064888         1.000000         0.000000    
 hkr24c03        18.14907         1.000000         0.000000    
 hkr24c04        6.306761         1.000000         0.000000    
 hkr24c05       0.9594836         1.000000         0.000000    
 hkr24c06        1.723501         1.000000         0.000000    
 hkr24c07        5.965043         1.000000         0.000000    
 hkr24c08        11.31815         1.000000         0.000000    
 hkr24c09        18.46140         1.000000         0.000000    
 hkr24c10        9.018923         1.000000         0.000000    
 hkr24c11        50.91877         1.000000         0.000000    
 hkr24c12        4.514147         1.000000         0.000000    
 hkr24c13        3.515151         1.000000         0.000000    
 hkr24c14        4.524252         1.000000         0.000000    
 hkr24c15        3.777481         1.000000         0.000000    
 hkr24c16       0.6302774         1.000000         0.000000    
 hkr24c17        6.875546         1.000000         0.000000    
 hkr24c18        1.351780         1.000000         0.000000    
 hkr24c19        3.878366         1.000000         0.000000    
 hkr25c00        12.45874         1.000000         0.000000    
 hkr25c01        12.35916         1.000000         0.000000    
 hkr25c02        2.453382         1.000000         0.000000    
 hkr25c03        14.86209         1.000000         0.000000    
 hkr25c04        3.921901         1.000000         0.000000    
 hkr25c05        59.47512         1.000000         0.000000    
 hkr25c06        3.259191         1.000000         0.000000    
 hkr25c07        8.002872         1.000000         0.000000    
 hkr25c08        5.365517         1.000000         0.000000    
 hkr25c09        3.438386         1.000000         0.000000    
 hkr25c10        16.06064         1.000000         0.000000    
 hkr25c11        32.31676         1.000000         0.000000    
 hkr25c12        30.69865         1.000000         0.000000    
 hkr25c13        6.568280         1.000000         0.000000    
 hkr25c14        16.65533         1.000000         0.000000    
 hkr25c15        18.55915         1.000000         0.000000    
 hkr25c16        10.65451         1.000000         0.000000    
 hkr25c17       0.7410792         1.000000         0.000000    
 hkr25c18       0.8328965         1.000000         0.000000    
 hkr25c19        5.685573         1.000000         0.000000    
 hkr26c00        2.388080         1.000000         0.000000    
 hkr26c01        6.416926         1.000000         0.000000    
 hkr26c02        8.951765         1.000000         0.000000    
 hkr26c03        8.231070         1.000000         0.000000    
 hkr26c04        16.80730         1.000000         0.000000    
 hkr26c05        4.647473         1.000000         0.000000    
 hkr26c06        12.29277         1.000000         0.000000    
 hkr26c07        11.95967         1.000000         0.000000    
 hkr26c08        6.949195         1.000000         0.000000    
 hkr26c09        6.999224         1.000000         0.000000    
 hkr26c10        23.59459         1.000000         0.000000    
 hkr26c11        4.286401         1.000000         0.000000    
 hkr26c12        41.16716         1.000000         0.000000    
 hkr26c13        15.11204         1.000000         0.000000    
 hkr26c14        4.596124         1.000000         0.000000    
 hkr26c15        5.784297         1.000000         0.000000    
 hkr26c16        10.51826         1.000000         0.000000    
 hkr26c17        2.998825         1.000000         0.000000    
 hkr26c18        2.292047         1.000000         0.000000    
 hkr26c19        28.09569         1.000000         0.000000    
 hkr27c00        9.325223         1.000000         0.000000    
 hkr27c01        9.076168         1.000000         0.000000    
 hkr27c02        11.44660         1.000000         0.000000    
 hkr27c03        2.265595         1.000000         0.000000    
 hkr27c04        4.564010         1.000000         0.000000    
 hkr27c05        4.313085         1.000000         0.000000    
 hkr27c06        7.707198         1.000000         0.000000    
 hkr27c07        17.55359         1.000000         0.000000    
 hkr27c08        11.21995         1.000000         0.000000    
 hkr27c09        7.253742         1.000000         0.000000    
 hkr27c10        1.586858         1.000000         0.000000    
 hkr27c11        2.893891         1.000000         0.000000    
 hkr27c12        25.93493         1.000000         0.000000    
 hkr27c13        19.10572         1.000000         0.000000    
 hkr27c14        4.719220         1.000000         0.000000    
 hkr27c15        15.00393         1.000000         0.000000    
 hkr27c16        5.257896         1.000000         0.000000    
 hkr27c17       0.5947512         1.000000         0.000000    
 hkr27c18        7.095012         1.000000         0.000000    
 hkr27c19        8.672848         1.000000         0.000000    
 hkr28c00        2.282561         1.000000         0.000000    
 hkr28c01        34.51694         1.000000         0.000000    
 hkr28c02        3.663447         1.000000         0.000000    
 hkr28c03        12.47287         1.000000         0.000000    
 hkr28c04       0.5947512         1.000000         0.000000    
 hkr28c05        2.626893         1.000000         0.000000    
 hkr28c06        14.12299         1.000000         0.000000    
 hkr28c07        1.350819         1.000000         0.000000    
 hkr28c08        9.299786         1.000000         0.000000    
 hkr28c09        6.659718         1.000000         0.000000    
 hkr28c10       0.5947512         1.000000         0.000000    
 hkr28c11       0.5947512         1.000000         0.000000    
 hkr28c12        4.528571         1.000000         0.000000    
 hkr28c13        56.84055         1.000000         0.000000    
 hkr28c14       0.5947512         1.000000         0.000000    
 hkr28c15        5.202182         1.000000         0.000000    
 hkr28c16        7.264745         1.000000         0.000000    
 hkr28c17        3.508105         1.000000         0.000000    
 hkr28c18        20.09050         1.000000         0.000000    
 hkr28c19        6.655572         1.000000         0.000000    
 hkr29c00        16.39387         1.000000         0.000000    
 hkr29c01        9.914450         1.000000         0.000000    
 hkr29c02        6.198982         1.000000         0.000000    
 hkr29c03        2.994868         1.000000         0.000000    
 hkr29c04        6.068928         1.000000         0.000000    
 hkr29c05        2.653642         1.000000         0.000000    
 hkr29c06        3.059983         1.000000         0.000000    
 hkr29c07        2.697931         1.000000         0.000000    
 hkr29c08        4.389898         1.000000         0.000000    
 hkr29c09        24.09163         1.000000         0.000000    
 hkr29c10       0.7125995         1.000000         0.000000    
 hkr29c11        12.86359         1.000000         0.000000    
 hkr29c12        3.360205         1.000000         0.000000    
 hkr29c13        59.47512         1.000000         0.000000    
 hkr29c14        13.21700         1.000000         0.000000    
 hkr29c15        7.169362         1.000000         0.000000    
 hkr29c16        2.009508         1.000000         0.000000    
 hkr29c17        4.949178         1.000000         0.000000    
 hkr29c18        2.492892         1.000000         0.000000    
 hkr29c19        54.14674         1.000000         0.000000    
 hkr30c00        18.76644         1.000000         0.000000    
 hkr30c01        5.786507         1.000000         0.000000    
 hkr30c02        19.09774         1.000000         0.000000    
 hkr30c03        12.46590         1.000000         0.000000    
 hkr30c04        11.95825         1.000000         0.000000    
 hkr30c05        3.142960         1.000000         0.000000    
 hkr30c06        11.14556         1.000000         0.000000    
 hkr30c07        1.226723         1.000000         0.000000    
 hkr30c08        14.65623         1.000000         0.000000    
 hkr30c09        52.41990         1.000000         0.000000    
 hkr30c10        34.04915         1.000000         0.000000    
 hkr30c11        6.539067         1.000000         0.000000    
 hkr30c12        18.13193         1.000000         0.000000    
 hkr30c13        29.73022         1.000000         0.000000    
 hkr30c14        4.413154         1.000000         0.000000    
 hkr30c15        14.21879         1.000000         0.000000    
 hkr30c16        3.645253         1.000000         0.000000    
 hkr30c17        6.922668         1.000000         0.000000    
 hkr30c18        4.000921         1.000000         0.000000    
 hkr30c19        2.763227         1.000000         0.000000    
 hkr31c00        2.077238         1.000000         0.000000    
 hkr31c01        10.31859         1.000000         0.000000    
 hkr31c02        4.758784         1.000000         0.000000    
 hkr31c03        3.096985         1.000000         0.000000    
 hkr31c04        4.086055         1.000000         0.000000    
 hkr31c05        10.25434         1.000000         0.000000    
 hkr31c06       0.8508229         1.000000         0.000000    
 hkr31c07        12.48772         1.000000         0.000000    
 hkr31c08        1.947278         1.000000         0.000000    
 hkr31c09        18.05100         1.000000         0.000000    
 hkr31c10        18.10690         1.000000         0.000000    
 hkr31c11        5.837963         1.000000         0.000000    
 hkr31c12        12.01589         1.000000         0.000000    
 hkr31c13        23.60895         1.000000         0.000000    
 hkr31c14       0.8487405         1.000000         0.000000    
 hkr31c15        7.357819         1.000000         0.000000    
 hkr31c16        17.45152         1.000000         0.000000    
 hkr31c17        3.413742         1.000000         0.000000    
 hkr31c18        1.765746         1.000000         0.000000    
 hkr31c19        4.171768         1.000000         0.000000    
 hkr32c01        2.767982         1.000000         0.000000    
 hkr32c02        21.31485         1.000000         0.000000    
 hkr32c03        1.050365         1.000000         0.000000    
 hkr32c04        13.35206         1.000000         0.000000    
 hkr32c05        18.36353         1.000000         0.000000    
 hkr32c06        26.32256         1.000000         0.000000    
 hkr32c07        3.089888         1.000000         0.000000    
 hkr32c08        8.224350         1.000000         0.000000    
 hkr32c09        7.352137         1.000000         0.000000    
 hkr32c10        27.20411         1.000000         0.000000    
 hkr32c11        5.594602         1.000000         0.000000    
 hkr32c12        7.436879         1.000000         0.000000    
 hkr32c13        11.24080         1.000000         0.000000    
 hkr32c14        1.090061         1.000000         0.000000    
 hkr32c15        1.873929         1.000000         0.000000    
 hkr32c16        16.77321         1.000000         0.000000    
 hkr32c17        1.516556         1.000000         0.000000    
 hkr32c18        10.81063         1.000000         0.000000    
 hkr32c19        8.589320         1.000000         0.000000    
 hkr33c02        17.20084         1.000000         0.000000    
 hkr33c03        5.357148         1.000000         0.000000    
 hkr33c04        12.36275         1.000000         0.000000    
 hkr33c05        3.047646         1.000000         0.000000    
 hkr33c06        9.701656         1.000000         0.000000    
 hkr33c07        6.229300         1.000000         0.000000    
 hkr33c08        6.429271         1.000000         0.000000    
 hkr33c09        2.800848         1.000000         0.000000    
 hkr33c10        6.540209         1.000000         0.000000    
 hkr33c11        1.533749         1.000000         0.000000    
 hkr33c12        4.585855         1.000000         0.000000    
 hkr33c13        12.54290         1.000000         0.000000    
 hkr33c14        1.025321         1.000000         0.000000    
 hkr33c15        19.25037         1.000000         0.000000    
 hkr33c16        17.32190         1.000000         0.000000    
 hkr33c17        9.629747         1.000000         0.000000    
 hkr33c18        1.485308         1.000000         0.000000    
 hkr33c19        5.964368         1.000000         0.000000    
 hkr34c03       0.6323037         1.000000         0.000000    
 hkr34c04        6.120409         1.000000         0.000000    
 hkr34c05        3.125624         1.000000         0.000000    
 hkr34c06        2.772349         1.000000         0.000000    
 hkr34c07        13.72268         1.000000         0.000000    
 hkr34c08        7.709677         1.000000         0.000000    
 hkr34c09        7.169667         1.000000         0.000000    
 hkr34c10        1.439309         1.000000         0.000000    
 hkr34c11        9.487925         1.000000         0.000000    
 hkr34c12        4.025459         1.000000         0.000000    
 hkr34c13        3.723472         1.000000         0.000000    
 hkr34c14        12.41006         1.000000         0.000000    
 hkr34c15        3.081943         1.000000         0.000000    
 hkr34c16        17.43536         1.000000         0.000000    
 hkr34c17        12.80454         1.000000         0.000000    
 hkr34c18        7.842852         1.000000         0.000000    
 hkr34c19        2.304724         1.000000         0.000000    
 hkr35c04        1.599146         1.000000         0.000000    
 hkr35c05        13.80701         1.000000         0.000000    
 hkr35c06        11.08060         1.000000         0.000000    
 hkr35c07        1.727453         1.000000         0.000000    
 hkr35c08        11.39235         1.000000         0.000000    
 hkr35c09        4.502830         1.000000         0.000000    
 hkr35c10        8.183846         1.000000         0.000000    
 hkr35c11        6.116364         1.000000         0.000000    
 hkr35c12        1.166479         1.000000         0.000000    
 hkr35c13        59.47512         1.000000         0.000000    
 hkr35c14       0.6157676         1.000000         0.000000    
 hkr35c15        1.027090         1.000000         0.000000    
 hkr35c16        1.721359         1.000000         0.000000    
 hkr35c17        12.19712         1.000000         0.000000    
 hkr35c18        5.636644         1.000000         0.000000    
 hkr36c04        2.164054         1.000000         0.000000    
 hkr36c05        1.600838         1.000000         0.000000    
 hkr36c06        27.78820         1.000000         0.000000    
 hkr36c07        2.128661         1.000000         0.000000    
 hkr36c08        11.93413         1.000000         0.000000    
 hkr36c09        47.87307         1.000000         0.000000    
 hkr36c10        6.133019         1.000000         0.000000    
 hkr36c11        8.938854         1.000000         0.000000    
 hkr36c12        3.849989         1.000000         0.000000    
 hkr36c13        3.235736         1.000000         0.000000    
 hkr36c14        1.793786         1.000000         0.000000    
 hkr36c15        5.300542         1.000000         0.000000    
 hkr36c16        7.096002         1.000000         0.000000    
 hkr36c17        11.10820         1.000000         0.000000    
 hkr36c18        11.88103         1.000000         0.000000    
 hkr37c05       0.5947512         1.000000         0.000000    
 hkr37c06        3.260735         1.000000         0.000000    
 hkr37c07        2.709486         1.000000         0.000000    
 hkr37c08        2.274770         1.000000         0.000000    
 hkr37c09        11.42205         1.000000         0.000000    
 hkr37c10        10.63492         1.000000         0.000000    
 hkr37c11        2.749930         1.000000         0.000000    
 hkr37c12        1.076513         1.000000         0.000000    
 hkr37c13        2.925469         1.000000         0.000000    
 hkr37c14        3.139744         1.000000         0.000000    
 hkr37c15        4.835706         1.000000         0.000000    
 hkr37c16        4.954298         1.000000         0.000000    
 hkr37c17        4.177944         1.000000         0.000000    
 hkr38c05        20.95182         1.000000         0.000000    
 hkr38c06        31.74097         1.000000         0.000000    
 hkr38c07        42.72947         1.000000         0.000000    
 hkr38c08        5.438012         1.000000         0.000000    
 hkr38c09        8.359171         1.000000         0.000000    
 hkr38c10       0.7736068         1.000000         0.000000    
 hkr38c11        1.007892         1.000000         0.000000    
 hkr38c12        47.59662         1.000000         0.000000    
 hkr38c13        2.731277         1.000000         0.000000    
 hkr38c14        4.265035         1.000000         0.000000    
 hkr38c15        7.076494         1.000000         0.000000    
 hkr38c16        1.727157         1.000000         0.000000    
 hkr39c05        31.43263         1.000000         0.000000    
 hkr39c06        38.32391         1.000000         0.000000    
 hkr39c07       0.9919088         1.000000         0.000000    
 hkr39c08        7.629075         1.000000         0.000000    
 hkr39c09        11.50572         1.000000         0.000000    
 hkr39c10        7.086335         1.000000         0.000000    
 hkr39c11        5.025606         1.000000         0.000000    
 hkr39c12        5.967037         1.000000         0.000000    
 hkr39c13        10.23374         1.000000         0.000000    
 hkr39c14        6.067576         1.000000         0.000000    
