single point
 rch_1          0.9000000         1.000000         0.000000    
 rch_2           1.232430         1.000000         0.000000    
 rcond00         1007.697         1.000000         0.000000    
 rcond01         490.4372         1.000000         0.000000    
 rcond02         14366.45         1.000000         0.000000    
 rcond03         490.4372         1.000000         0.000000    
 rcond04         490.4372         1.000000         0.000000    
 rcond05         490.4372         1.000000         0.000000    
 rcond06         490.4372         1.000000         0.000000    
 rcond07         11099.29         1.000000         0.000000    
 rcond08         23835.14         1.000000         0.000000    
 rcond09         490.4372         1.000000         0.000000    
 rcond10         490.4372         1.000000         0.000000    
 rcond11         34054.41         1.000000         0.000000    
 rcond12         2486.940         1.000000         0.000000    
 rcond13         4753.430         1.000000         0.000000    
 rcond14         15169.94         1.000000         0.000000    
 rcond15         490.4372         1.000000         0.000000    
 rcond16         9447.873         1.000000         0.000000    
 rcond17         490.4372         1.000000         0.000000    
 rcond18         490.4372         1.000000         0.000000    
 rcond19         490.4372         1.000000         0.000000    
 rcond20         490.4372         1.000000         0.000000    
 rcond21         5814.024         1.000000         0.000000    
 rcond22         490.4372         1.000000         0.000000    
 rcond23         31435.03         1.000000         0.000000    
 rcond24         3591.965         1.000000         0.000000    
 rcond25         2170.049         1.000000         0.000000    
 rcond26         490.4372         1.000000         0.000000    
 rcond27         4373.325         1.000000         0.000000    
 rcond28         15267.30         1.000000         0.000000    
 rcond29         490.4372         1.000000         0.000000    
 rcond30         758.5270         1.000000         0.000000    
 rcond31         5131.244         1.000000         0.000000    
 rcond32         5979.841         1.000000         0.000000    
 rcond33         15964.16         1.000000         0.000000    
 rcond34         3204.945         1.000000         0.000000    
 rcond35         490.4372         1.000000         0.000000    
 rcond36         490.4372         1.000000         0.000000    
 rcond37         490.4372         1.000000         0.000000    
 rcond38         12855.17         1.000000         0.000000    
 rcond39         1900.770         1.000000         0.000000    
 ss             9.4695401E-05     1.000000         0.000000    
 sy             4.2325100E-02     1.000000         0.000000    
 wf1_1           769.3607         1.000000         0.000000    
 wf2_1           389.6640         1.000000         0.000000    
 wf3_1           304.2602         1.000000         0.000000    
 wf4_1           64.54079         1.000000         0.000000    
 wf5_1           55.98720         1.000000         0.000000    
 wf6_1           408.6720         1.000000         0.000000    
 wf1_2           789.1550         1.000000         0.000000    
 wf2_2           318.4660         1.000000         0.000000    
 wf3_2           444.0310         1.000000         0.000000    
 wf4_2           106.9240         1.000000         0.000000    
 wf5_2           57.04390         1.000000         0.000000    
 wf6_2           344.7750         1.000000         0.000000    
 hkr00c00        13.96572         1.000000         0.000000    
 hkr00c01       0.5947512         1.000000         0.000000    
 hkr00c02        16.31956         1.000000         0.000000    
 hkr00c03       0.5947512         1.000000         0.000000    
 hkr00c04       0.5947512         1.000000         0.000000    
 hkr00c05       0.5947512         1.000000         0.000000    
 hkr00c06        28.75075         1.000000         0.000000    
 hkr00c07       0.5947512         1.000000         0.000000    
 hkr00c08        8.762073         1.000000         0.000000    
 hkr00c09        9.734846         1.000000         0.000000    
 hkr00c10       0.5947512         1.000000         0.000000    
 hkr00c11        4.351032         1.000000         0.000000    
 hkr00c12        28.61314         1.000000         0.000000    
 hkr00c13        9.321225         1.000000         0.000000    
 hkr00c14        7.393130         1.000000         0.000000    
 hkr00c15       0.5947512         1.000000         0.000000    
 hkr00c16        3.266779         1.000000         0.000000    
 hkr00c17       0.5947512         1.000000         0.000000    
 hkr00c18        19.42661         1.000000         0.000000    
 hkr00c19        15.17370         1.000000         0.000000    
 hkr01c00        24.71900         1.000000         0.000000    
 hkr01c01        11.37023         1.000000         0.000000    
 hkr01c02        18.35214         1.000000         0.000000    
 hkr01c03        2.984500         1.000000         0.000000    
 hkr01c04        9.763815         1.000000         0.000000    
 hkr01c05       0.5947512         1.000000         0.000000    
 hkr01c06       0.5947512         1.000000         0.000000    
 hkr01c07        18.93979         1.000000         0.000000    
 hkr01c08        8.046555         1.000000         0.000000    
 hkr01c09        25.16401         1.000000         0.000000    
 hkr01c10       0.5947512         1.000000         0.000000    
 hkr01c11        15.86120         1.000000         0.000000    
 hkr01c12        54.78197         1.000000         0.000000    
 hkr01c13        18.23122         1.000000         0.000000    
 hkr01c14        25.23725         1.000000         0.000000    
 hkr01c15        12.77851         1.000000         0.000000    
 hkr01c16       0.5947512         1.000000         0.000000    
 hkr01c17       0.5947512         1.000000         0.000000    
 hkr01c18        26.36539         1.000000         0.000000    
 hkr01c19        6.386710         1.000000         0.000000    
 hkr02c00        24.54636         1.000000         0.000000    
 hkr02c01       0.5947512         1.000000         0.000000    
 hkr02c02        2.246149         1.000000         0.000000    
 hkr02c03       0.5947512         1.000000         0.000000    
 hkr02c04       0.5947512         1.000000         0.000000    
 hkr02c05       0.7002995         1.000000         0.000000    
 hkr02c06       0.5947512         1.000000         0.000000    
 hkr02c07       0.5947512         1.000000         0.000000    
 hkr02c08        11.40835         1.000000         0.000000    
 hkr02c09        1.692785         1.000000         0.000000    
 hkr02c10        4.890875         1.000000         0.000000    
 hkr02c11        12.76391         1.000000         0.000000    
 hkr02c12        12.81719         1.000000         0.000000    
 hkr02c13        38.00854         1.000000         0.000000    
 hkr02c14        36.65631         1.000000         0.000000    
 hkr02c15        29.14701         1.000000         0.000000    
 hkr02c16        14.96078         1.000000         0.000000    
 hkr02c17       0.5947512         1.000000         0.000000    
 hkr02c18        36.64656         1.000000         0.000000    
 hkr02c19       0.5947512         1.000000         0.000000    
 hkr03c00        10.73173         1.000000         0.000000    
 hkr03c01       0.5947512         1.000000         0.000000    
 hkr03c02        22.34788         1.000000         0.000000    
 hkr03c03        5.129209         1.000000         0.000000    
 hkr03c04       0.5947512         1.000000         0.000000    
 hkr03c05       0.5947512         1.000000         0.000000    
 hkr03c06        13.81340         1.000000         0.000000    
 hkr03c07        23.54420         1.000000         0.000000    
 hkr03c08       0.5947512         1.000000         0.000000    
 hkr03c09       0.5947512         1.000000         0.000000    
 hkr03c10        30.27604         1.000000         0.000000    
 hkr03c11        59.47512         1.000000         0.000000    
 hkr03c12        29.45552         1.000000         0.000000    
 hkr03c13        8.893366         1.000000         0.000000    
 hkr03c14        22.71697         1.000000         0.000000    
 hkr03c15        19.00307         1.000000         0.000000    
 hkr03c16        8.703077         1.000000         0.000000    
 hkr03c17        17.95436         1.000000         0.000000    
 hkr03c18        29.72050         1.000000         0.000000    
 hkr03c19       0.5947512         1.000000         0.000000    
 hkr04c00       0.5947512         1.000000         0.000000    
 hkr04c01       0.5947512         1.000000         0.000000    
 hkr04c02        24.31183         1.000000         0.000000    
 hkr04c03        20.78934         1.000000         0.000000    
 hkr04c04       0.5947512         1.000000         0.000000    
 hkr04c05       0.5947512         1.000000         0.000000    
 hkr04c06       0.5947512         1.000000         0.000000    
 hkr04c07       0.5947512         1.000000         0.000000    
 hkr04c08       0.5947512         1.000000         0.000000    
 hkr04c09       0.5947512         1.000000         0.000000    
 hkr04c10        37.04123         1.000000         0.000000    
 hkr04c11        59.47512         1.000000         0.000000    
 hkr04c12        36.11525         1.000000         0.000000    
 hkr04c13        42.37438         1.000000         0.000000    
 hkr04c14        30.34501         1.000000         0.000000    
 hkr04c15        7.990112         1.000000         0.000000    
 hkr04c16        4.929121         1.000000         0.000000    
 hkr04c17        22.24315         1.000000         0.000000    
 hkr04c18        38.08361         1.000000         0.000000    
 hkr04c19        21.34615         1.000000         0.000000    
 hkr05c00        17.58726         1.000000         0.000000    
 hkr05c01       0.5947512         1.000000         0.000000    
 hkr05c02       0.5947512         1.000000         0.000000    
 hkr05c03        5.048577         1.000000         0.000000    
 hkr05c04        13.86879         1.000000         0.000000    
 hkr05c05       0.5947512         1.000000         0.000000    
 hkr05c06       0.5947512         1.000000         0.000000    
 hkr05c07        7.990770         1.000000         0.000000    
 hkr05c08        3.687430         1.000000         0.000000    
 hkr05c09        20.81813         1.000000         0.000000    
 hkr05c10        22.09206         1.000000         0.000000    
 hkr05c11        48.77089         1.000000         0.000000    
 hkr05c12        13.50496         1.000000         0.000000    
 hkr05c13        27.07931         1.000000         0.000000    
 hkr05c14        4.157295         1.000000         0.000000    
 hkr05c15       0.5947512         1.000000         0.000000    
 hkr05c16       0.5947512         1.000000         0.000000    
 hkr05c17       0.5947512         1.000000         0.000000    
 hkr05c18       0.5947512         1.000000         0.000000    
 hkr05c19        4.657419         1.000000         0.000000    
 hkr06c00        15.31406         1.000000         0.000000    
 hkr06c01       0.5947512         1.000000         0.000000    
 hkr06c02        21.86680         1.000000         0.000000    
 hkr06c03       0.5947512         1.000000         0.000000    
 hkr06c04        6.551471         1.000000         0.000000    
 hkr06c05        2.164358         1.000000         0.000000    
 hkr06c06        12.20782         1.000000         0.000000    
 hkr06c07        32.41971         1.000000         0.000000    
 hkr06c08        4.331937         1.000000         0.000000    
 hkr06c09       0.5947512         1.000000         0.000000    
 hkr06c10       0.5947512         1.000000         0.000000    
 hkr06c11        36.05561         1.000000         0.000000    
 hkr06c12        16.89931         1.000000         0.000000    
 hkr06c13        24.34481         1.000000         0.000000    
 hkr06c14        6.973509         1.000000         0.000000    
 hkr06c15        19.80596         1.000000         0.000000    
 hkr06c16        20.82072         1.000000         0.000000    
 hkr06c17        23.30649         1.000000         0.000000    
 hkr06c18       0.5947512         1.000000         0.000000    
 hkr06c19       0.5947512         1.000000         0.000000    
 hkr07c00       0.5947512         1.000000         0.000000    
 hkr07c01       0.5947512         1.000000         0.000000    
 hkr07c02        2.202761         1.000000         0.000000    
 hkr07c03       0.5947512         1.000000         0.000000    
 hkr07c04        17.31042         1.000000         0.000000    
 hkr07c05        7.490508         1.000000         0.000000    
 hkr07c06        19.26566         1.000000         0.000000    
 hkr07c07        36.10500         1.000000         0.000000    
 hkr07c08        24.07577         1.000000         0.000000    
 hkr07c09        17.78832         1.000000         0.000000    
 hkr07c10        2.770122         1.000000         0.000000    
 hkr07c11        28.61329         1.000000         0.000000    
 hkr07c12        7.144487         1.000000         0.000000    
 hkr07c13        24.22194         1.000000         0.000000    
 hkr07c14       0.5947512         1.000000         0.000000    
 hkr07c15        27.31217         1.000000         0.000000    
 hkr07c16       0.5947512         1.000000         0.000000    
 hkr07c17        28.78310         1.000000         0.000000    
 hkr07c18        4.143751         1.000000         0.000000    
 hkr07c19        12.22981         1.000000         0.000000    
 hkr08c00        33.40966         1.000000         0.000000    
 hkr08c01       0.5947512         1.000000         0.000000    
 hkr08c02       0.5947512         1.000000         0.000000    
 hkr08c03       0.5947512         1.000000         0.000000    
 hkr08c07       0.5947512         1.000000         0.000000    
 hkr08c08       0.5947512         1.000000         0.000000    
 hkr08c09        37.69440         1.000000         0.000000    
 hkr08c10        36.06049         1.000000         0.000000    
 hkr08c11       0.5947512         1.000000         0.000000    
 hkr08c12       0.5947512         1.000000         0.000000    
 hkr08c13       0.5947512         1.000000         0.000000    
 hkr08c14        1.846778         1.000000         0.000000    
 hkr08c15        8.603193         1.000000         0.000000    
 hkr08c16        17.11466         1.000000         0.000000    
 hkr08c17        15.16661         1.000000         0.000000    
 hkr08c18        29.47359         1.000000         0.000000    
 hkr08c19       0.5947512         1.000000         0.000000    
 hkr09c00        26.32779         1.000000         0.000000    
 hkr09c01        28.05036         1.000000         0.000000    
 hkr09c02        10.26386         1.000000         0.000000    
 hkr09c03       0.5947512         1.000000         0.000000    
 hkr09c08        44.88586         1.000000         0.000000    
 hkr09c09        25.84012         1.000000         0.000000    
 hkr09c10        19.72300         1.000000         0.000000    
 hkr09c11        25.99729         1.000000         0.000000    
 hkr09c12        47.30526         1.000000         0.000000    
 hkr09c13        26.51653         1.000000         0.000000    
 hkr09c14        25.30786         1.000000         0.000000    
 hkr09c15        23.82837         1.000000         0.000000    
 hkr09c16        11.72061         1.000000         0.000000    
 hkr09c17        1.037419         1.000000         0.000000    
 hkr09c18        10.95214         1.000000         0.000000    
 hkr09c19       0.5947512         1.000000         0.000000    
 hkr10c00        6.256847         1.000000         0.000000    
 hkr10c01       0.5947512         1.000000         0.000000    
 hkr10c02        25.64194         1.000000         0.000000    
 hkr10c03        8.343162         1.000000         0.000000    
 hkr10c08        25.71890         1.000000         0.000000    
 hkr10c09        3.612079         1.000000         0.000000    
 hkr10c10        18.95102         1.000000         0.000000    
 hkr10c11        18.07996         1.000000         0.000000    
 hkr10c12        7.721947         1.000000         0.000000    
 hkr10c13        17.05334         1.000000         0.000000    
 hkr10c14        11.25606         1.000000         0.000000    
 hkr10c15        3.194745         1.000000         0.000000    
 hkr10c16        33.90393         1.000000         0.000000    
 hkr10c17        1.384645         1.000000         0.000000    
 hkr10c18        7.159377         1.000000         0.000000    
 hkr10c19       0.5947512         1.000000         0.000000    
 hkr11c00       0.5947512         1.000000         0.000000    
 hkr11c01        10.84977         1.000000         0.000000    
 hkr11c02        7.351427         1.000000         0.000000    
 hkr11c03        16.90054         1.000000         0.000000    
 hkr11c08       0.5947512         1.000000         0.000000    
 hkr11c09        12.64368         1.000000         0.000000    
 hkr11c10        31.30373         1.000000         0.000000    
 hkr11c11       0.5947512         1.000000         0.000000    
 hkr11c12       0.5947512         1.000000         0.000000    
 hkr11c13        6.786659         1.000000         0.000000    
 hkr11c14       0.5947512         1.000000         0.000000    
 hkr11c15        9.990318         1.000000         0.000000    
 hkr11c16       0.5947512         1.000000         0.000000    
 hkr11c17       0.5947512         1.000000         0.000000    
 hkr11c18        5.589877         1.000000         0.000000    
 hkr11c19        29.24069         1.000000         0.000000    
 hkr12c00        23.21877         1.000000         0.000000    
 hkr12c01        18.29926         1.000000         0.000000    
 hkr12c02        8.239147         1.000000         0.000000    
 hkr12c03        2.536177         1.000000         0.000000    
 hkr12c08        17.80631         1.000000         0.000000    
 hkr12c09        29.97673         1.000000         0.000000    
 hkr12c10        9.664885         1.000000         0.000000    
 hkr12c11       0.5947512         1.000000         0.000000    
 hkr12c12        5.397908         1.000000         0.000000    
 hkr12c13       0.5947512         1.000000         0.000000    
 hkr12c14        27.54566         1.000000         0.000000    
 hkr12c15       0.5947512         1.000000         0.000000    
 hkr12c16       0.5947512         1.000000         0.000000    
 hkr12c17        17.87266         1.000000         0.000000    
 hkr12c18        12.87249         1.000000         0.000000    
 hkr12c19       0.5947512         1.000000         0.000000    
 hkr13c00        18.69052         1.000000         0.000000    
 hkr13c01       0.5947512         1.000000         0.000000    
 hkr13c02        14.82392         1.000000         0.000000    
 hkr13c03        1.890981         1.000000         0.000000    
 hkr13c08        19.51758         1.000000         0.000000    
 hkr13c09       0.5947512         1.000000         0.000000    
 hkr13c10        4.928832         1.000000         0.000000    
 hkr13c11       0.5947512         1.000000         0.000000    
 hkr13c12       0.5947512         1.000000         0.000000    
 hkr13c13       0.5947512         1.000000         0.000000    
 hkr13c14       0.5947512         1.000000         0.000000    
 hkr13c15        4.503443         1.000000         0.000000    
 hkr13c16       0.5947512         1.000000         0.000000    
 hkr13c17        38.40337         1.000000         0.000000    
 hkr13c18        1.935604         1.000000         0.000000    
 hkr13c19       0.5947512         1.000000         0.000000    
 hkr14c00       0.5947512         1.000000         0.000000    
 hkr14c01       0.5947512         1.000000         0.000000    
 hkr14c02        4.050702         1.000000         0.000000    
 hkr14c03       0.5947512         1.000000         0.000000    
 hkr14c08        29.40342         1.000000         0.000000    
 hkr14c09        21.06128         1.000000         0.000000    
 hkr14c10       0.5947512         1.000000         0.000000    
 hkr14c11        4.256260         1.000000         0.000000    
 hkr14c12        13.14262         1.000000         0.000000    
 hkr14c13       0.5947512         1.000000         0.000000    
 hkr14c14        2.235233         1.000000         0.000000    
 hkr14c15        28.25032         1.000000         0.000000    
 hkr14c16        11.75315         1.000000         0.000000    
 hkr14c17       0.5947512         1.000000         0.000000    
 hkr14c18        13.33775         1.000000         0.000000    
 hkr14c19        9.910216         1.000000         0.000000    
 hkr15c00        24.79745         1.000000         0.000000    
 hkr15c01        12.73572         1.000000         0.000000    
 hkr15c02        26.18291         1.000000         0.000000    
 hkr15c03       0.5947512         1.000000         0.000000    
 hkr15c08       0.5947512         1.000000         0.000000    
 hkr15c09        17.75207         1.000000         0.000000    
 hkr15c10       0.5947512         1.000000         0.000000    
 hkr15c11       0.5947512         1.000000         0.000000    
 hkr15c12       0.5947512         1.000000         0.000000    
 hkr15c13       0.5947512         1.000000         0.000000    
 hkr15c14        17.42404         1.000000         0.000000    
 hkr15c15       0.5947512         1.000000         0.000000    
 hkr15c16        17.85711         1.000000         0.000000    
 hkr15c17       0.5947512         1.000000         0.000000    
 hkr15c18        11.41141         1.000000         0.000000    
 hkr15c19       0.5947512         1.000000         0.000000    
 hkr16c00        2.241030         1.000000         0.000000    
 hkr16c01       0.5947512         1.000000         0.000000    
 hkr16c02       0.5947512         1.000000         0.000000    
 hkr16c03        21.94485         1.000000         0.000000    
 hkr16c08        6.259250         1.000000         0.000000    
 hkr16c09       0.5947512         1.000000         0.000000    
 hkr16c10        14.09336         1.000000         0.000000    
 hkr16c11       0.5947512         1.000000         0.000000    
 hkr16c12       0.5947512         1.000000         0.000000    
 hkr16c13        8.670571         1.000000         0.000000    
 hkr16c14        29.86535         1.000000         0.000000    
 hkr16c15       0.5947512         1.000000         0.000000    
 hkr16c16       0.5947512         1.000000         0.000000    
 hkr16c17        21.40668         1.000000         0.000000    
 hkr16c18        17.15931         1.000000         0.000000    
 hkr16c19        13.29675         1.000000         0.000000    
 hkr17c00       0.5947512         1.000000         0.000000    
 hkr17c01       0.5947512         1.000000         0.000000    
 hkr17c02        25.93927         1.000000         0.000000    
 hkr17c03        1.420150         1.000000         0.000000    
 hkr17c08        16.49325         1.000000         0.000000    
 hkr17c09        20.59042         1.000000         0.000000    
 hkr17c10        7.609688         1.000000         0.000000    
 hkr17c11       0.5947512         1.000000         0.000000    
 hkr17c12       0.5947512         1.000000         0.000000    
 hkr17c13       0.5947512         1.000000         0.000000    
 hkr17c14        7.398051         1.000000         0.000000    
 hkr17c15       0.5947512         1.000000         0.000000    
 hkr17c16       0.5947512         1.000000         0.000000    
 hkr17c17       0.5947512         1.000000         0.000000    
 hkr17c18        4.111378         1.000000         0.000000    
 hkr17c19       0.5947512         1.000000         0.000000    
 hkr18c00       0.5947512         1.000000         0.000000    
 hkr18c01        38.73834         1.000000         0.000000    
 hkr18c02       0.5947512         1.000000         0.000000    
 hkr18c03        13.51689         1.000000         0.000000    
 hkr18c08       0.5947512         1.000000         0.000000    
 hkr18c09       0.5947512         1.000000         0.000000    
 hkr18c10        22.82002         1.000000         0.000000    
 hkr18c11        35.03823         1.000000         0.000000    
 hkr18c12        6.803975         1.000000         0.000000    
 hkr18c13        17.34545         1.000000         0.000000    
 hkr18c14        10.95301         1.000000         0.000000    
 hkr18c15        7.464729         1.000000         0.000000    
 hkr18c16       0.5947512         1.000000         0.000000    
 hkr18c17        23.76684         1.000000         0.000000    
 hkr18c18       0.5947512         1.000000         0.000000    
 hkr18c19       0.5947512         1.000000         0.000000    
 hkr19c00        16.05467         1.000000         0.000000    
 hkr19c01       0.5947512         1.000000         0.000000    
 hkr19c02       0.5947512         1.000000         0.000000    
 hkr19c03       0.5947512         1.000000         0.000000    
 hkr19c08       0.5947512         1.000000         0.000000    
 hkr19c09        2.884996         1.000000         0.000000    
 hkr19c10        17.41690         1.000000         0.000000    
 hkr19c11        13.92095         1.000000         0.000000    
 hkr19c12       0.5947512         1.000000         0.000000    
 hkr19c13       0.5947512         1.000000         0.000000    
 hkr19c14        28.16646         1.000000         0.000000    
 hkr19c15       0.5947512         1.000000         0.000000    
 hkr19c16       0.5947512         1.000000         0.000000    
 hkr19c17        30.40978         1.000000         0.000000    
 hkr19c18        16.01713         1.000000         0.000000    
 hkr19c19        2.660521         1.000000         0.000000    
 hkr20c00       0.5947512         1.000000         0.000000    
 hkr20c01        30.39203         1.000000         0.000000    
 hkr20c02       0.5947512         1.000000         0.000000    
 hkr20c03        26.27694         1.000000         0.000000    
 hkr20c08        17.64631         1.000000         0.000000    
 hkr20c09        15.40329         1.000000         0.000000    
 hkr20c10        34.19550         1.000000         0.000000    
 hkr20c11       0.5947512         1.000000         0.000000    
 hkr20c12       0.5947512         1.000000         0.000000    
 hkr20c13       0.5947512         1.000000         0.000000    
 hkr20c14        24.27091         1.000000         0.000000    
 hkr20c15        18.85611         1.000000         0.000000    
 hkr20c16        38.13400         1.000000         0.000000    
 hkr20c17        9.121119         1.000000         0.000000    
 hkr20c18       0.5947512         1.000000         0.000000    
 hkr20c19        28.52492         1.000000         0.000000    
 hkr21c00       0.5947512         1.000000         0.000000    
 hkr21c01       0.5947512         1.000000         0.000000    
 hkr21c02       0.7667381         1.000000         0.000000    
 hkr21c03       0.5947512         1.000000         0.000000    
 hkr21c06        39.84934         1.000000         0.000000    
 hkr21c07        22.30811         1.000000         0.000000    
 hkr21c08        27.50699         1.000000         0.000000    
 hkr21c09        9.102964         1.000000         0.000000    
 hkr21c10        22.86046         1.000000         0.000000    
 hkr21c11        23.44640         1.000000         0.000000    
 hkr21c12       0.5947512         1.000000         0.000000    
 hkr21c13        18.21222         1.000000         0.000000    
 hkr21c14       0.5947512         1.000000         0.000000    
 hkr21c15       0.5947512         1.000000         0.000000    
 hkr21c16        3.403519         1.000000         0.000000    
 hkr21c17       0.5947512         1.000000         0.000000    
 hkr21c18       0.5947512         1.000000         0.000000    
 hkr21c19        14.05749         1.000000         0.000000    
 hkr22c00        6.672584         1.000000         0.000000    
 hkr22c01        6.962987         1.000000         0.000000    
 hkr22c02       0.5947512         1.000000         0.000000    
 hkr22c03        19.22951         1.000000         0.000000    
 hkr22c04        21.20852         1.000000         0.000000    
 hkr22c06        4.337313         1.000000         0.000000    
 hkr22c07       0.5947512         1.000000         0.000000    
 hkr22c08        7.007550         1.000000         0.000000    
 hkr22c09        27.42495         1.000000         0.000000    
 hkr22c10        7.967045         1.000000         0.000000    
 hkr22c11        9.830222         1.000000         0.000000    
 hkr22c12       0.5947512         1.000000         0.000000    
 hkr22c13        3.619987         1.000000         0.000000    
 hkr22c14        4.166970         1.000000         0.000000    
 hkr22c15       0.5947512         1.000000         0.000000    
 hkr22c16       0.5947512         1.000000         0.000000    
 hkr22c17        10.64331         1.000000         0.000000    
 hkr22c18        2.030747         1.000000         0.000000    
 hkr22c19        17.61417         1.000000         0.000000    
 hkr23c00        8.843649         1.000000         0.000000    
 hkr23c01        28.62487         1.000000         0.000000    
 hkr23c02        2.964342         1.000000         0.000000    
 hkr23c03        14.33410         1.000000         0.000000    
 hkr23c04       0.5947512         1.000000         0.000000    
 hkr23c05        2.397948         1.000000         0.000000    
 hkr23c06        15.29567         1.000000         0.000000    
 hkr23c07        23.24117         1.000000         0.000000    
 hkr23c08        47.31599         1.000000         0.000000    
 hkr23c09       0.5947512         1.000000         0.000000    
 hkr23c10       0.5947512         1.000000         0.000000    
 hkr23c11        19.79050         1.000000         0.000000    
 hkr23c12       0.5947512         1.000000         0.000000    
 hkr23c13       0.5947512         1.000000         0.000000    
 hkr23c14        7.419742         1.000000         0.000000    
 hkr23c15        10.56569         1.000000         0.000000    
 hkr23c16       0.5947512         1.000000         0.000000    
 hkr23c17       0.5947512         1.000000         0.000000    
 hkr23c18       0.5947512         1.000000         0.000000    
 hkr23c19        1.874238         1.000000         0.000000    
 hkr24c00        9.794331         1.000000         0.000000    
 hkr24c01       0.5947512         1.000000         0.000000    
 hkr24c02        4.432944         1.000000         0.000000    
 hkr24c03        5.890841         1.000000         0.000000    
 hkr24c04        36.08020         1.000000         0.000000    
 hkr24c05        7.213821         1.000000         0.000000    
 hkr24c06        8.878402         1.000000         0.000000    
 hkr24c07        16.57477         1.000000         0.000000    
 hkr24c08        11.38861         1.000000         0.000000    
 hkr24c09       0.5947512         1.000000         0.000000    
 hkr24c10        9.082201         1.000000         0.000000    
 hkr24c11       0.5947512         1.000000         0.000000    
 hkr24c12       0.5947512         1.000000         0.000000    
 hkr24c13       0.5947512         1.000000         0.000000    
 hkr24c14       0.5947512         1.000000         0.000000    
 hkr24c15       0.5947512         1.000000         0.000000    
 hkr24c16       0.5947512         1.000000         0.000000    
 hkr24c17        6.301459         1.000000         0.000000    
 hkr24c18        28.57822         1.000000         0.000000    
 hkr24c19       0.5947512         1.000000         0.000000    
 hkr25c00        30.71355         1.000000         0.000000    
 hkr25c01        7.876412         1.000000         0.000000    
 hkr25c02        3.507946         1.000000         0.000000    
 hkr25c03        2.472566         1.000000         0.000000    
 hkr25c04        33.28997         1.000000         0.000000    
 hkr25c05        19.39056         1.000000         0.000000    
 hkr25c06       0.5947512         1.000000         0.000000    
 hkr25c07       0.5947512         1.000000         0.000000    
 hkr25c08        9.700014         1.000000         0.000000    
 hkr25c09       0.5947512         1.000000         0.000000    
 hkr25c10       0.5947512         1.000000         0.000000    
 hkr25c11        9.532905         1.000000         0.000000    
 hkr25c12       0.5947512         1.000000         0.000000    
 hkr25c13       0.5947512         1.000000         0.000000    
 hkr25c14        12.53086         1.000000         0.000000    
 hkr25c15        24.24027         1.000000         0.000000    
 hkr25c16        11.57155         1.000000         0.000000    
 hkr25c17       0.5947512         1.000000         0.000000    
 hkr25c18        3.675952         1.000000         0.000000    
 hkr25c19        12.74372         1.000000         0.000000    
 hkr26c00       0.5947512         1.000000         0.000000    
 hkr26c01        19.27859         1.000000         0.000000    
 hkr26c02        14.01556         1.000000         0.000000    
 hkr26c03        10.81296         1.000000         0.000000    
 hkr26c04       0.5947512         1.000000         0.000000    
 hkr26c05       0.5947512         1.000000         0.000000    
 hkr26c06       0.5947512         1.000000         0.000000    
 hkr26c07       0.5947512         1.000000         0.000000    
 hkr26c08        8.172494         1.000000         0.000000    
 hkr26c09       0.5947512         1.000000         0.000000    
 hkr26c10       0.5947512         1.000000         0.000000    
 hkr26c11        2.864185         1.000000         0.000000    
 hkr26c12       0.5947512         1.000000         0.000000    
 hkr26c13       0.5947512         1.000000         0.000000    
 hkr26c14       0.5947512         1.000000         0.000000    
 hkr26c15       0.5947512         1.000000         0.000000    
 hkr26c16        22.08419         1.000000         0.000000    
 hkr26c17       0.5947512         1.000000         0.000000    
 hkr26c18        2.974636         1.000000         0.000000    
 hkr26c19        24.17668         1.000000         0.000000    
 hkr27c00        9.653723         1.000000         0.000000    
 hkr27c01        14.35392         1.000000         0.000000    
 hkr27c02        2.487770         1.000000         0.000000    
 hkr27c03       0.5947512         1.000000         0.000000    
 hkr27c04        6.740213         1.000000         0.000000    
 hkr27c05        36.15794         1.000000         0.000000    
 hkr27c06        6.080367         1.000000         0.000000    
 hkr27c07       0.5947512         1.000000         0.000000    
 hkr27c08       0.5947512         1.000000         0.000000    
 hkr27c09        8.060310         1.000000         0.000000    
 hkr27c10        13.30461         1.000000         0.000000    
 hkr27c11       0.5947512         1.000000         0.000000    
 hkr27c12        10.28787         1.000000         0.000000    
 hkr27c13        24.37700         1.000000         0.000000    
 hkr27c14       0.5947512         1.000000         0.000000    
 hkr27c15        11.47756         1.000000         0.000000    
 hkr27c16        20.59358         1.000000         0.000000    
 hkr27c17       0.5947512         1.000000         0.000000    
 hkr27c18        6.655842         1.000000         0.000000    
 hkr27c19        24.41535         1.000000         0.000000    
 hkr28c00       0.5947512         1.000000         0.000000    
 hkr28c01        8.943820         1.000000         0.000000    
 hkr28c02        12.12802         1.000000         0.000000    
 hkr28c03        16.02963         1.000000         0.000000    
 hkr28c04        7.843120         1.000000         0.000000    
 hkr28c05        17.99055         1.000000         0.000000    
 hkr28c06        10.49945         1.000000         0.000000    
 hkr28c07       0.5947512         1.000000         0.000000    
 hkr28c08        12.59587         1.000000         0.000000    
 hkr28c09        37.03703         1.000000         0.000000    
 hkr28c10        28.27727         1.000000         0.000000    
 hkr28c11       0.5947512         1.000000         0.000000    
 hkr28c12        26.33639         1.000000         0.000000    
 hkr28c13       0.5947512         1.000000         0.000000    
 hkr28c14        28.49018         1.000000         0.000000    
 hkr28c15        18.86310         1.000000         0.000000    
 hkr28c16        22.47523         1.000000         0.000000    
 hkr28c17        4.127061         1.000000         0.000000    
 hkr28c18        4.324934         1.000000         0.000000    
 hkr28c19        12.89706         1.000000         0.000000    
 hkr29c00       0.5947512         1.000000         0.000000    
 hkr29c01        1.208661         1.000000         0.000000    
 hkr29c02        21.95063         1.000000         0.000000    
 hkr29c03        8.564693         1.000000         0.000000    
 hkr29c04        13.62938         1.000000         0.000000    
 hkr29c05        35.57128         1.000000         0.000000    
 hkr29c06       0.5947512         1.000000         0.000000    
 hkr29c07       0.5947512         1.000000         0.000000    
 hkr29c08       0.5947512         1.000000         0.000000    
 hkr29c09       0.5947512         1.000000         0.000000    
 hkr29c10       0.5947512         1.000000         0.000000    
 hkr29c11       0.5947512         1.000000         0.000000    
 hkr29c12       0.5947512         1.000000         0.000000    
 hkr29c13        14.67588         1.000000         0.000000    
 hkr29c14        7.729123         1.000000         0.000000    
 hkr29c15        6.920637         1.000000         0.000000    
 hkr29c16        16.48198         1.000000         0.000000    
 hkr29c17        4.445684         1.000000         0.000000    
 hkr29c18       0.5947512         1.000000         0.000000    
 hkr29c19        30.27196         1.000000         0.000000    
 hkr30c00       0.5947512         1.000000         0.000000    
 hkr30c01        9.541202         1.000000         0.000000    
 hkr30c02        11.78641         1.000000         0.000000    
 hkr30c03        8.110944         1.000000         0.000000    
 hkr30c04       0.5947512         1.000000         0.000000    
 hkr30c05        21.89054         1.000000         0.000000    
 hkr30c06       0.5947512         1.000000         0.000000    
 hkr30c07        1.792333         1.000000         0.000000    
 hkr30c08        4.806531         1.000000         0.000000    
 hkr30c09       0.5947512         1.000000         0.000000    
 hkr30c10       0.5947512         1.000000         0.000000    
 hkr30c11       0.5947512         1.000000         0.000000    
 hkr30c12        7.469834         1.000000         0.000000    
 hkr30c13        7.697431         1.000000         0.000000    
 hkr30c14        4.051314         1.000000         0.000000    
 hkr30c15       0.5947512         1.000000         0.000000    
 hkr30c16       0.5947512         1.000000         0.000000    
 hkr30c17       0.5947512         1.000000         0.000000    
 hkr30c18        1.128363         1.000000         0.000000    
 hkr30c19        19.67467         1.000000         0.000000    
 hkr31c00        11.35475         1.000000         0.000000    
 hkr31c01        20.56892         1.000000         0.000000    
 hkr31c02       0.5947512         1.000000         0.000000    
 hkr31c03        5.559346         1.000000         0.000000    
 hkr31c04       0.5947512         1.000000         0.000000    
 hkr31c05       0.5947512         1.000000         0.000000    
 hkr31c06        14.83665         1.000000         0.000000    
 hkr31c07        23.36669         1.000000         0.000000    
 hkr31c08        16.85030         1.000000         0.000000    
 hkr31c09        7.832656         1.000000         0.000000    
 hkr31c10        2.908303         1.000000         0.000000    
 hkr31c11        30.30963         1.000000         0.000000    
 hkr31c12       0.5947512         1.000000         0.000000    
 hkr31c13        15.54687         1.000000         0.000000    
 hkr31c14        4.477013         1.000000         0.000000    
 hkr31c15        2.909280         1.000000         0.000000    
 hkr31c16       0.5947512         1.000000         0.000000    
 hkr31c17        9.689151         1.000000         0.000000    
 hkr31c18        29.47410         1.000000         0.000000    
 hkr31c19       0.5947512         1.000000         0.000000    
 hkr32c01        3.060046         1.000000         0.000000    
 hkr32c02        14.01941         1.000000         0.000000    
 hkr32c03        18.04580         1.000000         0.000000    
 hkr32c04        8.315108         1.000000         0.000000    
 hkr32c05        6.233062         1.000000         0.000000    
 hkr32c06        30.56430         1.000000         0.000000    
 hkr32c07        22.06354         1.000000         0.000000    
 hkr32c08        10.17468         1.000000         0.000000    
 hkr32c09        2.141773         1.000000         0.000000    
 hkr32c10       0.5947512         1.000000         0.000000    
 hkr32c11        7.537878         1.000000         0.000000    
 hkr32c12       0.5947512         1.000000         0.000000    
 hkr32c13        4.857856         1.000000         0.000000    
 hkr32c14       0.5947512         1.000000         0.000000    
 hkr32c15        52.17322         1.000000         0.000000    
 hkr32c16        12.07063         1.000000         0.000000    
 hkr32c17        6.154192         1.000000         0.000000    
 hkr32c18        5.949038         1.000000         0.000000    
 hkr32c19        3.717794         1.000000         0.000000    
 hkr33c02        2.689264         1.000000         0.000000    
 hkr33c03        10.98829         1.000000         0.000000    
 hkr33c04       0.5947512         1.000000         0.000000    
 hkr33c05        5.086886         1.000000         0.000000    
 hkr33c06       0.5947512         1.000000         0.000000    
 hkr33c07        15.28743         1.000000         0.000000    
 hkr33c08        1.100303         1.000000         0.000000    
 hkr33c09        12.69743         1.000000         0.000000    
 hkr33c10        19.04423         1.000000         0.000000    
 hkr33c11        4.275885         1.000000         0.000000    
 hkr33c12        25.63255         1.000000         0.000000    
 hkr33c13        7.921716         1.000000         0.000000    
 hkr33c14        22.24956         1.000000         0.000000    
 hkr33c15        11.85120         1.000000         0.000000    
 hkr33c16        17.41094         1.000000         0.000000    
 hkr33c17        5.371065         1.000000         0.000000    
 hkr33c18        18.91382         1.000000         0.000000    
 hkr33c19        3.982807         1.000000         0.000000    
 hkr34c03       0.5947512         1.000000         0.000000    
 hkr34c04       0.5947512         1.000000         0.000000    
 hkr34c05       0.5947512         1.000000         0.000000    
 hkr34c06        5.419940         1.000000         0.000000    
 hkr34c07        10.24139         1.000000         0.000000    
 hkr34c08       0.5947512         1.000000         0.000000    
 hkr34c09        9.834624         1.000000         0.000000    
 hkr34c10        15.53549         1.000000         0.000000    
 hkr34c11       0.5947512         1.000000         0.000000    
 hkr34c12       0.5947512         1.000000         0.000000    
 hkr34c13        17.95784         1.000000         0.000000    
 hkr34c14       0.5947512         1.000000         0.000000    
 hkr34c15       0.5947512         1.000000         0.000000    
 hkr34c16        6.283393         1.000000         0.000000    
 hkr34c17        37.01725         1.000000         0.000000    
 hkr34c18       0.5947512         1.000000         0.000000    
 hkr34c19        29.37030         1.000000         0.000000    
 hkr35c04       0.5947512         1.000000         0.000000    
 hkr35c05       0.5947512         1.000000         0.000000    
 hkr35c06        11.71820         1.000000         0.000000    
 hkr35c07        4.087679         1.000000         0.000000    
 hkr35c08        9.408018         1.000000         0.000000    
 hkr35c09       0.8240896         1.000000         0.000000    
 hkr35c10        13.94193         1.000000         0.000000    
 hkr35c11       0.5947512         1.000000         0.000000    
 hkr35c12        26.44034         1.000000         0.000000    
 hkr35c13       0.5947512         1.000000         0.000000    
 hkr35c14       0.5947512         1.000000         0.000000    
 hkr35c15        15.98825         1.000000         0.000000    
 hkr35c16        7.229666         1.000000         0.000000    
 hkr35c17        10.11586         1.000000         0.000000    
 hkr35c18        7.937761         1.000000         0.000000    
 hkr36c04        24.36288         1.000000         0.000000    
 hkr36c05       0.5947512         1.000000         0.000000    
 hkr36c06        28.56040         1.000000         0.000000    
 hkr36c07        18.95337         1.000000         0.000000    
 hkr36c08        5.205028         1.000000         0.000000    
 hkr36c09       0.5947512         1.000000         0.000000    
 hkr36c10        9.089066         1.000000         0.000000    
 hkr36c11        4.486022         1.000000         0.000000    
 hkr36c12        17.98751         1.000000         0.000000    
 hkr36c13        36.35581         1.000000         0.000000    
 hkr36c14       0.5947512         1.000000         0.000000    
 hkr36c15        5.698404         1.000000         0.000000    
 hkr36c16        27.60109         1.000000         0.000000    
 hkr36c17        9.566064         1.000000         0.000000    
 hkr36c18        17.05380         1.000000         0.000000    
 hkr37c05        2.595474         1.000000         0.000000    
 hkr37c06       0.5947512         1.000000         0.000000    
 hkr37c07       0.5947512         1.000000         0.000000    
 hkr37c08        8.479455         1.000000         0.000000    
 hkr37c09        16.45841         1.000000         0.000000    
 hkr37c10        5.689583         1.000000         0.000000    
 hkr37c11       0.5947512         1.000000         0.000000    
 hkr37c12        33.68265         1.000000         0.000000    
 hkr37c13        23.01568         1.000000         0.000000    
 hkr37c14        3.507790         1.000000         0.000000    
 hkr37c15       0.5947512         1.000000         0.000000    
 hkr37c16       0.5947512         1.000000         0.000000    
 hkr37c17        5.802987         1.000000         0.000000    
 hkr38c05        18.77503         1.000000         0.000000    
 hkr38c06       0.5947512         1.000000         0.000000    
 hkr38c07        1.565853         1.000000         0.000000    
 hkr38c08        21.07485         1.000000         0.000000    
 hkr38c09        14.62648         1.000000         0.000000    
 hkr38c10        25.40799         1.000000         0.000000    
 hkr38c11        24.22646         1.000000         0.000000    
 hkr38c12        9.262685         1.000000         0.000000    
 hkr38c13       0.5947512         1.000000         0.000000    
 hkr38c14        5.479652         1.000000         0.000000    
 hkr38c15        26.95436         1.000000         0.000000    
 hkr38c16       0.5947512         1.000000         0.000000    
 hkr39c05        22.34235         1.000000         0.000000    
 hkr39c06       0.5947512         1.000000         0.000000    
 hkr39c07       0.5947512         1.000000         0.000000    
 hkr39c08       0.5947512         1.000000         0.000000    
 hkr39c09       0.5947512         1.000000         0.000000    
 hkr39c10        33.65046         1.000000         0.000000    
 hkr39c11        10.56170         1.000000         0.000000    
 hkr39c12        20.84814         1.000000         0.000000    
 hkr39c13       0.5947512         1.000000         0.000000    
 hkr39c14        1.182910         1.000000         0.000000    
