single point
 rch_1          0.9000000         1.000000         0.000000    
 rch_2           1.188120         1.000000         0.000000    
 rcond00         3250.367         1.000000         0.000000    
 rcond01         656.4986         1.000000         0.000000    
 rcond02         490.4372         1.000000         0.000000    
 rcond03         490.4372         1.000000         0.000000    
 rcond04         626.0146         1.000000         0.000000    
 rcond05         4737.031         1.000000         0.000000    
 rcond06         5243.337         1.000000         0.000000    
 rcond07         15774.70         1.000000         0.000000    
 rcond08         490.4372         1.000000         0.000000    
 rcond09         7349.444         1.000000         0.000000    
 rcond10         490.4372         1.000000         0.000000    
 rcond11         4712.153         1.000000         0.000000    
 rcond12         490.4372         1.000000         0.000000    
 rcond13         490.4372         1.000000         0.000000    
 rcond14         14345.75         1.000000         0.000000    
 rcond15         887.7428         1.000000         0.000000    
 rcond16         1614.335         1.000000         0.000000    
 rcond17         13049.86         1.000000         0.000000    
 rcond18         490.4372         1.000000         0.000000    
 rcond19         12798.70         1.000000         0.000000    
 rcond20         9468.717         1.000000         0.000000    
 rcond21         11521.97         1.000000         0.000000    
 rcond22         490.4372         1.000000         0.000000    
 rcond23         490.4372         1.000000         0.000000    
 rcond24         9931.148         1.000000         0.000000    
 rcond25         13660.91         1.000000         0.000000    
 rcond26         26386.61         1.000000         0.000000    
 rcond27         490.4372         1.000000         0.000000    
 rcond28         4740.722         1.000000         0.000000    
 rcond29         490.4372         1.000000         0.000000    
 rcond30         9973.047         1.000000         0.000000    
 rcond31         6754.594         1.000000         0.000000    
 rcond32         490.4372         1.000000         0.000000    
 rcond33         11133.60         1.000000         0.000000    
 rcond34         13959.71         1.000000         0.000000    
 rcond35         490.4372         1.000000         0.000000    
 rcond36         490.4372         1.000000         0.000000    
 rcond37         490.4372         1.000000         0.000000    
 rcond38         490.4372         1.000000         0.000000    
 rcond39         5369.070         1.000000         0.000000    
 ss             1.0000000E-04     1.000000         0.000000    
 sy             9.9999990E-04     1.000000         0.000000    
 wf1_1           718.2415         1.000000         0.000000    
 wf2_1           389.6640         1.000000         0.000000    
 wf3_1           370.6560         1.000000         0.000000    
 wf4_1           73.19645         1.000000         0.000000    
 wf5_1           55.98720         1.000000         0.000000    
 wf6_1           408.6720         1.000000         0.000000    
 wf1_2           952.1880         1.000000         0.000000    
 wf2_2           221.4000         1.000000         0.000000    
 wf3_2           392.7590         1.000000         0.000000    
 wf4_2           69.17810         1.000000         0.000000    
 wf5_2           65.97690         1.000000         0.000000    
 wf6_2           426.6590         1.000000         0.000000    
 hkr00c00        3.827683         1.000000         0.000000    
 hkr00c01        41.22775         1.000000         0.000000    
 hkr00c02        5.719348         1.000000         0.000000    
 hkr00c03       0.5947512         1.000000         0.000000    
 hkr00c04        12.55884         1.000000         0.000000    
 hkr00c05       0.5947512         1.000000         0.000000    
 hkr00c06        7.575644         1.000000         0.000000    
 hkr00c07        8.564014         1.000000         0.000000    
 hkr00c08       0.5947512         1.000000         0.000000    
 hkr00c09        26.34451         1.000000         0.000000    
 hkr00c10        33.63952         1.000000         0.000000    
 hkr00c11        34.51351         1.000000         0.000000    
 hkr00c12        13.41375         1.000000         0.000000    
 hkr00c13       0.6351302         1.000000         0.000000    
 hkr00c14        21.25603         1.000000         0.000000    
 hkr00c15       0.5947512         1.000000         0.000000    
 hkr00c16       0.5947512         1.000000         0.000000    
 hkr00c17        23.56875         1.000000         0.000000    
 hkr00c18        20.62337         1.000000         0.000000    
 hkr00c19        3.114490         1.000000         0.000000    
 hkr01c00        9.552562         1.000000         0.000000    
 hkr01c01       0.5947512         1.000000         0.000000    
 hkr01c02        42.76957         1.000000         0.000000    
 hkr01c03        4.304829         1.000000         0.000000    
 hkr01c04       0.5947512         1.000000         0.000000    
 hkr01c05        5.112761         1.000000         0.000000    
 hkr01c06        6.433369         1.000000         0.000000    
 hkr01c07        31.36399         1.000000         0.000000    
 hkr01c08        2.956249         1.000000         0.000000    
 hkr01c09       0.5947512         1.000000         0.000000    
 hkr01c10       0.6166943         1.000000         0.000000    
 hkr01c11       0.5947512         1.000000         0.000000    
 hkr01c12        26.78573         1.000000         0.000000    
 hkr01c13        27.98736         1.000000         0.000000    
 hkr01c14       0.5947512         1.000000         0.000000    
 hkr01c15        12.69044         1.000000         0.000000    
 hkr01c16        4.484634         1.000000         0.000000    
 hkr01c17        3.455941         1.000000         0.000000    
 hkr01c18       0.5947512         1.000000         0.000000    
 hkr01c19       0.5947512         1.000000         0.000000    
 hkr02c00        22.55611         1.000000         0.000000    
 hkr02c01        2.929773         1.000000         0.000000    
 hkr02c02        29.00049         1.000000         0.000000    
 hkr02c03       0.5947512         1.000000         0.000000    
 hkr02c04        32.61857         1.000000         0.000000    
 hkr02c05        17.77244         1.000000         0.000000    
 hkr02c06       0.5947512         1.000000         0.000000    
 hkr02c07       0.5947512         1.000000         0.000000    
 hkr02c08       0.5947512         1.000000         0.000000    
 hkr02c09        3.487806         1.000000         0.000000    
 hkr02c10       0.5947512         1.000000         0.000000    
 hkr02c11       0.5947512         1.000000         0.000000    
 hkr02c12        24.11576         1.000000         0.000000    
 hkr02c13       0.5947512         1.000000         0.000000    
 hkr02c14        14.28072         1.000000         0.000000    
 hkr02c15       0.5947512         1.000000         0.000000    
 hkr02c16        5.459268         1.000000         0.000000    
 hkr02c17        14.02896         1.000000         0.000000    
 hkr02c18        19.57408         1.000000         0.000000    
 hkr02c19        1.519810         1.000000         0.000000    
 hkr03c00       0.5947512         1.000000         0.000000    
 hkr03c01        20.81050         1.000000         0.000000    
 hkr03c02       0.5947512         1.000000         0.000000    
 hkr03c03       0.5947512         1.000000         0.000000    
 hkr03c04       0.5947512         1.000000         0.000000    
 hkr03c05        17.91830         1.000000         0.000000    
 hkr03c06        28.26219         1.000000         0.000000    
 hkr03c07        17.16659         1.000000         0.000000    
 hkr03c08       0.5947512         1.000000         0.000000    
 hkr03c09       0.5947512         1.000000         0.000000    
 hkr03c10       0.5947512         1.000000         0.000000    
 hkr03c11        13.27375         1.000000         0.000000    
 hkr03c12        44.28089         1.000000         0.000000    
 hkr03c13        14.07055         1.000000         0.000000    
 hkr03c14        11.87403         1.000000         0.000000    
 hkr03c15        9.627110         1.000000         0.000000    
 hkr03c16        3.549437         1.000000         0.000000    
 hkr03c17        12.19051         1.000000         0.000000    
 hkr03c18       0.5947512         1.000000         0.000000    
 hkr03c19       0.5947512         1.000000         0.000000    
 hkr04c00        12.55520         1.000000         0.000000    
 hkr04c01        11.91875         1.000000         0.000000    
 hkr04c02        11.51230         1.000000         0.000000    
 hkr04c03        9.515184         1.000000         0.000000    
 hkr04c04       0.5947512         1.000000         0.000000    
 hkr04c05        18.45509         1.000000         0.000000    
 hkr04c06        6.751397         1.000000         0.000000    
 hkr04c07        4.995716         1.000000         0.000000    
 hkr04c08       0.5947512         1.000000         0.000000    
 hkr04c09        16.00051         1.000000         0.000000    
 hkr04c10        25.58085         1.000000         0.000000    
 hkr04c11        6.718155         1.000000         0.000000    
 hkr04c12       0.5947512         1.000000         0.000000    
 hkr04c13        21.27930         1.000000         0.000000    
 hkr04c14        31.99771         1.000000         0.000000    
 hkr04c15        27.61118         1.000000         0.000000    
 hkr04c16        3.210086         1.000000         0.000000    
 hkr04c17        8.798080         1.000000         0.000000    
 hkr04c18        22.93527         1.000000         0.000000    
 hkr04c19        23.27242         1.000000         0.000000    
 hkr05c00        23.04323         1.000000         0.000000    
 hkr05c01        14.11521         1.000000         0.000000    
 hkr05c02       0.5947512         1.000000         0.000000    
 hkr05c03       0.5947512         1.000000         0.000000    
 hkr05c04        22.20719         1.000000         0.000000    
 hkr05c05        5.538533         1.000000         0.000000    
 hkr05c06        4.318005         1.000000         0.000000    
 hkr05c07       0.5947512         1.000000         0.000000    
 hkr05c08       0.5947512         1.000000         0.000000    
 hkr05c09        14.90244         1.000000         0.000000    
 hkr05c10        15.49898         1.000000         0.000000    
 hkr05c11        20.67773         1.000000         0.000000    
 hkr05c12       0.5947512         1.000000         0.000000    
 hkr05c13       0.5947512         1.000000         0.000000    
 hkr05c14       0.5947512         1.000000         0.000000    
 hkr05c15        20.37933         1.000000         0.000000    
 hkr05c16       0.5947512         1.000000         0.000000    
 hkr05c17       0.5947512         1.000000         0.000000    
 hkr05c18        5.238173         1.000000         0.000000    
 hkr05c19       0.5947512         1.000000         0.000000    
 hkr06c00        24.47387         1.000000         0.000000    
 hkr06c01       0.5947512         1.000000         0.000000    
 hkr06c02       0.5947512         1.000000         0.000000    
 hkr06c03       0.5947512         1.000000         0.000000    
 hkr06c04       0.5947512         1.000000         0.000000    
 hkr06c05       0.5947512         1.000000         0.000000    
 hkr06c06        12.74526         1.000000         0.000000    
 hkr06c07       0.5947512         1.000000         0.000000    
 hkr06c08        6.124553         1.000000         0.000000    
 hkr06c09        14.31106         1.000000         0.000000    
 hkr06c10        4.745548         1.000000         0.000000    
 hkr06c11        21.04936         1.000000         0.000000    
 hkr06c12        37.23174         1.000000         0.000000    
 hkr06c13        1.078956         1.000000         0.000000    
 hkr06c14        30.49019         1.000000         0.000000    
 hkr06c15       0.5947512         1.000000         0.000000    
 hkr06c16        1.463336         1.000000         0.000000    
 hkr06c17        3.657489         1.000000         0.000000    
 hkr06c18        9.053598         1.000000         0.000000    
 hkr06c19        38.55377         1.000000         0.000000    
 hkr07c00       0.5947512         1.000000         0.000000    
 hkr07c01       0.5947512         1.000000         0.000000    
 hkr07c02       0.5947512         1.000000         0.000000    
 hkr07c03        16.85964         1.000000         0.000000    
 hkr07c04        1.793322         1.000000         0.000000    
 hkr07c05       0.5947512         1.000000         0.000000    
 hkr07c06       0.5947512         1.000000         0.000000    
 hkr07c07       0.5947512         1.000000         0.000000    
 hkr07c08       0.5947512         1.000000         0.000000    
 hkr07c09        2.208929         1.000000         0.000000    
 hkr07c10       0.5947512         1.000000         0.000000    
 hkr07c11       0.5947512         1.000000         0.000000    
 hkr07c12        8.608394         1.000000         0.000000    
 hkr07c13        27.85319         1.000000         0.000000    
 hkr07c14        18.28263         1.000000         0.000000    
 hkr07c15        20.27822         1.000000         0.000000    
 hkr07c16        25.13111         1.000000         0.000000    
 hkr07c17        14.81286         1.000000         0.000000    
 hkr07c18        24.75444         1.000000         0.000000    
 hkr07c19        16.84241         1.000000         0.000000    
 hkr08c00        19.58946         1.000000         0.000000    
 hkr08c01       0.5947512         1.000000         0.000000    
 hkr08c02       0.5947512         1.000000         0.000000    
 hkr08c03       0.5947512         1.000000         0.000000    
 hkr08c07       0.5947512         1.000000         0.000000    
 hkr08c08       0.5947512         1.000000         0.000000    
 hkr08c09        9.270683         1.000000         0.000000    
 hkr08c10        6.767146         1.000000         0.000000    
 hkr08c11       0.5947512         1.000000         0.000000    
 hkr08c12        21.82530         1.000000         0.000000    
 hkr08c13        7.953915         1.000000         0.000000    
 hkr08c14        23.37942         1.000000         0.000000    
 hkr08c15        25.22812         1.000000         0.000000    
 hkr08c16       0.5947512         1.000000         0.000000    
 hkr08c17        38.00828         1.000000         0.000000    
 hkr08c18        14.43502         1.000000         0.000000    
 hkr08c19       0.8419161         1.000000         0.000000    
 hkr09c00        25.77452         1.000000         0.000000    
 hkr09c01       0.5947512         1.000000         0.000000    
 hkr09c02        18.09243         1.000000         0.000000    
 hkr09c03       0.5947512         1.000000         0.000000    
 hkr09c08        17.02427         1.000000         0.000000    
 hkr09c09        11.01907         1.000000         0.000000    
 hkr09c10       0.5947512         1.000000         0.000000    
 hkr09c11       0.5947512         1.000000         0.000000    
 hkr09c12       0.5947512         1.000000         0.000000    
 hkr09c13       0.5947512         1.000000         0.000000    
 hkr09c14        10.95130         1.000000         0.000000    
 hkr09c15       0.5947512         1.000000         0.000000    
 hkr09c16        2.960776         1.000000         0.000000    
 hkr09c17       0.5947512         1.000000         0.000000    
 hkr09c18       0.5947512         1.000000         0.000000    
 hkr09c19        18.35302         1.000000         0.000000    
 hkr10c00        24.11367         1.000000         0.000000    
 hkr10c01        15.03748         1.000000         0.000000    
 hkr10c02        12.05070         1.000000         0.000000    
 hkr10c03        10.62468         1.000000         0.000000    
 hkr10c08        27.39701         1.000000         0.000000    
 hkr10c09        17.60094         1.000000         0.000000    
 hkr10c10        8.473552         1.000000         0.000000    
 hkr10c11        14.99456         1.000000         0.000000    
 hkr10c12        20.26923         1.000000         0.000000    
 hkr10c13        25.77404         1.000000         0.000000    
 hkr10c14        4.070787         1.000000         0.000000    
 hkr10c15       0.5947512         1.000000         0.000000    
 hkr10c16        20.40597         1.000000         0.000000    
 hkr10c17        6.044498         1.000000         0.000000    
 hkr10c18       0.5947512         1.000000         0.000000    
 hkr10c19        16.37394         1.000000         0.000000    
 hkr11c00       0.5947512         1.000000         0.000000    
 hkr11c01        23.25258         1.000000         0.000000    
 hkr11c02       0.5947512         1.000000         0.000000    
 hkr11c03        25.75961         1.000000         0.000000    
 hkr11c08       0.5947512         1.000000         0.000000    
 hkr11c09       0.5947512         1.000000         0.000000    
 hkr11c10       0.5947512         1.000000         0.000000    
 hkr11c11       0.5947512         1.000000         0.000000    
 hkr11c12        11.21535         1.000000         0.000000    
 hkr11c13        24.71801         1.000000         0.000000    
 hkr11c14        31.60648         1.000000         0.000000    
 hkr11c15        28.99845         1.000000         0.000000    
 hkr11c16        10.08977         1.000000         0.000000    
 hkr11c17        21.47066         1.000000         0.000000    
 hkr11c18       0.5947512         1.000000         0.000000    
 hkr11c19        28.62346         1.000000         0.000000    
 hkr12c00       0.5947512         1.000000         0.000000    
 hkr12c01        2.757149         1.000000         0.000000    
 hkr12c02        21.20088         1.000000         0.000000    
 hkr12c03        22.78168         1.000000         0.000000    
 hkr12c08       0.5947512         1.000000         0.000000    
 hkr12c09        8.416275         1.000000         0.000000    
 hkr12c10       0.5947512         1.000000         0.000000    
 hkr12c11        22.88657         1.000000         0.000000    
 hkr12c12        13.67684         1.000000         0.000000    
 hkr12c13        13.22993         1.000000         0.000000    
 hkr12c14        12.93791         1.000000         0.000000    
 hkr12c15       0.5947512         1.000000         0.000000    
 hkr12c16        1.711372         1.000000         0.000000    
 hkr12c17        15.28605         1.000000         0.000000    
 hkr12c18       0.5947512         1.000000         0.000000    
 hkr12c19        1.173341         1.000000         0.000000    
 hkr13c00        30.72800         1.000000         0.000000    
 hkr13c01        22.37233         1.000000         0.000000    
 hkr13c02       0.5947512         1.000000         0.000000    
 hkr13c03        10.86031         1.000000         0.000000    
 hkr13c08        41.21881         1.000000         0.000000    
 hkr13c09       0.5947512         1.000000         0.000000    
 hkr13c10       0.5947512         1.000000         0.000000    
 hkr13c11        3.724049         1.000000         0.000000    
 hkr13c12        26.22529         1.000000         0.000000    
 hkr13c13        12.89383         1.000000         0.000000    
 hkr13c14        6.853163         1.000000         0.000000    
 hkr13c15       0.5947512         1.000000         0.000000    
 hkr13c16        2.391368         1.000000         0.000000    
 hkr13c17        42.30967         1.000000         0.000000    
 hkr13c18        22.77146         1.000000         0.000000    
 hkr13c19        44.37665         1.000000         0.000000    
 hkr14c00       0.5947512         1.000000         0.000000    
 hkr14c01        4.549181         1.000000         0.000000    
 hkr14c02       0.5947512         1.000000         0.000000    
 hkr14c03        34.41692         1.000000         0.000000    
 hkr14c08        11.52207         1.000000         0.000000    
 hkr14c09        11.64241         1.000000         0.000000    
 hkr14c10       0.5947512         1.000000         0.000000    
 hkr14c11        34.43713         1.000000         0.000000    
 hkr14c12        42.39068         1.000000         0.000000    
 hkr14c13        34.95732         1.000000         0.000000    
 hkr14c14        8.829712         1.000000         0.000000    
 hkr14c15       0.5947512         1.000000         0.000000    
 hkr14c16        18.00469         1.000000         0.000000    
 hkr14c17       0.5947512         1.000000         0.000000    
 hkr14c18        5.351455         1.000000         0.000000    
 hkr14c19        11.30195         1.000000         0.000000    
 hkr15c00       0.5947512         1.000000         0.000000    
 hkr15c01       0.5947512         1.000000         0.000000    
 hkr15c02        3.450968         1.000000         0.000000    
 hkr15c03        16.67041         1.000000         0.000000    
 hkr15c08        11.97788         1.000000         0.000000    
 hkr15c09        24.99193         1.000000         0.000000    
 hkr15c10        2.757545         1.000000         0.000000    
 hkr15c11        14.43977         1.000000         0.000000    
 hkr15c12        14.76074         1.000000         0.000000    
 hkr15c13        12.55439         1.000000         0.000000    
 hkr15c14        20.57421         1.000000         0.000000    
 hkr15c15        12.92230         1.000000         0.000000    
 hkr15c16        13.20546         1.000000         0.000000    
 hkr15c17       0.5947512         1.000000         0.000000    
 hkr15c18        27.28413         1.000000         0.000000    
 hkr15c19        1.617212         1.000000         0.000000    
 hkr16c00        8.307620         1.000000         0.000000    
 hkr16c01        9.617067         1.000000         0.000000    
 hkr16c02       0.5947512         1.000000         0.000000    
 hkr16c03        12.51350         1.000000         0.000000    
 hkr16c08       0.5947512         1.000000         0.000000    
 hkr16c09       0.5947512         1.000000         0.000000    
 hkr16c10        7.604942         1.000000         0.000000    
 hkr16c11        2.072337         1.000000         0.000000    
 hkr16c12        13.37452         1.000000         0.000000    
 hkr16c13        22.15392         1.000000         0.000000    
 hkr16c14        41.44887         1.000000         0.000000    
 hkr16c15        11.15000         1.000000         0.000000    
 hkr16c16        26.20871         1.000000         0.000000    
 hkr16c17       0.5947512         1.000000         0.000000    
 hkr16c18       0.5947512         1.000000         0.000000    
 hkr16c19        5.579489         1.000000         0.000000    
 hkr17c00        5.729548         1.000000         0.000000    
 hkr17c01        25.05851         1.000000         0.000000    
 hkr17c02        2.822224         1.000000         0.000000    
 hkr17c03        29.52379         1.000000         0.000000    
 hkr17c08        15.45256         1.000000         0.000000    
 hkr17c09       0.5947512         1.000000         0.000000    
 hkr17c10        11.97581         1.000000         0.000000    
 hkr17c11       0.5947512         1.000000         0.000000    
 hkr17c12        26.11774         1.000000         0.000000    
 hkr17c13       0.5947512         1.000000         0.000000    
 hkr17c14        3.146880         1.000000         0.000000    
 hkr17c15        22.71178         1.000000         0.000000    
 hkr17c16       0.5947512         1.000000         0.000000    
 hkr17c17        21.70024         1.000000         0.000000    
 hkr17c18       0.5947512         1.000000         0.000000    
 hkr17c19       0.5947512         1.000000         0.000000    
 hkr18c00        8.921437         1.000000         0.000000    
 hkr18c01        9.426914         1.000000         0.000000    
 hkr18c02        8.001537         1.000000         0.000000    
 hkr18c03        2.854966         1.000000         0.000000    
 hkr18c08        4.888561         1.000000         0.000000    
 hkr18c09        27.06035         1.000000         0.000000    
 hkr18c10        13.81557         1.000000         0.000000    
 hkr18c11        8.467876         1.000000         0.000000    
 hkr18c12        16.22496         1.000000         0.000000    
 hkr18c13        16.79208         1.000000         0.000000    
 hkr18c14        6.870043         1.000000         0.000000    
 hkr18c15        26.77475         1.000000         0.000000    
 hkr18c16       0.5947512         1.000000         0.000000    
 hkr18c17        22.85177         1.000000         0.000000    
 hkr18c18        2.767225         1.000000         0.000000    
 hkr18c19        29.13136         1.000000         0.000000    
 hkr19c00        14.02589         1.000000         0.000000    
 hkr19c01        18.23748         1.000000         0.000000    
 hkr19c02        32.37662         1.000000         0.000000    
 hkr19c03       0.5947512         1.000000         0.000000    
 hkr19c08       0.5947512         1.000000         0.000000    
 hkr19c09        11.22713         1.000000         0.000000    
 hkr19c10        7.822146         1.000000         0.000000    
 hkr19c11        24.13815         1.000000         0.000000    
 hkr19c12        11.95605         1.000000         0.000000    
 hkr19c13        31.51971         1.000000         0.000000    
 hkr19c14       0.5947512         1.000000         0.000000    
 hkr19c15       0.5947512         1.000000         0.000000    
 hkr19c16       0.5947512         1.000000         0.000000    
 hkr19c17        13.20414         1.000000         0.000000    
 hkr19c18        11.57647         1.000000         0.000000    
 hkr19c19        12.86598         1.000000         0.000000    
 hkr20c00        9.770557         1.000000         0.000000    
 hkr20c01        7.969096         1.000000         0.000000    
 hkr20c02        8.477390         1.000000         0.000000    
 hkr20c03        11.08722         1.000000         0.000000    
 hkr20c08       0.5947512         1.000000         0.000000    
 hkr20c09        3.046196         1.000000         0.000000    
 hkr20c10       0.5947512         1.000000         0.000000    
 hkr20c11       0.5947512         1.000000         0.000000    
 hkr20c12       0.5947512         1.000000         0.000000    
 hkr20c13        33.70537         1.000000         0.000000    
 hkr20c14        8.200548         1.000000         0.000000    
 hkr20c15        18.75443         1.000000         0.000000    
 hkr20c16        19.27408         1.000000         0.000000    
 hkr20c17        13.46572         1.000000         0.000000    
 hkr20c18       0.5947512         1.000000         0.000000    
 hkr20c19        12.98338         1.000000         0.000000    
 hkr21c00        25.68919         1.000000         0.000000    
 hkr21c01        2.617876         1.000000         0.000000    
 hkr21c02        7.407205         1.000000         0.000000    
 hkr21c03       0.5947512         1.000000         0.000000    
 hkr21c06       0.5947512         1.000000         0.000000    
 hkr21c07       0.5947512         1.000000         0.000000    
 hkr21c08        19.07954         1.000000         0.000000    
 hkr21c09       0.5947512         1.000000         0.000000    
 hkr21c10       0.5947512         1.000000         0.000000    
 hkr21c11       0.5947512         1.000000         0.000000    
 hkr21c12        19.92433         1.000000         0.000000    
 hkr21c13        35.47935         1.000000         0.000000    
 hkr21c14       0.6013113         1.000000         0.000000    
 hkr21c15       0.5947512         1.000000         0.000000    
 hkr21c16        1.359799         1.000000         0.000000    
 hkr21c17       0.5947512         1.000000         0.000000    
 hkr21c18        6.128670         1.000000         0.000000    
 hkr21c19        18.20568         1.000000         0.000000    
 hkr22c00        43.15480         1.000000         0.000000    
 hkr22c01        27.59623         1.000000         0.000000    
 hkr22c02        9.119912         1.000000         0.000000    
 hkr22c03       0.5947512         1.000000         0.000000    
 hkr22c04        10.55798         1.000000         0.000000    
 hkr22c06       0.5947512         1.000000         0.000000    
 hkr22c07        9.716862         1.000000         0.000000    
 hkr22c08       0.5947512         1.000000         0.000000    
 hkr22c09       0.5947512         1.000000         0.000000    
 hkr22c10       0.5947512         1.000000         0.000000    
 hkr22c11        17.69954         1.000000         0.000000    
 hkr22c12        40.28228         1.000000         0.000000    
 hkr22c13       0.5947512         1.000000         0.000000    
 hkr22c14        17.91444         1.000000         0.000000    
 hkr22c15       0.5947512         1.000000         0.000000    
 hkr22c16        7.383972         1.000000         0.000000    
 hkr22c17        9.777481         1.000000         0.000000    
 hkr22c18        7.318555         1.000000         0.000000    
 hkr22c19        11.47572         1.000000         0.000000    
 hkr23c00        19.13566         1.000000         0.000000    
 hkr23c01       0.5947512         1.000000         0.000000    
 hkr23c02        11.66417         1.000000         0.000000    
 hkr23c03        33.86830         1.000000         0.000000    
 hkr23c04        21.90326         1.000000         0.000000    
 hkr23c05       0.5947512         1.000000         0.000000    
 hkr23c06       0.5947512         1.000000         0.000000    
 hkr23c07        22.36599         1.000000         0.000000    
 hkr23c08       0.5947512         1.000000         0.000000    
 hkr23c09       0.5947512         1.000000         0.000000    
 hkr23c10        23.36538         1.000000         0.000000    
 hkr23c11       0.5947512         1.000000         0.000000    
 hkr23c12        20.33915         1.000000         0.000000    
 hkr23c13       0.5947512         1.000000         0.000000    
 hkr23c14        26.15200         1.000000         0.000000    
 hkr23c15       0.5947512         1.000000         0.000000    
 hkr23c16        44.64040         1.000000         0.000000    
 hkr23c17        27.15191         1.000000         0.000000    
 hkr23c18       0.5947512         1.000000         0.000000    
 hkr23c19        32.88202         1.000000         0.000000    
 hkr24c00        11.68460         1.000000         0.000000    
 hkr24c01       0.5947512         1.000000         0.000000    
 hkr24c02        16.56488         1.000000         0.000000    
 hkr24c03        3.740140         1.000000         0.000000    
 hkr24c04        25.85950         1.000000         0.000000    
 hkr24c05        13.23520         1.000000         0.000000    
 hkr24c06       0.5947512         1.000000         0.000000    
 hkr24c07       0.5947512         1.000000         0.000000    
 hkr24c08       0.5947512         1.000000         0.000000    
 hkr24c09       0.5947512         1.000000         0.000000    
 hkr24c10       0.5947512         1.000000         0.000000    
 hkr24c11        29.39487         1.000000         0.000000    
 hkr24c12        13.01675         1.000000         0.000000    
 hkr24c13        7.119654         1.000000         0.000000    
 hkr24c14        23.40537         1.000000         0.000000    
 hkr24c15        2.116900         1.000000         0.000000    
 hkr24c16        23.35445         1.000000         0.000000    
 hkr24c17        12.69911         1.000000         0.000000    
 hkr24c18        25.34601         1.000000         0.000000    
 hkr24c19        8.889272         1.000000         0.000000    
 hkr25c00        10.31519         1.000000         0.000000    
 hkr25c01       0.5947512         1.000000         0.000000    
 hkr25c02        14.43192         1.000000         0.000000    
 hkr25c03        15.27043         1.000000         0.000000    
 hkr25c04        28.08722         1.000000         0.000000    
 hkr25c05       0.5947512         1.000000         0.000000    
 hkr25c06       0.5947512         1.000000         0.000000    
 hkr25c07       0.5947512         1.000000         0.000000    
 hkr25c08        3.898810         1.000000         0.000000    
 hkr25c09       0.5947512         1.000000         0.000000    
 hkr25c10        2.619177         1.000000         0.000000    
 hkr25c11        16.50436         1.000000         0.000000    
 hkr25c12        2.544450         1.000000         0.000000    
 hkr25c13        12.76665         1.000000         0.000000    
 hkr25c14        23.78881         1.000000         0.000000    
 hkr25c15       0.7983529         1.000000         0.000000    
 hkr25c16       0.5947512         1.000000         0.000000    
 hkr25c17       0.5947512         1.000000         0.000000    
 hkr25c18        10.83686         1.000000         0.000000    
 hkr25c19        24.70291         1.000000         0.000000    
 hkr26c00       0.5947512         1.000000         0.000000    
 hkr26c01        26.17262         1.000000         0.000000    
 hkr26c02        40.88635         1.000000         0.000000    
 hkr26c03        17.91252         1.000000         0.000000    
 hkr26c04        5.312315         1.000000         0.000000    
 hkr26c05       0.5947512         1.000000         0.000000    
 hkr26c06        11.90206         1.000000         0.000000    
 hkr26c07       0.5947512         1.000000         0.000000    
 hkr26c08       0.5947512         1.000000         0.000000    
 hkr26c09       0.5947512         1.000000         0.000000    
 hkr26c10        9.310194         1.000000         0.000000    
 hkr26c11       0.5947512         1.000000         0.000000    
 hkr26c12       0.5947512         1.000000         0.000000    
 hkr26c13       0.5947512         1.000000         0.000000    
 hkr26c14       0.5947512         1.000000         0.000000    
 hkr26c15        12.83854         1.000000         0.000000    
 hkr26c16       0.5947512         1.000000         0.000000    
 hkr26c17       0.5947512         1.000000         0.000000    
 hkr26c18        10.47461         1.000000         0.000000    
 hkr26c19        20.55786         1.000000         0.000000    
 hkr27c00        8.880877         1.000000         0.000000    
 hkr27c01        26.30448         1.000000         0.000000    
 hkr27c02       0.5947512         1.000000         0.000000    
 hkr27c03        21.11698         1.000000         0.000000    
 hkr27c04       0.5947512         1.000000         0.000000    
 hkr27c05        8.417594         1.000000         0.000000    
 hkr27c06        24.15699         1.000000         0.000000    
 hkr27c07       0.5947512         1.000000         0.000000    
 hkr27c08       0.5947512         1.000000         0.000000    
 hkr27c09        8.099327         1.000000         0.000000    
 hkr27c10       0.5947512         1.000000         0.000000    
 hkr27c11       0.5947512         1.000000         0.000000    
 hkr27c12       0.5947512         1.000000         0.000000    
 hkr27c13        11.99925         1.000000         0.000000    
 hkr27c14        20.33809         1.000000         0.000000    
 hkr27c15        20.93303         1.000000         0.000000    
 hkr27c16        18.02015         1.000000         0.000000    
 hkr27c17        5.078098         1.000000         0.000000    
 hkr27c18       0.5947512         1.000000         0.000000    
 hkr27c19       0.5947512         1.000000         0.000000    
 hkr28c00       0.5947512         1.000000         0.000000    
 hkr28c01       0.5947512         1.000000         0.000000    
 hkr28c02       0.5947512         1.000000         0.000000    
 hkr28c03        21.64235         1.000000         0.000000    
 hkr28c04        39.23287         1.000000         0.000000    
 hkr28c05        11.94118         1.000000         0.000000    
 hkr28c06        2.588127         1.000000         0.000000    
 hkr28c07        13.81407         1.000000         0.000000    
 hkr28c08       0.5947512         1.000000         0.000000    
 hkr28c09        8.805877         1.000000         0.000000    
 hkr28c10        2.884157         1.000000         0.000000    
 hkr28c11       0.5947512         1.000000         0.000000    
 hkr28c12       0.5947512         1.000000         0.000000    
 hkr28c13        1.332323         1.000000         0.000000    
 hkr28c14        3.139669         1.000000         0.000000    
 hkr28c15        9.379104         1.000000         0.000000    
 hkr28c16        8.077024         1.000000         0.000000    
 hkr28c17        31.70896         1.000000         0.000000    
 hkr28c18       0.5947512         1.000000         0.000000    
 hkr28c19        4.009278         1.000000         0.000000    
 hkr29c00       0.5947512         1.000000         0.000000    
 hkr29c01        5.021560         1.000000         0.000000    
 hkr29c02       0.5947512         1.000000         0.000000    
 hkr29c03       0.5947512         1.000000         0.000000    
 hkr29c04       0.5947512         1.000000         0.000000    
 hkr29c05       0.5947512         1.000000         0.000000    
 hkr29c06        2.980647         1.000000         0.000000    
 hkr29c07       0.5947512         1.000000         0.000000    
 hkr29c08        17.31052         1.000000         0.000000    
 hkr29c09        2.753598         1.000000         0.000000    
 hkr29c10       0.5947512         1.000000         0.000000    
 hkr29c11        26.89649         1.000000         0.000000    
 hkr29c12       0.5947512         1.000000         0.000000    
 hkr29c13       0.5947512         1.000000         0.000000    
 hkr29c14        27.06190         1.000000         0.000000    
 hkr29c15       0.5947512         1.000000         0.000000    
 hkr29c16        11.18277         1.000000         0.000000    
 hkr29c17       0.5947512         1.000000         0.000000    
 hkr29c18       0.5947512         1.000000         0.000000    
 hkr29c19       0.5947512         1.000000         0.000000    
 hkr30c00       0.5947512         1.000000         0.000000    
 hkr30c01        4.531394         1.000000         0.000000    
 hkr30c02        6.363863         1.000000         0.000000    
 hkr30c03       0.5947512         1.000000         0.000000    
 hkr30c04       0.5947512         1.000000         0.000000    
 hkr30c05       0.5947512         1.000000         0.000000    
 hkr30c06        30.78762         1.000000         0.000000    
 hkr30c07       0.5947512         1.000000         0.000000    
 hkr30c08       0.5947512         1.000000         0.000000    
 hkr30c09       0.5947512         1.000000         0.000000    
 hkr30c10       0.5947512         1.000000         0.000000    
 hkr30c11       0.5947512         1.000000         0.000000    
 hkr30c12       0.5947512         1.000000         0.000000    
 hkr30c13       0.5947512         1.000000         0.000000    
 hkr30c14       0.5947512         1.000000         0.000000    
 hkr30c15        2.007703         1.000000         0.000000    
 hkr30c16        6.576585         1.000000         0.000000    
 hkr30c17        14.42250         1.000000         0.000000    
 hkr30c18       0.5947512         1.000000         0.000000    
 hkr30c19       0.5947512         1.000000         0.000000    
 hkr31c00        9.840326         1.000000         0.000000    
 hkr31c01        31.02938         1.000000         0.000000    
 hkr31c02       0.5947512         1.000000         0.000000    
 hkr31c03       0.5947512         1.000000         0.000000    
 hkr31c04        23.21037         1.000000         0.000000    
 hkr31c05        15.59065         1.000000         0.000000    
 hkr31c06        3.668562         1.000000         0.000000    
 hkr31c07       0.5947512         1.000000         0.000000    
 hkr31c08        8.207013         1.000000         0.000000    
 hkr31c09        7.557997         1.000000         0.000000    
 hkr31c10        34.27252         1.000000         0.000000    
 hkr31c11        3.662698         1.000000         0.000000    
 hkr31c12        18.14526         1.000000         0.000000    
 hkr31c13        10.31189         1.000000         0.000000    
 hkr31c14        19.17394         1.000000         0.000000    
 hkr31c15       0.5947512         1.000000         0.000000    
 hkr31c16        1.193778         1.000000         0.000000    
 hkr31c17        31.53800         1.000000         0.000000    
 hkr31c18       0.5947512         1.000000         0.000000    
 hkr31c19        10.49230         1.000000         0.000000    
 hkr32c01        18.40153         1.000000         0.000000    
 hkr32c02        17.78574         1.000000         0.000000    
 hkr32c03        5.768227         1.000000         0.000000    
 hkr32c04       0.5947512         1.000000         0.000000    
 hkr32c05       0.5947512         1.000000         0.000000    
 hkr32c06        10.59141         1.000000         0.000000    
 hkr32c07       0.5947512         1.000000         0.000000    
 hkr32c08        27.62346         1.000000         0.000000    
 hkr32c09        17.93855         1.000000         0.000000    
 hkr32c10       0.5947512         1.000000         0.000000    
 hkr32c11       0.5947512         1.000000         0.000000    
 hkr32c12       0.5947512         1.000000         0.000000    
 hkr32c13        8.796412         1.000000         0.000000    
 hkr32c14        19.63405         1.000000         0.000000    
 hkr32c15        31.12195         1.000000         0.000000    
 hkr32c16        11.08967         1.000000         0.000000    
 hkr32c17        28.72354         1.000000         0.000000    
 hkr32c18       0.5947512         1.000000         0.000000    
 hkr32c19        27.32985         1.000000         0.000000    
 hkr33c02        14.24271         1.000000         0.000000    
 hkr33c03        9.034168         1.000000         0.000000    
 hkr33c04       0.5947512         1.000000         0.000000    
 hkr33c05        1.050033         1.000000         0.000000    
 hkr33c06       0.5947512         1.000000         0.000000    
 hkr33c07        2.181335         1.000000         0.000000    
 hkr33c08        17.86039         1.000000         0.000000    
 hkr33c09       0.6270288         1.000000         0.000000    
 hkr33c10        1.458908         1.000000         0.000000    
 hkr33c11       0.5947512         1.000000         0.000000    
 hkr33c12        28.77969         1.000000         0.000000    
 hkr33c13        15.76059         1.000000         0.000000    
 hkr33c14        8.680179         1.000000         0.000000    
 hkr33c15       0.5947512         1.000000         0.000000    
 hkr33c16        10.26988         1.000000         0.000000    
 hkr33c17       0.5947512         1.000000         0.000000    
 hkr33c18       0.5947512         1.000000         0.000000    
 hkr33c19        21.37615         1.000000         0.000000    
 hkr34c03       0.5947512         1.000000         0.000000    
 hkr34c04        3.403548         1.000000         0.000000    
 hkr34c05        8.687863         1.000000         0.000000    
 hkr34c06       0.5947512         1.000000         0.000000    
 hkr34c07       0.5947512         1.000000         0.000000    
 hkr34c08        21.03550         1.000000         0.000000    
 hkr34c09        37.30599         1.000000         0.000000    
 hkr34c10        1.113204         1.000000         0.000000    
 hkr34c11        14.30540         1.000000         0.000000    
 hkr34c12        24.64090         1.000000         0.000000    
 hkr34c13       0.5947512         1.000000         0.000000    
 hkr34c14        8.783542         1.000000         0.000000    
 hkr34c15        20.83118         1.000000         0.000000    
 hkr34c16        28.07168         1.000000         0.000000    
 hkr34c17        3.471378         1.000000         0.000000    
 hkr34c18        27.54989         1.000000         0.000000    
 hkr34c19        17.76195         1.000000         0.000000    
 hkr35c04        31.56733         1.000000         0.000000    
 hkr35c05       0.5947512         1.000000         0.000000    
 hkr35c06        4.297996         1.000000         0.000000    
 hkr35c07        28.37926         1.000000         0.000000    
 hkr35c08        24.95653         1.000000         0.000000    
 hkr35c09        4.028116         1.000000         0.000000    
 hkr35c10       0.5947512         1.000000         0.000000    
 hkr35c11        17.17944         1.000000         0.000000    
 hkr35c12        39.45129         1.000000         0.000000    
 hkr35c13        15.30706         1.000000         0.000000    
 hkr35c14        10.89377         1.000000         0.000000    
 hkr35c15       0.5947512         1.000000         0.000000    
 hkr35c16        4.290277         1.000000         0.000000    
 hkr35c17       0.5947512         1.000000         0.000000    
 hkr35c18        6.794903         1.000000         0.000000    
 hkr36c04        17.72251         1.000000         0.000000    
 hkr36c05        9.120499         1.000000         0.000000    
 hkr36c06       0.5947512         1.000000         0.000000    
 hkr36c07        35.82263         1.000000         0.000000    
 hkr36c08        2.402503         1.000000         0.000000    
 hkr36c09       0.7798026         1.000000         0.000000    
 hkr36c10        5.234344         1.000000         0.000000    
 hkr36c11        18.77906         1.000000         0.000000    
 hkr36c12        4.822814         1.000000         0.000000    
 hkr36c13        7.869595         1.000000         0.000000    
 hkr36c14        27.40583         1.000000         0.000000    
 hkr36c15       0.5947512         1.000000         0.000000    
 hkr36c16        26.29984         1.000000         0.000000    
 hkr36c17       0.5947512         1.000000         0.000000    
 hkr36c18        22.87715         1.000000         0.000000    
 hkr37c05        9.598079         1.000000         0.000000    
 hkr37c06        1.505639         1.000000         0.000000    
 hkr37c07       0.5947512         1.000000         0.000000    
 hkr37c08        5.078892         1.000000         0.000000    
 hkr37c09        12.51048         1.000000         0.000000    
 hkr37c10        6.758689         1.000000         0.000000    
 hkr37c11        45.43198         1.000000         0.000000    
 hkr37c12        9.608416         1.000000         0.000000    
 hkr37c13        12.65571         1.000000         0.000000    
 hkr37c14       0.5947512         1.000000         0.000000    
 hkr37c15        3.383041         1.000000         0.000000    
 hkr37c16       0.5947512         1.000000         0.000000    
 hkr37c17        6.942917         1.000000         0.000000    
 hkr38c05       0.5947512         1.000000         0.000000    
 hkr38c06        27.94586         1.000000         0.000000    
 hkr38c07       0.5947512         1.000000         0.000000    
 hkr38c08        10.27440         1.000000         0.000000    
 hkr38c09       0.5947512         1.000000         0.000000    
 hkr38c10        31.64338         1.000000         0.000000    
 hkr38c11        21.48651         1.000000         0.000000    
 hkr38c12        21.26692         1.000000         0.000000    
 hkr38c13        19.37183         1.000000         0.000000    
 hkr38c14        3.029134         1.000000         0.000000    
 hkr38c15        22.97644         1.000000         0.000000    
 hkr38c16        17.76350         1.000000         0.000000    
 hkr39c05        54.58895         1.000000         0.000000    
 hkr39c06       0.5947512         1.000000         0.000000    
 hkr39c07       0.5947512         1.000000         0.000000    
 hkr39c08       0.5947512         1.000000         0.000000    
 hkr39c09        11.13821         1.000000         0.000000    
 hkr39c10        31.09097         1.000000         0.000000    
 hkr39c11        11.14716         1.000000         0.000000    
 hkr39c12        7.361631         1.000000         0.000000    
 hkr39c13       0.8812468         1.000000         0.000000    
 hkr39c14       0.5947512         1.000000         0.000000    
