single point
 rch_1           1.020887         1.000000         0.000000    
 rch_2           1.032237         1.000000         0.000000    
 rcond00         5731.537         1.000000         0.000000    
 rcond01         10187.23         1.000000         0.000000    
 rcond02         15761.19         1.000000         0.000000    
 rcond03         4240.029         1.000000         0.000000    
 rcond04         46682.58         1.000000         0.000000    
 rcond05         5035.103         1.000000         0.000000    
 rcond06         5020.798         1.000000         0.000000    
 rcond07         4531.105         1.000000         0.000000    
 rcond08         5131.747         1.000000         0.000000    
 rcond09         5953.835         1.000000         0.000000    
 rcond10         2841.107         1.000000         0.000000    
 rcond11         48828.50         1.000000         0.000000    
 rcond12         9195.280         1.000000         0.000000    
 rcond13         2493.470         1.000000         0.000000    
 rcond14         1829.176         1.000000         0.000000    
 rcond15         3240.816         1.000000         0.000000    
 rcond16         2576.722         1.000000         0.000000    
 rcond17         589.8912         1.000000         0.000000    
 rcond18         8369.181         1.000000         0.000000    
 rcond19         2296.132         1.000000         0.000000    
 rcond20         3131.893         1.000000         0.000000    
 rcond21         21715.86         1.000000         0.000000    
 rcond22         2022.690         1.000000         0.000000    
 rcond23         16176.48         1.000000         0.000000    
 rcond24         6747.907         1.000000         0.000000    
 rcond25         1853.777         1.000000         0.000000    
 rcond26         12175.59         1.000000         0.000000    
 rcond27         20179.62         1.000000         0.000000    
 rcond28         1566.174         1.000000         0.000000    
 rcond29         3838.394         1.000000         0.000000    
 rcond30         1272.052         1.000000         0.000000    
 rcond31         11089.62         1.000000         0.000000    
 rcond32         14933.58         1.000000         0.000000    
 rcond33         26890.90         1.000000         0.000000    
 rcond34         4189.734         1.000000         0.000000    
 rcond35         6126.974         1.000000         0.000000    
 rcond36         2208.944         1.000000         0.000000    
 rcond37         599.9215         1.000000         0.000000    
 rcond38         41585.36         1.000000         0.000000    
 rcond39         2888.842         1.000000         0.000000    
 ss             1.9163380E-05     1.000000         0.000000    
 sy             3.5492260E-02     1.000000         0.000000    
 wf1_1           705.3119        -1.000000         0.000000    
 wf2_1           318.8160        -1.000000         0.000000    
 wf3_1           303.2640        -1.000000         0.000000    
 wf4_1           78.88320        -1.000000         0.000000    
 wf5_1           68.42880        -1.000000         0.000000    
 wf6_1           408.6720        -1.000000         0.000000    
 wf1_2           1328.400        -1.000000         0.000000    
 wf2_2           321.2006        -1.000000         0.000000    
 wf3_2           313.6219        -1.000000         0.000000    
 wf4_2           63.99670        -1.000000         0.000000    
 wf5_2           90.21569        -1.000000         0.000000    
 wf6_2           410.0529        -1.000000         0.000000    
 hkr00c00        19.54116         1.000000         0.000000    
 hkr00c01        3.836742         1.000000         0.000000    
 hkr00c02        59.47512         1.000000         0.000000    
 hkr00c03        2.464321         1.000000         0.000000    
 hkr00c04        2.084148         1.000000         0.000000    
 hkr00c05        17.87526         1.000000         0.000000    
 hkr00c06        5.308107         1.000000         0.000000    
 hkr00c07        10.10517         1.000000         0.000000    
 hkr00c08        3.614284         1.000000         0.000000    
 hkr00c09        8.890581         1.000000         0.000000    
 hkr00c10        7.073783         1.000000         0.000000    
 hkr00c11        3.922725         1.000000         0.000000    
 hkr00c12        19.99766         1.000000         0.000000    
 hkr00c13        8.897155         1.000000         0.000000    
 hkr00c14        10.00237         1.000000         0.000000    
 hkr00c15        9.419165         1.000000         0.000000    
 hkr00c16        1.163316         1.000000         0.000000    
 hkr00c17        5.456486         1.000000         0.000000    
 hkr00c18        16.25917         1.000000         0.000000    
 hkr00c19        16.96566         1.000000         0.000000    
 hkr01c00        5.306579         1.000000         0.000000    
 hkr01c01        2.070761         1.000000         0.000000    
 hkr01c02        5.803648         1.000000         0.000000    
 hkr01c03        59.47512         1.000000         0.000000    
 hkr01c04        16.30154         1.000000         0.000000    
 hkr01c05        59.47512         1.000000         0.000000    
 hkr01c06        17.06197         1.000000         0.000000    
 hkr01c07       0.5947512         1.000000         0.000000    
 hkr01c08        56.73710         1.000000         0.000000    
 hkr01c09        10.11765         1.000000         0.000000    
 hkr01c10        10.39524         1.000000         0.000000    
 hkr01c11        29.43471         1.000000         0.000000    
 hkr01c12        5.181905         1.000000         0.000000    
 hkr01c13        30.50862         1.000000         0.000000    
 hkr01c14        2.761995         1.000000         0.000000    
 hkr01c15        13.52845         1.000000         0.000000    
 hkr01c16        1.992887         1.000000         0.000000    
 hkr01c17        6.255466         1.000000         0.000000    
 hkr01c18        9.053082         1.000000         0.000000    
 hkr01c19        5.200115         1.000000         0.000000    
 hkr02c00       0.6186011         1.000000         0.000000    
 hkr02c01        59.47512         1.000000         0.000000    
 hkr02c02        41.48420         1.000000         0.000000    
 hkr02c03        5.625618         1.000000         0.000000    
 hkr02c04        8.295293         1.000000         0.000000    
 hkr02c05        2.850468         1.000000         0.000000    
 hkr02c06        24.29405         1.000000         0.000000    
 hkr02c07        2.472204         1.000000         0.000000    
 hkr02c08        11.51405         1.000000         0.000000    
 hkr02c09        5.183033         1.000000         0.000000    
 hkr02c10        1.757680         1.000000         0.000000    
 hkr02c11        1.303952         1.000000         0.000000    
 hkr02c12        2.165341         1.000000         0.000000    
 hkr02c13        59.47512         1.000000         0.000000    
 hkr02c14        21.44464         1.000000         0.000000    
 hkr02c15        14.15640         1.000000         0.000000    
 hkr02c16        4.468539         1.000000         0.000000    
 hkr02c17        12.09537         1.000000         0.000000    
 hkr02c18        29.29512         1.000000         0.000000    
 hkr02c19       0.7802097         1.000000         0.000000    
 hkr03c00       0.9544699         1.000000         0.000000    
 hkr03c01       0.5947512         1.000000         0.000000    
 hkr03c02        2.629002         1.000000         0.000000    
 hkr03c03        30.27070         1.000000         0.000000    
 hkr03c04        3.629333         1.000000         0.000000    
 hkr03c05        13.73897         1.000000         0.000000    
 hkr03c06        13.71541         1.000000         0.000000    
 hkr03c07        18.90063         1.000000         0.000000    
 hkr03c08        4.475320         1.000000         0.000000    
 hkr03c09        52.55549         1.000000         0.000000    
 hkr03c10        21.14238         1.000000         0.000000    
 hkr03c11        10.74667         1.000000         0.000000    
 hkr03c12        6.560488         1.000000         0.000000    
 hkr03c13        40.98205         1.000000         0.000000    
 hkr03c14        3.104927         1.000000         0.000000    
 hkr03c15        2.564882         1.000000         0.000000    
 hkr03c16        3.828877         1.000000         0.000000    
 hkr03c17        5.554118         1.000000         0.000000    
 hkr03c18        14.93322         1.000000         0.000000    
 hkr03c19        1.637091         1.000000         0.000000    
 hkr04c00        6.981841         1.000000         0.000000    
 hkr04c01        11.53669         1.000000         0.000000    
 hkr04c02        3.810707         1.000000         0.000000    
 hkr04c03        1.527542         1.000000         0.000000    
 hkr04c04        9.771159         1.000000         0.000000    
 hkr04c05        17.28290         1.000000         0.000000    
 hkr04c06        4.316878         1.000000         0.000000    
 hkr04c07       0.9531557         1.000000         0.000000    
 hkr04c08        1.824049         1.000000         0.000000    
 hkr04c09        3.250454         1.000000         0.000000    
 hkr04c10        4.289454         1.000000         0.000000    
 hkr04c11        6.109919         1.000000         0.000000    
 hkr04c12        6.242308         1.000000         0.000000    
 hkr04c13        2.212891         1.000000         0.000000    
 hkr04c14        1.444394         1.000000         0.000000    
 hkr04c15        21.34635         1.000000         0.000000    
 hkr04c16        2.003439         1.000000         0.000000    
 hkr04c17        5.642424         1.000000         0.000000    
 hkr04c18        7.130284         1.000000         0.000000    
 hkr04c19        2.844811         1.000000         0.000000    
 hkr05c00        6.770860         1.000000         0.000000    
 hkr05c01        16.85382         1.000000         0.000000    
 hkr05c02        17.14175         1.000000         0.000000    
 hkr05c03        4.067811         1.000000         0.000000    
 hkr05c04        1.147129         1.000000         0.000000    
 hkr05c05        17.32173         1.000000         0.000000    
 hkr05c06        59.47512         1.000000         0.000000    
 hkr05c07        1.245447         1.000000         0.000000    
 hkr05c08        5.508466         1.000000         0.000000    
 hkr05c09        5.939151         1.000000         0.000000    
 hkr05c10        6.855799         1.000000         0.000000    
 hkr05c11        8.374079         1.000000         0.000000    
 hkr05c12        2.680114         1.000000         0.000000    
 hkr05c13        26.11692         1.000000         0.000000    
 hkr05c14        2.581075         1.000000         0.000000    
 hkr05c15        24.54172         1.000000         0.000000    
 hkr05c16        10.13314         1.000000         0.000000    
 hkr05c17        5.388157         1.000000         0.000000    
 hkr05c18        5.673693         1.000000         0.000000    
 hkr05c19        26.43500         1.000000         0.000000    
 hkr06c00        3.174647         1.000000         0.000000    
 hkr06c01        10.46248         1.000000         0.000000    
 hkr06c02        5.490431         1.000000         0.000000    
 hkr06c03        3.813337         1.000000         0.000000    
 hkr06c04        7.822351         1.000000         0.000000    
 hkr06c05        15.86890         1.000000         0.000000    
 hkr06c06        6.533525         1.000000         0.000000    
 hkr06c07        24.16441         1.000000         0.000000    
 hkr06c08        7.613029         1.000000         0.000000    
 hkr06c09        5.296757         1.000000         0.000000    
 hkr06c10        5.651264         1.000000         0.000000    
 hkr06c11        11.77685         1.000000         0.000000    
 hkr06c12        3.186851         1.000000         0.000000    
 hkr06c13       0.5947512         1.000000         0.000000    
 hkr06c14        2.656660         1.000000         0.000000    
 hkr06c15        5.148116         1.000000         0.000000    
 hkr06c16        1.646700         1.000000         0.000000    
 hkr06c17        24.72598         1.000000         0.000000    
 hkr06c18        7.322292         1.000000         0.000000    
 hkr06c19        1.019924         1.000000         0.000000    
 hkr07c00        26.83617         1.000000         0.000000    
 hkr07c01        6.679914         1.000000         0.000000    
 hkr07c02       0.5947512         1.000000         0.000000    
 hkr07c03        13.56436         1.000000         0.000000    
 hkr07c04        6.367675         1.000000         0.000000    
 hkr07c05        42.49631         1.000000         0.000000    
 hkr07c06        6.140478         1.000000         0.000000    
 hkr07c07        3.199577         1.000000         0.000000    
 hkr07c08        1.786920         1.000000         0.000000    
 hkr07c09        6.247521         1.000000         0.000000    
 hkr07c10        14.21482         1.000000         0.000000    
 hkr07c11        4.094992         1.000000         0.000000    
 hkr07c12        11.93721         1.000000         0.000000    
 hkr07c13        2.110211         1.000000         0.000000    
 hkr07c14        12.45248         1.000000         0.000000    
 hkr07c15        13.68275         1.000000         0.000000    
 hkr07c16        8.748206         1.000000         0.000000    
 hkr07c17        6.066481         1.000000         0.000000    
 hkr07c18        1.759451         1.000000         0.000000    
 hkr07c19        13.00349         1.000000         0.000000    
 hkr08c00        3.180780         1.000000         0.000000    
 hkr08c01        3.103502         1.000000         0.000000    
 hkr08c02       0.6874484         1.000000         0.000000    
 hkr08c03        6.505751         1.000000         0.000000    
 hkr08c07        3.146450         1.000000         0.000000    
 hkr08c08        2.162394         1.000000         0.000000    
 hkr08c09        1.153130         1.000000         0.000000    
 hkr08c10        2.875255         1.000000         0.000000    
 hkr08c11        12.02922         1.000000         0.000000    
 hkr08c12        20.47341         1.000000         0.000000    
 hkr08c13        59.47512         1.000000         0.000000    
 hkr08c14        1.951691         1.000000         0.000000    
 hkr08c15        47.65491         1.000000         0.000000    
 hkr08c16        7.243087         1.000000         0.000000    
 hkr08c17        58.41509         1.000000         0.000000    
 hkr08c18        10.97234         1.000000         0.000000    
 hkr08c19        2.350907         1.000000         0.000000    
 hkr09c00        9.850678         1.000000         0.000000    
 hkr09c01        1.386804         1.000000         0.000000    
 hkr09c02        16.06464         1.000000         0.000000    
 hkr09c03        6.763208         1.000000         0.000000    
 hkr09c08        13.02637         1.000000         0.000000    
 hkr09c09        22.46248         1.000000         0.000000    
 hkr09c10        21.40322         1.000000         0.000000    
 hkr09c11        1.574309         1.000000         0.000000    
 hkr09c12        8.583690         1.000000         0.000000    
 hkr09c13        3.121176         1.000000         0.000000    
 hkr09c14        7.307241         1.000000         0.000000    
 hkr09c15        4.487965         1.000000         0.000000    
 hkr09c16        7.717898         1.000000         0.000000    
 hkr09c17        28.79802         1.000000         0.000000    
 hkr09c18        59.47512         1.000000         0.000000    
 hkr09c19        2.274063         1.000000         0.000000    
 hkr10c00        6.632208         1.000000         0.000000    
 hkr10c01       0.9618358         1.000000         0.000000    
 hkr10c02        6.724490         1.000000         0.000000    
 hkr10c03        6.164541         1.000000         0.000000    
 hkr10c08        59.47512         1.000000         0.000000    
 hkr10c09        2.701117         1.000000         0.000000    
 hkr10c10        4.557185         1.000000         0.000000    
 hkr10c11       0.5947512         1.000000         0.000000    
 hkr10c12        1.055463         1.000000         0.000000    
 hkr10c13        4.737232         1.000000         0.000000    
 hkr10c14        10.28615         1.000000         0.000000    
 hkr10c15        13.77289         1.000000         0.000000    
 hkr10c16        11.83186         1.000000         0.000000    
 hkr10c17        2.569556         1.000000         0.000000    
 hkr10c18        3.590130         1.000000         0.000000    
 hkr10c19        3.274098         1.000000         0.000000    
 hkr11c00        6.609985         1.000000         0.000000    
 hkr11c01        4.120271         1.000000         0.000000    
 hkr11c02        4.340959         1.000000         0.000000    
 hkr11c03        2.223981         1.000000         0.000000    
 hkr11c08        3.344754         1.000000         0.000000    
 hkr11c09        7.346109         1.000000         0.000000    
 hkr11c10        1.655436         1.000000         0.000000    
 hkr11c11       0.9491730         1.000000         0.000000    
 hkr11c12        19.91621         1.000000         0.000000    
 hkr11c13        26.45838         1.000000         0.000000    
 hkr11c14        4.677464         1.000000         0.000000    
 hkr11c15        11.19956         1.000000         0.000000    
 hkr11c16        15.21537         1.000000         0.000000    
 hkr11c17        19.01108         1.000000         0.000000    
 hkr11c18        3.941755         1.000000         0.000000    
 hkr11c19        2.991533         1.000000         0.000000    
 hkr12c00        28.63358         1.000000         0.000000    
 hkr12c01        10.58620         1.000000         0.000000    
 hkr12c02        1.627542         1.000000         0.000000    
 hkr12c03       0.5947512         1.000000         0.000000    
 hkr12c08        27.00723         1.000000         0.000000    
 hkr12c09        28.97976         1.000000         0.000000    
 hkr12c10        2.898547         1.000000         0.000000    
 hkr12c11        2.140074         1.000000         0.000000    
 hkr12c12        7.748032         1.000000         0.000000    
 hkr12c13        3.453446         1.000000         0.000000    
 hkr12c14        2.076924         1.000000         0.000000    
 hkr12c15        53.46018         1.000000         0.000000    
 hkr12c16        9.408490         1.000000         0.000000    
 hkr12c17        8.099413         1.000000         0.000000    
 hkr12c18        1.679600         1.000000         0.000000    
 hkr12c19        12.86561         1.000000         0.000000    
 hkr13c00        26.30935         1.000000         0.000000    
 hkr13c01        21.83784         1.000000         0.000000    
 hkr13c02        2.070434         1.000000         0.000000    
 hkr13c03        4.180409         1.000000         0.000000    
 hkr13c08       0.9162001         1.000000         0.000000    
 hkr13c09        16.94828         1.000000         0.000000    
 hkr13c10        2.203778         1.000000         0.000000    
 hkr13c11        3.100571         1.000000         0.000000    
 hkr13c12        20.05833         1.000000         0.000000    
 hkr13c13        8.183977         1.000000         0.000000    
 hkr13c14        6.043329         1.000000         0.000000    
 hkr13c15        59.47512         1.000000         0.000000    
 hkr13c16        2.615064         1.000000         0.000000    
 hkr13c17        47.88168         1.000000         0.000000    
 hkr13c18       0.8586206         1.000000         0.000000    
 hkr13c19        3.029935         1.000000         0.000000    
 hkr14c00        3.268260         1.000000         0.000000    
 hkr14c01        15.09769         1.000000         0.000000    
 hkr14c02        2.469868         1.000000         0.000000    
 hkr14c03        6.351403         1.000000         0.000000    
 hkr14c08        17.98448         1.000000         0.000000    
 hkr14c09        6.193473         1.000000         0.000000    
 hkr14c10        11.93724         1.000000         0.000000    
 hkr14c11        14.23035         1.000000         0.000000    
 hkr14c12        4.553535         1.000000         0.000000    
 hkr14c13        12.19437         1.000000         0.000000    
 hkr14c14       0.9865802         1.000000         0.000000    
 hkr14c15        1.661813         1.000000         0.000000    
 hkr14c16        4.192286         1.000000         0.000000    
 hkr14c17        2.990501         1.000000         0.000000    
 hkr14c18        6.940502         1.000000         0.000000    
 hkr14c19        2.168964         1.000000         0.000000    
 hkr15c00        3.885230         1.000000         0.000000    
 hkr15c01        2.619234         1.000000         0.000000    
 hkr15c02        3.878609         1.000000         0.000000    
 hkr15c03        5.830888         1.000000         0.000000    
 hkr15c08        59.47512         1.000000         0.000000    
 hkr15c09        3.152552         1.000000         0.000000    
 hkr15c10        4.916159         1.000000         0.000000    
 hkr15c11        3.376623         1.000000         0.000000    
 hkr15c12        59.47512         1.000000         0.000000    
 hkr15c13        7.352144         1.000000         0.000000    
 hkr15c14       0.5947512         1.000000         0.000000    
 hkr15c15        2.470881         1.000000         0.000000    
 hkr15c16        8.709572         1.000000         0.000000    
 hkr15c17        3.495431         1.000000         0.000000    
 hkr15c18        27.66299         1.000000         0.000000    
 hkr15c19        36.74976         1.000000         0.000000    
 hkr16c00        12.08200         1.000000         0.000000    
 hkr16c01        59.47512         1.000000         0.000000    
 hkr16c02       0.9861498         1.000000         0.000000    
 hkr16c03        1.490115         1.000000         0.000000    
 hkr16c08        9.920257         1.000000         0.000000    
 hkr16c09       0.5947512         1.000000         0.000000    
 hkr16c10        7.902311         1.000000         0.000000    
 hkr16c11        1.174985         1.000000         0.000000    
 hkr16c12        9.487343         1.000000         0.000000    
 hkr16c13        1.627081         1.000000         0.000000    
 hkr16c14        5.124903         1.000000         0.000000    
 hkr16c15        1.071622         1.000000         0.000000    
 hkr16c16        5.276104         1.000000         0.000000    
 hkr16c17        7.439184         1.000000         0.000000    
 hkr16c18        6.720648         1.000000         0.000000    
 hkr16c19        11.50765         1.000000         0.000000    
 hkr17c00        59.47512         1.000000         0.000000    
 hkr17c01        1.195695         1.000000         0.000000    
 hkr17c02        1.802116         1.000000         0.000000    
 hkr17c03        7.539221         1.000000         0.000000    
 hkr17c08        5.894019         1.000000         0.000000    
 hkr17c09        11.89535         1.000000         0.000000    
 hkr17c10        2.871401         1.000000         0.000000    
 hkr17c11        3.617285         1.000000         0.000000    
 hkr17c12        3.764963         1.000000         0.000000    
 hkr17c13        1.668449         1.000000         0.000000    
 hkr17c14        33.35041         1.000000         0.000000    
 hkr17c15        16.21902         1.000000         0.000000    
 hkr17c16        5.433522         1.000000         0.000000    
 hkr17c17       0.5947512         1.000000         0.000000    
 hkr17c18        2.677468         1.000000         0.000000    
 hkr17c19        6.954738         1.000000         0.000000    
 hkr18c00        12.80530         1.000000         0.000000    
 hkr18c01        18.95936         1.000000         0.000000    
 hkr18c02        3.488506         1.000000         0.000000    
 hkr18c03        2.948572         1.000000         0.000000    
 hkr18c08        4.975698         1.000000         0.000000    
 hkr18c09       0.5947512         1.000000         0.000000    
 hkr18c10       0.5947512         1.000000         0.000000    
 hkr18c11        5.995529         1.000000         0.000000    
 hkr18c12       0.7851451         1.000000         0.000000    
 hkr18c13        10.80896         1.000000         0.000000    
 hkr18c14        9.631741         1.000000         0.000000    
 hkr18c15        2.658952         1.000000         0.000000    
 hkr18c16        33.65192         1.000000         0.000000    
 hkr18c17        1.033483         1.000000         0.000000    
 hkr18c18        13.51649         1.000000         0.000000    
 hkr18c19        1.780795         1.000000         0.000000    
 hkr19c00        6.565991         1.000000         0.000000    
 hkr19c01        34.97503         1.000000         0.000000    
 hkr19c02        2.677069         1.000000         0.000000    
 hkr19c03        15.58801         1.000000         0.000000    
 hkr19c08        1.044262         1.000000         0.000000    
 hkr19c09        1.969817         1.000000         0.000000    
 hkr19c10        32.00020         1.000000         0.000000    
 hkr19c11        16.44100         1.000000         0.000000    
 hkr19c12        2.809798         1.000000         0.000000    
 hkr19c13        3.174878         1.000000         0.000000    
 hkr19c14        11.92527         1.000000         0.000000    
 hkr19c15        14.77774         1.000000         0.000000    
 hkr19c16        11.23879         1.000000         0.000000    
 hkr19c17        3.879732         1.000000         0.000000    
 hkr19c18       0.5947512         1.000000         0.000000    
 hkr19c19        4.108770         1.000000         0.000000    
 hkr20c00        59.47512         1.000000         0.000000    
 hkr20c01        4.322595         1.000000         0.000000    
 hkr20c02        52.89297         1.000000         0.000000    
 hkr20c03        1.736531         1.000000         0.000000    
 hkr20c08        1.998000         1.000000         0.000000    
 hkr20c09        1.590980         1.000000         0.000000    
 hkr20c10        5.285554         1.000000         0.000000    
 hkr20c11        10.36650         1.000000         0.000000    
 hkr20c12        27.71550         1.000000         0.000000    
 hkr20c13        18.86236         1.000000         0.000000    
 hkr20c14        8.015455         1.000000         0.000000    
 hkr20c15        1.748093         1.000000         0.000000    
 hkr20c16        2.342568         1.000000         0.000000    
 hkr20c17       0.8046672         1.000000         0.000000    
 hkr20c18        54.36090         1.000000         0.000000    
 hkr20c19        17.46052         1.000000         0.000000    
 hkr21c00        9.469897         1.000000         0.000000    
 hkr21c01        2.917967         1.000000         0.000000    
 hkr21c02        5.258878         1.000000         0.000000    
 hkr21c03        4.005726         1.000000         0.000000    
 hkr21c06        15.27714         1.000000         0.000000    
 hkr21c07        1.949855         1.000000         0.000000    
 hkr21c08        1.847298         1.000000         0.000000    
 hkr21c09        1.794231         1.000000         0.000000    
 hkr21c10        3.928387         1.000000         0.000000    
 hkr21c11        46.03525         1.000000         0.000000    
 hkr21c12        3.074534         1.000000         0.000000    
 hkr21c13        19.42524         1.000000         0.000000    
 hkr21c14        4.326114         1.000000         0.000000    
 hkr21c15        3.587735         1.000000         0.000000    
 hkr21c16        4.056009         1.000000         0.000000    
 hkr21c17        1.903007         1.000000         0.000000    
 hkr21c18        30.53048         1.000000         0.000000    
 hkr21c19        2.010821         1.000000         0.000000    
 hkr22c00        35.23166         1.000000         0.000000    
 hkr22c01        1.978491         1.000000         0.000000    
 hkr22c02        32.70462         1.000000         0.000000    
 hkr22c03        1.660368         1.000000         0.000000    
 hkr22c04        5.031320         1.000000         0.000000    
 hkr22c06        26.27502         1.000000         0.000000    
 hkr22c07        7.686771         1.000000         0.000000    
 hkr22c08       0.5947512         1.000000         0.000000    
 hkr22c09        4.984610         1.000000         0.000000    
 hkr22c10        4.520305         1.000000         0.000000    
 hkr22c11        32.30904         1.000000         0.000000    
 hkr22c12        2.988728         1.000000         0.000000    
 hkr22c13        14.53571         1.000000         0.000000    
 hkr22c14        3.030268         1.000000         0.000000    
 hkr22c15        8.704957         1.000000         0.000000    
 hkr22c16        19.81180         1.000000         0.000000    
 hkr22c17        15.36964         1.000000         0.000000    
 hkr22c18        8.348601         1.000000         0.000000    
 hkr22c19        2.411707         1.000000         0.000000    
 hkr23c00        1.293382         1.000000         0.000000    
 hkr23c01        15.91800         1.000000         0.000000    
 hkr23c02       0.5947512         1.000000         0.000000    
 hkr23c03        2.685433         1.000000         0.000000    
 hkr23c04        10.61812         1.000000         0.000000    
 hkr23c05        21.70840         1.000000         0.000000    
 hkr23c06        2.926901         1.000000         0.000000    
 hkr23c07        2.808809         1.000000         0.000000    
 hkr23c08        3.899713         1.000000         0.000000    
 hkr23c09        2.545097         1.000000         0.000000    
 hkr23c10        2.496874         1.000000         0.000000    
 hkr23c11        2.738201         1.000000         0.000000    
 hkr23c12        16.87901         1.000000         0.000000    
 hkr23c13        19.88723         1.000000         0.000000    
 hkr23c14        5.544244         1.000000         0.000000    
 hkr23c15        1.364197         1.000000         0.000000    
 hkr23c16        3.587273         1.000000         0.000000    
 hkr23c17        2.562788         1.000000         0.000000    
 hkr23c18        6.415415         1.000000         0.000000    
 hkr23c19        45.25391         1.000000         0.000000    
 hkr24c00        1.439989         1.000000         0.000000    
 hkr24c01        10.31014         1.000000         0.000000    
 hkr24c02       0.6089204         1.000000         0.000000    
 hkr24c03        11.84306         1.000000         0.000000    
 hkr24c04        13.64089         1.000000         0.000000    
 hkr24c05        6.057384         1.000000         0.000000    
 hkr24c06        1.437522         1.000000         0.000000    
 hkr24c07        2.485990         1.000000         0.000000    
 hkr24c08        6.982123         1.000000         0.000000    
 hkr24c09        25.88309         1.000000         0.000000    
 hkr24c10        2.517799         1.000000         0.000000    
 hkr24c11        2.335022         1.000000         0.000000    
 hkr24c12        45.36717         1.000000         0.000000    
 hkr24c13        4.287616         1.000000         0.000000    
 hkr24c14        2.800870         1.000000         0.000000    
 hkr24c15        1.274980         1.000000         0.000000    
 hkr24c16        4.271261         1.000000         0.000000    
 hkr24c17        12.95060         1.000000         0.000000    
 hkr24c18        6.034095         1.000000         0.000000    
 hkr24c19        1.191165         1.000000         0.000000    
 hkr25c00        20.86781         1.000000         0.000000    
 hkr25c01       0.5947512         1.000000         0.000000    
 hkr25c02        1.391634         1.000000         0.000000    
 hkr25c03        4.301803         1.000000         0.000000    
 hkr25c04        2.358705         1.000000         0.000000    
 hkr25c05        12.52917         1.000000         0.000000    
 hkr25c06        23.84826         1.000000         0.000000    
 hkr25c07        2.461058         1.000000         0.000000    
 hkr25c08        5.386846         1.000000         0.000000    
 hkr25c09        13.95440         1.000000         0.000000    
 hkr25c10       0.9283904         1.000000         0.000000    
 hkr25c11        1.328666         1.000000         0.000000    
 hkr25c12        3.168119         1.000000         0.000000    
 hkr25c13        5.946914         1.000000         0.000000    
 hkr25c14        1.605964         1.000000         0.000000    
 hkr25c15        1.212197         1.000000         0.000000    
 hkr25c16        16.20121         1.000000         0.000000    
 hkr25c17        21.09806         1.000000         0.000000    
 hkr25c18        1.728544         1.000000         0.000000    
 hkr25c19        12.80250         1.000000         0.000000    
 hkr26c00        59.47512         1.000000         0.000000    
 hkr26c01        16.96744         1.000000         0.000000    
 hkr26c02        4.248986         1.000000         0.000000    
 hkr26c03        2.910128         1.000000         0.000000    
 hkr26c04        2.042464         1.000000         0.000000    
 hkr26c05       0.5947512         1.000000         0.000000    
 hkr26c06        3.544662         1.000000         0.000000    
 hkr26c07        1.333029         1.000000         0.000000    
 hkr26c08        28.20728         1.000000         0.000000    
 hkr26c09        11.49993         1.000000         0.000000    
 hkr26c10        6.228726         1.000000         0.000000    
 hkr26c11        13.10703         1.000000         0.000000    
 hkr26c12        24.74667         1.000000         0.000000    
 hkr26c13        2.544713         1.000000         0.000000    
 hkr26c14        1.486723         1.000000         0.000000    
 hkr26c15        32.21346         1.000000         0.000000    
 hkr26c16        12.69747         1.000000         0.000000    
 hkr26c17        4.757677         1.000000         0.000000    
 hkr26c18        4.216715         1.000000         0.000000    
 hkr26c19        6.363149         1.000000         0.000000    
 hkr27c00       0.5947512         1.000000         0.000000    
 hkr27c01        8.014186         1.000000         0.000000    
 hkr27c02        6.736053         1.000000         0.000000    
 hkr27c03        5.905629         1.000000         0.000000    
 hkr27c04        12.16427         1.000000         0.000000    
 hkr27c05        3.768179         1.000000         0.000000    
 hkr27c06        7.772013         1.000000         0.000000    
 hkr27c07        1.886841         1.000000         0.000000    
 hkr27c08        12.03787         1.000000         0.000000    
 hkr27c09        14.00830         1.000000         0.000000    
 hkr27c10        16.54271         1.000000         0.000000    
 hkr27c11        1.185030         1.000000         0.000000    
 hkr27c12        7.220207         1.000000         0.000000    
 hkr27c13        38.32217         1.000000         0.000000    
 hkr27c14        17.25665         1.000000         0.000000    
 hkr27c15        2.563528         1.000000         0.000000    
 hkr27c16        1.841998         1.000000         0.000000    
 hkr27c17        6.162983         1.000000         0.000000    
 hkr27c18        6.548574         1.000000         0.000000    
 hkr27c19        41.09163         1.000000         0.000000    
 hkr28c00        6.321130         1.000000         0.000000    
 hkr28c01        4.031426         1.000000         0.000000    
 hkr28c02        24.53415         1.000000         0.000000    
 hkr28c03        2.374771         1.000000         0.000000    
 hkr28c04        3.280239         1.000000         0.000000    
 hkr28c05        3.153695         1.000000         0.000000    
 hkr28c06        7.867770         1.000000         0.000000    
 hkr28c07        4.199253         1.000000         0.000000    
 hkr28c08        28.93407         1.000000         0.000000    
 hkr28c09        3.810467         1.000000         0.000000    
 hkr28c10        4.624875         1.000000         0.000000    
 hkr28c11        3.654544         1.000000         0.000000    
 hkr28c12        2.942690         1.000000         0.000000    
 hkr28c13        2.899241         1.000000         0.000000    
 hkr28c14        2.326756         1.000000         0.000000    
 hkr28c15        5.277806         1.000000         0.000000    
 hkr28c16        3.177543         1.000000         0.000000    
 hkr28c17        8.128329         1.000000         0.000000    
 hkr28c18        23.04702         1.000000         0.000000    
 hkr28c19        8.258554         1.000000         0.000000    
 hkr29c00       0.7950898         1.000000         0.000000    
 hkr29c01        3.458204         1.000000         0.000000    
 hkr29c02        4.455524         1.000000         0.000000    
 hkr29c03        15.09928         1.000000         0.000000    
 hkr29c04        2.895507         1.000000         0.000000    
 hkr29c05        33.71572         1.000000         0.000000    
 hkr29c06        34.14929         1.000000         0.000000    
 hkr29c07        32.20977         1.000000         0.000000    
 hkr29c08        11.54346         1.000000         0.000000    
 hkr29c09        1.741911         1.000000         0.000000    
 hkr29c10        1.833156         1.000000         0.000000    
 hkr29c11        21.69420         1.000000         0.000000    
 hkr29c12        1.629846         1.000000         0.000000    
 hkr29c13       0.5947512         1.000000         0.000000    
 hkr29c14        1.787766         1.000000         0.000000    
 hkr29c15       0.8430587         1.000000         0.000000    
 hkr29c16       0.5947512         1.000000         0.000000    
 hkr29c17        5.864812         1.000000         0.000000    
 hkr29c18        7.757492         1.000000         0.000000    
 hkr29c19        5.703731         1.000000         0.000000    
 hkr30c00        27.24319         1.000000         0.000000    
 hkr30c01        13.71927         1.000000         0.000000    
 hkr30c02        39.79105         1.000000         0.000000    
 hkr30c03        19.94039         1.000000         0.000000    
 hkr30c04        3.658746         1.000000         0.000000    
 hkr30c05        1.274750         1.000000         0.000000    
 hkr30c06        1.722409         1.000000         0.000000    
 hkr30c07        8.081135         1.000000         0.000000    
 hkr30c08        10.57900         1.000000         0.000000    
 hkr30c09        7.759364         1.000000         0.000000    
 hkr30c10        15.70639         1.000000         0.000000    
 hkr30c11        25.32924         1.000000         0.000000    
 hkr30c12        3.505702         1.000000         0.000000    
 hkr30c13        10.20791         1.000000         0.000000    
 hkr30c14        2.534051         1.000000         0.000000    
 hkr30c15        4.383499         1.000000         0.000000    
 hkr30c16        10.56081         1.000000         0.000000    
 hkr30c17        21.69436         1.000000         0.000000    
 hkr30c18        14.07800         1.000000         0.000000    
 hkr30c19       0.5947512         1.000000         0.000000    
 hkr31c00        28.06140         1.000000         0.000000    
 hkr31c01        29.75356         1.000000         0.000000    
 hkr31c02        3.370059         1.000000         0.000000    
 hkr31c03        31.83756         1.000000         0.000000    
 hkr31c04        33.98437         1.000000         0.000000    
 hkr31c05        14.93298         1.000000         0.000000    
 hkr31c06        3.803455         1.000000         0.000000    
 hkr31c07        1.013155         1.000000         0.000000    
 hkr31c08        15.03135         1.000000         0.000000    
 hkr31c09        4.136384         1.000000         0.000000    
 hkr31c10        8.227987         1.000000         0.000000    
 hkr31c11        5.190589         1.000000         0.000000    
 hkr31c12       0.8968478         1.000000         0.000000    
 hkr31c13        13.21027         1.000000         0.000000    
 hkr31c14        3.048859         1.000000         0.000000    
 hkr31c15        14.85350         1.000000         0.000000    
 hkr31c16        12.49092         1.000000         0.000000    
 hkr31c17        5.482813         1.000000         0.000000    
 hkr31c18       0.7157728         1.000000         0.000000    
 hkr31c19        6.114143         1.000000         0.000000    
 hkr32c01        13.41656         1.000000         0.000000    
 hkr32c02        13.57763         1.000000         0.000000    
 hkr32c03        4.566706         1.000000         0.000000    
 hkr32c04        1.137704         1.000000         0.000000    
 hkr32c05        5.304241         1.000000         0.000000    
 hkr32c06        7.801977         1.000000         0.000000    
 hkr32c07        5.231717         1.000000         0.000000    
 hkr32c08       0.6919577         1.000000         0.000000    
 hkr32c09        19.32272         1.000000         0.000000    
 hkr32c10        7.830424         1.000000         0.000000    
 hkr32c11        20.84283         1.000000         0.000000    
 hkr32c12        8.424140         1.000000         0.000000    
 hkr32c13        1.331251         1.000000         0.000000    
 hkr32c14        5.653414         1.000000         0.000000    
 hkr32c15        5.503383         1.000000         0.000000    
 hkr32c16       0.6634085         1.000000         0.000000    
 hkr32c17        6.546545         1.000000         0.000000    
 hkr32c18        31.73660         1.000000         0.000000    
 hkr32c19        1.442186         1.000000         0.000000    
 hkr33c02        9.631351         1.000000         0.000000    
 hkr33c03        3.007413         1.000000         0.000000    
 hkr33c04        4.004165         1.000000         0.000000    
 hkr33c05        3.822772         1.000000         0.000000    
 hkr33c06        17.88466         1.000000         0.000000    
 hkr33c07        23.10721         1.000000         0.000000    
 hkr33c08        22.47463         1.000000         0.000000    
 hkr33c09        12.28097         1.000000         0.000000    
 hkr33c10        59.47512         1.000000         0.000000    
 hkr33c11        4.169033         1.000000         0.000000    
 hkr33c12        59.47512         1.000000         0.000000    
 hkr33c13        2.670665         1.000000         0.000000    
 hkr33c14        2.271524         1.000000         0.000000    
 hkr33c15        4.699467         1.000000         0.000000    
 hkr33c16        24.00636         1.000000         0.000000    
 hkr33c17        2.814289         1.000000         0.000000    
 hkr33c18        3.176621         1.000000         0.000000    
 hkr33c19        24.28540         1.000000         0.000000    
 hkr34c03       0.5947512         1.000000         0.000000    
 hkr34c04        1.968270         1.000000         0.000000    
 hkr34c05        1.591476         1.000000         0.000000    
 hkr34c06        1.882993         1.000000         0.000000    
 hkr34c07        8.166139         1.000000         0.000000    
 hkr34c08        6.213664         1.000000         0.000000    
 hkr34c09        3.525642         1.000000         0.000000    
 hkr34c10        1.616561         1.000000         0.000000    
 hkr34c11        8.641631         1.000000         0.000000    
 hkr34c12        3.218837         1.000000         0.000000    
 hkr34c13        18.45158         1.000000         0.000000    
 hkr34c14        15.14339         1.000000         0.000000    
 hkr34c15        22.89552         1.000000         0.000000    
 hkr34c16        1.691347         1.000000         0.000000    
 hkr34c17        7.368132         1.000000         0.000000    
 hkr34c18       0.7344692         1.000000         0.000000    
 hkr34c19        2.376584         1.000000         0.000000    
 hkr35c04        25.01058         1.000000         0.000000    
 hkr35c05        11.86478         1.000000         0.000000    
 hkr35c06        8.109208         1.000000         0.000000    
 hkr35c07        3.835366         1.000000         0.000000    
 hkr35c08        12.91502         1.000000         0.000000    
 hkr35c09        6.790996         1.000000         0.000000    
 hkr35c10        2.736963         1.000000         0.000000    
 hkr35c11        8.286794         1.000000         0.000000    
 hkr35c12        17.61240         1.000000         0.000000    
 hkr35c13        13.86558         1.000000         0.000000    
 hkr35c14        1.904684         1.000000         0.000000    
 hkr35c15        9.227794         1.000000         0.000000    
 hkr35c16        2.713353         1.000000         0.000000    
 hkr35c17        8.280377         1.000000         0.000000    
 hkr35c18        5.283180         1.000000         0.000000    
 hkr36c04        38.27930         1.000000         0.000000    
 hkr36c05        41.53720         1.000000         0.000000    
 hkr36c06        3.173757         1.000000         0.000000    
 hkr36c07        1.241399         1.000000         0.000000    
 hkr36c08       0.5947512         1.000000         0.000000    
 hkr36c09        6.347373         1.000000         0.000000    
 hkr36c10        5.001325         1.000000         0.000000    
 hkr36c11        1.631066         1.000000         0.000000    
 hkr36c12        1.115315         1.000000         0.000000    
 hkr36c13        19.90911         1.000000         0.000000    
 hkr36c14        9.472842         1.000000         0.000000    
 hkr36c15        4.252955         1.000000         0.000000    
 hkr36c16        1.648312         1.000000         0.000000    
 hkr36c17        6.474478         1.000000         0.000000    
 hkr36c18        25.47507         1.000000         0.000000    
 hkr37c05        9.028568         1.000000         0.000000    
 hkr37c06        6.226755         1.000000         0.000000    
 hkr37c07        5.635082         1.000000         0.000000    
 hkr37c08        3.082620         1.000000         0.000000    
 hkr37c09        7.031470         1.000000         0.000000    
 hkr37c10        14.81502         1.000000         0.000000    
 hkr37c11        8.118747         1.000000         0.000000    
 hkr37c12        1.651205         1.000000         0.000000    
 hkr37c13        3.972624         1.000000         0.000000    
 hkr37c14        3.824644         1.000000         0.000000    
 hkr37c15        4.011881         1.000000         0.000000    
 hkr37c16        23.80844         1.000000         0.000000    
 hkr37c17        2.190315         1.000000         0.000000    
 hkr38c05        52.16809         1.000000         0.000000    
 hkr38c06        1.725476         1.000000         0.000000    
 hkr38c07        6.593566         1.000000         0.000000    
 hkr38c08        8.289402         1.000000         0.000000    
 hkr38c09        1.000765         1.000000         0.000000    
 hkr38c10       0.5947512         1.000000         0.000000    
 hkr38c11        6.962412         1.000000         0.000000    
 hkr38c12        12.12500         1.000000         0.000000    
 hkr38c13        8.831949         1.000000         0.000000    
 hkr38c14        3.880391         1.000000         0.000000    
 hkr38c15        51.95058         1.000000         0.000000    
 hkr38c16        12.47384         1.000000         0.000000    
 hkr39c05        19.75845         1.000000         0.000000    
 hkr39c06        2.243693         1.000000         0.000000    
 hkr39c07        8.301189         1.000000         0.000000    
 hkr39c08        13.36509         1.000000         0.000000    
 hkr39c09        11.77589         1.000000         0.000000    
 hkr39c10        4.385053         1.000000         0.000000    
 hkr39c11        9.279671         1.000000         0.000000    
 hkr39c12        1.053887         1.000000         0.000000    
 hkr39c13        15.04755         1.000000         0.000000    
 hkr39c14        5.423689         1.000000         0.000000    
