single point
 rch_1           1.100000         1.000000         0.000000    
 rch_2           1.155710         1.000000         0.000000    
 rcond00         490.4372         1.000000         0.000000    
 rcond01         3008.123         1.000000         0.000000    
 rcond02         490.4372         1.000000         0.000000    
 rcond03         4820.925         1.000000         0.000000    
 rcond04         11218.30         1.000000         0.000000    
 rcond05         12508.47         1.000000         0.000000    
 rcond06         18220.64         1.000000         0.000000    
 rcond07         490.4372         1.000000         0.000000    
 rcond08         490.4372         1.000000         0.000000    
 rcond09         4066.062         1.000000         0.000000    
 rcond10         12995.72         1.000000         0.000000    
 rcond11         16386.61         1.000000         0.000000    
 rcond12         6847.714         1.000000         0.000000    
 rcond13         12731.10         1.000000         0.000000    
 rcond14         490.4372         1.000000         0.000000    
 rcond15         490.4372         1.000000         0.000000    
 rcond16         490.4372         1.000000         0.000000    
 rcond17         2020.924         1.000000         0.000000    
 rcond18         26501.51         1.000000         0.000000    
 rcond19         5776.680         1.000000         0.000000    
 rcond20         4900.573         1.000000         0.000000    
 rcond21         490.4372         1.000000         0.000000    
 rcond22         490.4372         1.000000         0.000000    
 rcond23         14119.80         1.000000         0.000000    
 rcond24         9263.818         1.000000         0.000000    
 rcond25         490.4372         1.000000         0.000000    
 rcond26         3101.730         1.000000         0.000000    
 rcond27         11337.40         1.000000         0.000000    
 rcond28         490.4372         1.000000         0.000000    
 rcond29         17685.63         1.000000         0.000000    
 rcond30         490.4372         1.000000         0.000000    
 rcond31         8395.320         1.000000         0.000000    
 rcond32         12438.29         1.000000         0.000000    
 rcond33         5322.459         1.000000         0.000000    
 rcond34         490.4372         1.000000         0.000000    
 rcond35         9653.253         1.000000         0.000000    
 rcond36         7067.517         1.000000         0.000000    
 rcond37         490.4372         1.000000         0.000000    
 rcond38         15764.38         1.000000         0.000000    
 rcond39         490.4372         1.000000         0.000000    
 ss             1.0000000E-06     1.000000         0.000000    
 sy             2.1055500E-02     1.000000         0.000000    
 wf1_1           663.2525         1.000000         0.000000    
 wf2_1           389.6640         1.000000         0.000000    
 wf3_1           354.3414         1.000000         0.000000    
 wf4_1           78.88320         1.000000         0.000000    
 wf5_1           64.11827         1.000000         0.000000    
 wf6_1           375.6014         1.000000         0.000000    
 wf1_2           442.8000         1.000000         0.000000    
 wf2_2           270.9680         1.000000         0.000000    
 wf3_2           516.1380         1.000000         0.000000    
 wf4_2           62.24000         1.000000         0.000000    
 wf5_2           63.13770         1.000000         0.000000    
 wf6_2           441.6450         1.000000         0.000000    
 hkr00c00        14.83321         1.000000         0.000000    
 hkr00c01       0.5947512         1.000000         0.000000    
 hkr00c02       0.5947512         1.000000         0.000000    
 hkr00c03        17.23121         1.000000         0.000000    
 hkr00c04       0.5947512         1.000000         0.000000    
 hkr00c05        2.575262         1.000000         0.000000    
 hkr00c06        18.04296         1.000000         0.000000    
 hkr00c07        4.913288         1.000000         0.000000    
 hkr00c08       0.5947512         1.000000         0.000000    
 hkr00c09       0.5947512         1.000000         0.000000    
 hkr00c10       0.5947512         1.000000         0.000000    
 hkr00c11        27.20420         1.000000         0.000000    
 hkr00c12       0.5947512         1.000000         0.000000    
 hkr00c13        28.30675         1.000000         0.000000    
 hkr00c14        6.414551         1.000000         0.000000    
 hkr00c15       0.5947512         1.000000         0.000000    
 hkr00c16       0.5947512         1.000000         0.000000    
 hkr00c17        33.54454         1.000000         0.000000    
 hkr00c18        26.55432         1.000000         0.000000    
 hkr00c19       0.5947512         1.000000         0.000000    
 hkr01c00        10.19185         1.000000         0.000000    
 hkr01c01        19.47984         1.000000         0.000000    
 hkr01c02       0.5947512         1.000000         0.000000    
 hkr01c03       0.5947512         1.000000         0.000000    
 hkr01c04        1.524328         1.000000         0.000000    
 hkr01c05       0.5947512         1.000000         0.000000    
 hkr01c06       0.5947512         1.000000         0.000000    
 hkr01c07        12.37662         1.000000         0.000000    
 hkr01c08        19.34715         1.000000         0.000000    
 hkr01c09        7.513475         1.000000         0.000000    
 hkr01c10       0.5947512         1.000000         0.000000    
 hkr01c11       0.5947512         1.000000         0.000000    
 hkr01c12       0.5947512         1.000000         0.000000    
 hkr01c13       0.5947512         1.000000         0.000000    
 hkr01c14        10.01929         1.000000         0.000000    
 hkr01c15        4.190241         1.000000         0.000000    
 hkr01c16        16.66262         1.000000         0.000000    
 hkr01c17        9.752921         1.000000         0.000000    
 hkr01c18        4.698660         1.000000         0.000000    
 hkr01c19       0.5947512         1.000000         0.000000    
 hkr02c00       0.5947512         1.000000         0.000000    
 hkr02c01        11.78057         1.000000         0.000000    
 hkr02c02        4.578710         1.000000         0.000000    
 hkr02c03       0.5947512         1.000000         0.000000    
 hkr02c04        23.02424         1.000000         0.000000    
 hkr02c05       0.5947512         1.000000         0.000000    
 hkr02c06        14.91218         1.000000         0.000000    
 hkr02c07        5.956795         1.000000         0.000000    
 hkr02c08        56.87936         1.000000         0.000000    
 hkr02c09        9.434778         1.000000         0.000000    
 hkr02c10       0.5947512         1.000000         0.000000    
 hkr02c11       0.5947512         1.000000         0.000000    
 hkr02c12       0.5947512         1.000000         0.000000    
 hkr02c13       0.5947512         1.000000         0.000000    
 hkr02c14       0.5947512         1.000000         0.000000    
 hkr02c15        1.418116         1.000000         0.000000    
 hkr02c16        18.56643         1.000000         0.000000    
 hkr02c17        1.812175         1.000000         0.000000    
 hkr02c18        26.10454         1.000000         0.000000    
 hkr02c19        7.529712         1.000000         0.000000    
 hkr03c00       0.5947512         1.000000         0.000000    
 hkr03c01       0.5947512         1.000000         0.000000    
 hkr03c02        14.92835         1.000000         0.000000    
 hkr03c03        1.653953         1.000000         0.000000    
 hkr03c04       0.5947512         1.000000         0.000000    
 hkr03c05        3.269563         1.000000         0.000000    
 hkr03c06        10.20211         1.000000         0.000000    
 hkr03c07       0.6787273         1.000000         0.000000    
 hkr03c08        28.40348         1.000000         0.000000    
 hkr03c09        35.44906         1.000000         0.000000    
 hkr03c10        4.336970         1.000000         0.000000    
 hkr03c11       0.5947512         1.000000         0.000000    
 hkr03c12       0.5947512         1.000000         0.000000    
 hkr03c13       0.5947512         1.000000         0.000000    
 hkr03c14       0.5947512         1.000000         0.000000    
 hkr03c15        5.602947         1.000000         0.000000    
 hkr03c16       0.5947512         1.000000         0.000000    
 hkr03c17       0.5947512         1.000000         0.000000    
 hkr03c18        13.62455         1.000000         0.000000    
 hkr03c19        21.45761         1.000000         0.000000    
 hkr04c00       0.5947512         1.000000         0.000000    
 hkr04c01        1.889707         1.000000         0.000000    
 hkr04c02       0.5947512         1.000000         0.000000    
 hkr04c03        23.20376         1.000000         0.000000    
 hkr04c04        10.48658         1.000000         0.000000    
 hkr04c05        18.71587         1.000000         0.000000    
 hkr04c06       0.5947512         1.000000         0.000000    
 hkr04c07        16.13425         1.000000         0.000000    
 hkr04c08        17.33912         1.000000         0.000000    
 hkr04c09        25.78579         1.000000         0.000000    
 hkr04c10       0.5947512         1.000000         0.000000    
 hkr04c11       0.5947512         1.000000         0.000000    
 hkr04c12       0.5947512         1.000000         0.000000    
 hkr04c13        15.33007         1.000000         0.000000    
 hkr04c14       0.5947512         1.000000         0.000000    
 hkr04c15       0.5947512         1.000000         0.000000    
 hkr04c16       0.5947512         1.000000         0.000000    
 hkr04c17        15.13626         1.000000         0.000000    
 hkr04c18        26.74353         1.000000         0.000000    
 hkr04c19        3.291711         1.000000         0.000000    
 hkr05c00        35.77588         1.000000         0.000000    
 hkr05c01        4.368959         1.000000         0.000000    
 hkr05c02        34.97765         1.000000         0.000000    
 hkr05c03       0.5947512         1.000000         0.000000    
 hkr05c04       0.5947512         1.000000         0.000000    
 hkr05c05        21.27659         1.000000         0.000000    
 hkr05c06       0.5947512         1.000000         0.000000    
 hkr05c07       0.5947512         1.000000         0.000000    
 hkr05c08       0.5947512         1.000000         0.000000    
 hkr05c09       0.5947512         1.000000         0.000000    
 hkr05c10       0.5947512         1.000000         0.000000    
 hkr05c11       0.5947512         1.000000         0.000000    
 hkr05c12       0.5947512         1.000000         0.000000    
 hkr05c13       0.5947512         1.000000         0.000000    
 hkr05c14        28.03133         1.000000         0.000000    
 hkr05c15       0.5947512         1.000000         0.000000    
 hkr05c16        13.49606         1.000000         0.000000    
 hkr05c17        18.16878         1.000000         0.000000    
 hkr05c18        27.92334         1.000000         0.000000    
 hkr05c19        34.13626         1.000000         0.000000    
 hkr06c00        43.73245         1.000000         0.000000    
 hkr06c01       0.5947512         1.000000         0.000000    
 hkr06c02        11.43128         1.000000         0.000000    
 hkr06c03        15.77686         1.000000         0.000000    
 hkr06c04        24.64624         1.000000         0.000000    
 hkr06c05        30.28560         1.000000         0.000000    
 hkr06c06       0.5947512         1.000000         0.000000    
 hkr06c07       0.5947512         1.000000         0.000000    
 hkr06c08       0.5947512         1.000000         0.000000    
 hkr06c09       0.5947512         1.000000         0.000000    
 hkr06c10       0.5947512         1.000000         0.000000    
 hkr06c11       0.5947512         1.000000         0.000000    
 hkr06c12       0.5947512         1.000000         0.000000    
 hkr06c13       0.5947512         1.000000         0.000000    
 hkr06c14        4.038050         1.000000         0.000000    
 hkr06c15       0.5947512         1.000000         0.000000    
 hkr06c16       0.5947512         1.000000         0.000000    
 hkr06c17        17.31635         1.000000         0.000000    
 hkr06c18       0.5947512         1.000000         0.000000    
 hkr06c19        38.73986         1.000000         0.000000    
 hkr07c00       0.5947512         1.000000         0.000000    
 hkr07c01       0.6855824         1.000000         0.000000    
 hkr07c02       0.5947512         1.000000         0.000000    
 hkr07c03        21.08111         1.000000         0.000000    
 hkr07c04        12.88363         1.000000         0.000000    
 hkr07c05       0.5947512         1.000000         0.000000    
 hkr07c06        3.286995         1.000000         0.000000    
 hkr07c07       0.5947512         1.000000         0.000000    
 hkr07c08       0.5947512         1.000000         0.000000    
 hkr07c09       0.5947512         1.000000         0.000000    
 hkr07c10        21.88934         1.000000         0.000000    
 hkr07c11        3.681197         1.000000         0.000000    
 hkr07c12        10.97064         1.000000         0.000000    
 hkr07c13       0.5947512         1.000000         0.000000    
 hkr07c14        41.39903         1.000000         0.000000    
 hkr07c15        19.55189         1.000000         0.000000    
 hkr07c16       0.5947512         1.000000         0.000000    
 hkr07c17        3.508403         1.000000         0.000000    
 hkr07c18        10.99688         1.000000         0.000000    
 hkr07c19        11.76515         1.000000         0.000000    
 hkr08c00        23.22387         1.000000         0.000000    
 hkr08c01        6.012574         1.000000         0.000000    
 hkr08c02        42.08406         1.000000         0.000000    
 hkr08c03       0.9667052         1.000000         0.000000    
 hkr08c07       0.5947512         1.000000         0.000000    
 hkr08c08       0.5947512         1.000000         0.000000    
 hkr08c09       0.5947512         1.000000         0.000000    
 hkr08c10        11.21679         1.000000         0.000000    
 hkr08c11        3.758713         1.000000         0.000000    
 hkr08c12       0.5947512         1.000000         0.000000    
 hkr08c13        14.70692         1.000000         0.000000    
 hkr08c14        11.11716         1.000000         0.000000    
 hkr08c15        1.329764         1.000000         0.000000    
 hkr08c16       0.5947512         1.000000         0.000000    
 hkr08c17       0.5947512         1.000000         0.000000    
 hkr08c18        31.89369         1.000000         0.000000    
 hkr08c19       0.5947512         1.000000         0.000000    
 hkr09c00        8.845750         1.000000         0.000000    
 hkr09c01       0.5947512         1.000000         0.000000    
 hkr09c02        4.061850         1.000000         0.000000    
 hkr09c03        2.447950         1.000000         0.000000    
 hkr09c08       0.5947512         1.000000         0.000000    
 hkr09c09       0.5947512         1.000000         0.000000    
 hkr09c10        5.422560         1.000000         0.000000    
 hkr09c11       0.5947512         1.000000         0.000000    
 hkr09c12       0.5947512         1.000000         0.000000    
 hkr09c13       0.5947512         1.000000         0.000000    
 hkr09c14       0.5947512         1.000000         0.000000    
 hkr09c15       0.5947512         1.000000         0.000000    
 hkr09c16        9.119910         1.000000         0.000000    
 hkr09c17        22.31635         1.000000         0.000000    
 hkr09c18        4.688409         1.000000         0.000000    
 hkr09c19       0.5947512         1.000000         0.000000    
 hkr10c00        20.60489         1.000000         0.000000    
 hkr10c01        8.644782         1.000000         0.000000    
 hkr10c02        6.630335         1.000000         0.000000    
 hkr10c03        12.72971         1.000000         0.000000    
 hkr10c08       0.5947512         1.000000         0.000000    
 hkr10c09       0.5947512         1.000000         0.000000    
 hkr10c10        3.639487         1.000000         0.000000    
 hkr10c11        30.01027         1.000000         0.000000    
 hkr10c12        16.87704         1.000000         0.000000    
 hkr10c13       0.5947512         1.000000         0.000000    
 hkr10c14       0.5947512         1.000000         0.000000    
 hkr10c15        26.23551         1.000000         0.000000    
 hkr10c16        3.062297         1.000000         0.000000    
 hkr10c17        8.847222         1.000000         0.000000    
 hkr10c18       0.5947512         1.000000         0.000000    
 hkr10c19        6.436876         1.000000         0.000000    
 hkr11c00        12.21642         1.000000         0.000000    
 hkr11c01        52.25175         1.000000         0.000000    
 hkr11c02       0.5947512         1.000000         0.000000    
 hkr11c03       0.5947512         1.000000         0.000000    
 hkr11c08        1.517593         1.000000         0.000000    
 hkr11c09        11.71140         1.000000         0.000000    
 hkr11c10       0.5947512         1.000000         0.000000    
 hkr11c11        13.88496         1.000000         0.000000    
 hkr11c12        19.37691         1.000000         0.000000    
 hkr11c13        32.31892         1.000000         0.000000    
 hkr11c14        1.473520         1.000000         0.000000    
 hkr11c15        22.41983         1.000000         0.000000    
 hkr11c16        37.77818         1.000000         0.000000    
 hkr11c17       0.5947512         1.000000         0.000000    
 hkr11c18       0.5947512         1.000000         0.000000    
 hkr11c19       0.5947512         1.000000         0.000000    
 hkr12c00       0.5947512         1.000000         0.000000    
 hkr12c01        6.778444         1.000000         0.000000    
 hkr12c02        22.96013         1.000000         0.000000    
 hkr12c03        9.738264         1.000000         0.000000    
 hkr12c08       0.5947512         1.000000         0.000000    
 hkr12c09       0.5947512         1.000000         0.000000    
 hkr12c10        11.19169         1.000000         0.000000    
 hkr12c11       0.5947512         1.000000         0.000000    
 hkr12c12        11.52222         1.000000         0.000000    
 hkr12c13        15.88278         1.000000         0.000000    
 hkr12c14        11.28921         1.000000         0.000000    
 hkr12c15       0.5947512         1.000000         0.000000    
 hkr12c16        18.43391         1.000000         0.000000    
 hkr12c17       0.5947512         1.000000         0.000000    
 hkr12c18        23.06267         1.000000         0.000000    
 hkr12c19       0.5947512         1.000000         0.000000    
 hkr13c00        6.632839         1.000000         0.000000    
 hkr13c01        8.734102         1.000000         0.000000    
 hkr13c02       0.5947512         1.000000         0.000000    
 hkr13c03       0.5947512         1.000000         0.000000    
 hkr13c08        24.00967         1.000000         0.000000    
 hkr13c09        15.32189         1.000000         0.000000    
 hkr13c10        17.17228         1.000000         0.000000    
 hkr13c11        12.89724         1.000000         0.000000    
 hkr13c12       0.5947512         1.000000         0.000000    
 hkr13c13        9.101100         1.000000         0.000000    
 hkr13c14       0.5947512         1.000000         0.000000    
 hkr13c15        2.883474         1.000000         0.000000    
 hkr13c16       0.5947512         1.000000         0.000000    
 hkr13c17       0.5947512         1.000000         0.000000    
 hkr13c18        16.24143         1.000000         0.000000    
 hkr13c19        29.86362         1.000000         0.000000    
 hkr14c00        6.322343         1.000000         0.000000    
 hkr14c01        13.11170         1.000000         0.000000    
 hkr14c02        4.953209         1.000000         0.000000    
 hkr14c03        11.73532         1.000000         0.000000    
 hkr14c08       0.5947512         1.000000         0.000000    
 hkr14c09        23.21671         1.000000         0.000000    
 hkr14c10       0.5947512         1.000000         0.000000    
 hkr14c11        3.628191         1.000000         0.000000    
 hkr14c12        14.91080         1.000000         0.000000    
 hkr14c13        24.42336         1.000000         0.000000    
 hkr14c14        15.60003         1.000000         0.000000    
 hkr14c15        20.75097         1.000000         0.000000    
 hkr14c16       0.5947512         1.000000         0.000000    
 hkr14c17        28.10101         1.000000         0.000000    
 hkr14c18       0.5947512         1.000000         0.000000    
 hkr14c19       0.5947512         1.000000         0.000000    
 hkr15c00       0.5947512         1.000000         0.000000    
 hkr15c01        3.687148         1.000000         0.000000    
 hkr15c02        18.84342         1.000000         0.000000    
 hkr15c03        32.82193         1.000000         0.000000    
 hkr15c08        12.20963         1.000000         0.000000    
 hkr15c09        15.00829         1.000000         0.000000    
 hkr15c10        7.921126         1.000000         0.000000    
 hkr15c11        15.01614         1.000000         0.000000    
 hkr15c12        23.77341         1.000000         0.000000    
 hkr15c13        11.49941         1.000000         0.000000    
 hkr15c14        16.84607         1.000000         0.000000    
 hkr15c15        6.024059         1.000000         0.000000    
 hkr15c16        13.73700         1.000000         0.000000    
 hkr15c17        12.77190         1.000000         0.000000    
 hkr15c18       0.5947512         1.000000         0.000000    
 hkr15c19       0.5947512         1.000000         0.000000    
 hkr16c00        5.853855         1.000000         0.000000    
 hkr16c01        38.78561         1.000000         0.000000    
 hkr16c02       0.5947512         1.000000         0.000000    
 hkr16c03        21.26965         1.000000         0.000000    
 hkr16c08       0.5947512         1.000000         0.000000    
 hkr16c09        18.93088         1.000000         0.000000    
 hkr16c10       0.5947512         1.000000         0.000000    
 hkr16c11        2.391575         1.000000         0.000000    
 hkr16c12        15.66039         1.000000         0.000000    
 hkr16c13       0.5947512         1.000000         0.000000    
 hkr16c14        8.440106         1.000000         0.000000    
 hkr16c15       0.7524590         1.000000         0.000000    
 hkr16c16        2.277507         1.000000         0.000000    
 hkr16c17        3.680410         1.000000         0.000000    
 hkr16c18        15.35352         1.000000         0.000000    
 hkr16c19       0.5947512         1.000000         0.000000    
 hkr17c00       0.5947512         1.000000         0.000000    
 hkr17c01        20.11194         1.000000         0.000000    
 hkr17c02        1.470814         1.000000         0.000000    
 hkr17c03       0.5947512         1.000000         0.000000    
 hkr17c08       0.5947512         1.000000         0.000000    
 hkr17c09        3.862074         1.000000         0.000000    
 hkr17c10       0.5947512         1.000000         0.000000    
 hkr17c11        10.31513         1.000000         0.000000    
 hkr17c12       0.5947512         1.000000         0.000000    
 hkr17c13        27.41879         1.000000         0.000000    
 hkr17c14       0.5947512         1.000000         0.000000    
 hkr17c15       0.5947512         1.000000         0.000000    
 hkr17c16        9.658146         1.000000         0.000000    
 hkr17c17        16.85800         1.000000         0.000000    
 hkr17c18        16.17308         1.000000         0.000000    
 hkr17c19       0.5947512         1.000000         0.000000    
 hkr18c00       0.5947512         1.000000         0.000000    
 hkr18c01        27.74546         1.000000         0.000000    
 hkr18c02        9.683319         1.000000         0.000000    
 hkr18c03        22.43003         1.000000         0.000000    
 hkr18c08       0.5947512         1.000000         0.000000    
 hkr18c09        23.10879         1.000000         0.000000    
 hkr18c10        17.97617         1.000000         0.000000    
 hkr18c11       0.5947512         1.000000         0.000000    
 hkr18c12        17.73065         1.000000         0.000000    
 hkr18c13        21.11066         1.000000         0.000000    
 hkr18c14       0.5947512         1.000000         0.000000    
 hkr18c15       0.5947512         1.000000         0.000000    
 hkr18c16       0.5947512         1.000000         0.000000    
 hkr18c17       0.5947512         1.000000         0.000000    
 hkr18c18        6.150138         1.000000         0.000000    
 hkr18c19       0.5947512         1.000000         0.000000    
 hkr19c00       0.5947512         1.000000         0.000000    
 hkr19c01        12.60028         1.000000         0.000000    
 hkr19c02       0.7018205         1.000000         0.000000    
 hkr19c03        4.051829         1.000000         0.000000    
 hkr19c08       0.5947512         1.000000         0.000000    
 hkr19c09        9.784942         1.000000         0.000000    
 hkr19c10       0.5947512         1.000000         0.000000    
 hkr19c11        42.08875         1.000000         0.000000    
 hkr19c12        45.49776         1.000000         0.000000    
 hkr19c13        13.37931         1.000000         0.000000    
 hkr19c14       0.5947512         1.000000         0.000000    
 hkr19c15       0.7224235         1.000000         0.000000    
 hkr19c16        18.32036         1.000000         0.000000    
 hkr19c17        9.435264         1.000000         0.000000    
 hkr19c18        22.09304         1.000000         0.000000    
 hkr19c19        16.59545         1.000000         0.000000    
 hkr20c00        4.742332         1.000000         0.000000    
 hkr20c01        10.56896         1.000000         0.000000    
 hkr20c02        5.073077         1.000000         0.000000    
 hkr20c03        15.95593         1.000000         0.000000    
 hkr20c08       0.8211266         1.000000         0.000000    
 hkr20c09        28.93405         1.000000         0.000000    
 hkr20c10        26.94574         1.000000         0.000000    
 hkr20c11       0.5947512         1.000000         0.000000    
 hkr20c12        19.37263         1.000000         0.000000    
 hkr20c13        16.53325         1.000000         0.000000    
 hkr20c14        34.23438         1.000000         0.000000    
 hkr20c15       0.5947512         1.000000         0.000000    
 hkr20c16       0.5947512         1.000000         0.000000    
 hkr20c17        12.86742         1.000000         0.000000    
 hkr20c18        9.809692         1.000000         0.000000    
 hkr20c19        16.93554         1.000000         0.000000    
 hkr21c00       0.5947512         1.000000         0.000000    
 hkr21c01       0.5947512         1.000000         0.000000    
 hkr21c02       0.5947512         1.000000         0.000000    
 hkr21c03       0.5947512         1.000000         0.000000    
 hkr21c06        12.20222         1.000000         0.000000    
 hkr21c07        12.03550         1.000000         0.000000    
 hkr21c08       0.5947512         1.000000         0.000000    
 hkr21c09       0.5947512         1.000000         0.000000    
 hkr21c10        15.66312         1.000000         0.000000    
 hkr21c11        17.10963         1.000000         0.000000    
 hkr21c12        6.968193         1.000000         0.000000    
 hkr21c13        15.20340         1.000000         0.000000    
 hkr21c14        15.97331         1.000000         0.000000    
 hkr21c15       0.5947512         1.000000         0.000000    
 hkr21c16        16.92977         1.000000         0.000000    
 hkr21c17        7.902608         1.000000         0.000000    
 hkr21c18       0.5947512         1.000000         0.000000    
 hkr21c19       0.5947512         1.000000         0.000000    
 hkr22c00        14.37338         1.000000         0.000000    
 hkr22c01       0.5947512         1.000000         0.000000    
 hkr22c02        12.46634         1.000000         0.000000    
 hkr22c03       0.5947512         1.000000         0.000000    
 hkr22c04        1.329736         1.000000         0.000000    
 hkr22c06       0.5947512         1.000000         0.000000    
 hkr22c07       0.5947512         1.000000         0.000000    
 hkr22c08       0.5947512         1.000000         0.000000    
 hkr22c09       0.5947512         1.000000         0.000000    
 hkr22c10       0.5947512         1.000000         0.000000    
 hkr22c11       0.5947512         1.000000         0.000000    
 hkr22c12        49.38576         1.000000         0.000000    
 hkr22c13        32.61621         1.000000         0.000000    
 hkr22c14        24.55327         1.000000         0.000000    
 hkr22c15        28.19848         1.000000         0.000000    
 hkr22c16        15.51530         1.000000         0.000000    
 hkr22c17       0.5947512         1.000000         0.000000    
 hkr22c18       0.5947512         1.000000         0.000000    
 hkr22c19        23.69967         1.000000         0.000000    
 hkr23c00       0.5947512         1.000000         0.000000    
 hkr23c01       0.5947512         1.000000         0.000000    
 hkr23c02        12.85789         1.000000         0.000000    
 hkr23c03        40.82194         1.000000         0.000000    
 hkr23c04       0.5947512         1.000000         0.000000    
 hkr23c05       0.5947512         1.000000         0.000000    
 hkr23c06       0.5947512         1.000000         0.000000    
 hkr23c07        30.84945         1.000000         0.000000    
 hkr23c08       0.5947512         1.000000         0.000000    
 hkr23c09        13.77792         1.000000         0.000000    
 hkr23c10       0.9823631         1.000000         0.000000    
 hkr23c11        8.748335         1.000000         0.000000    
 hkr23c12        15.70771         1.000000         0.000000    
 hkr23c13        9.421154         1.000000         0.000000    
 hkr23c14        19.98711         1.000000         0.000000    
 hkr23c15       0.5947512         1.000000         0.000000    
 hkr23c16        12.92983         1.000000         0.000000    
 hkr23c17        42.87087         1.000000         0.000000    
 hkr23c18       0.5947512         1.000000         0.000000    
 hkr23c19        19.83389         1.000000         0.000000    
 hkr24c00        6.032279         1.000000         0.000000    
 hkr24c01        16.49706         1.000000         0.000000    
 hkr24c02       0.5947512         1.000000         0.000000    
 hkr24c03        20.71348         1.000000         0.000000    
 hkr24c04       0.5947512         1.000000         0.000000    
 hkr24c05       0.5947512         1.000000         0.000000    
 hkr24c06        19.06281         1.000000         0.000000    
 hkr24c07        16.93873         1.000000         0.000000    
 hkr24c08        19.83540         1.000000         0.000000    
 hkr24c09        18.25286         1.000000         0.000000    
 hkr24c10        24.37743         1.000000         0.000000    
 hkr24c11        17.66475         1.000000         0.000000    
 hkr24c12        8.931668         1.000000         0.000000    
 hkr24c13        48.10334         1.000000         0.000000    
 hkr24c14        32.51632         1.000000         0.000000    
 hkr24c15        21.98813         1.000000         0.000000    
 hkr24c16       0.5947512         1.000000         0.000000    
 hkr24c17       0.5947512         1.000000         0.000000    
 hkr24c18        1.933018         1.000000         0.000000    
 hkr24c19        5.209477         1.000000         0.000000    
 hkr25c00       0.5947512         1.000000         0.000000    
 hkr25c01        12.35772         1.000000         0.000000    
 hkr25c02        24.64958         1.000000         0.000000    
 hkr25c03        13.87692         1.000000         0.000000    
 hkr25c04        9.327546         1.000000         0.000000    
 hkr25c05        30.12301         1.000000         0.000000    
 hkr25c06        2.773314         1.000000         0.000000    
 hkr25c07       0.5947512         1.000000         0.000000    
 hkr25c08        11.36487         1.000000         0.000000    
 hkr25c09        11.72547         1.000000         0.000000    
 hkr25c10        9.510676         1.000000         0.000000    
 hkr25c11        34.78138         1.000000         0.000000    
 hkr25c12        29.27032         1.000000         0.000000    
 hkr25c13        25.06172         1.000000         0.000000    
 hkr25c14        22.16712         1.000000         0.000000    
 hkr25c15       0.5947512         1.000000         0.000000    
 hkr25c16        23.51292         1.000000         0.000000    
 hkr25c17        26.69369         1.000000         0.000000    
 hkr25c18       0.5947512         1.000000         0.000000    
 hkr25c19       0.5947512         1.000000         0.000000    
 hkr26c00       0.5947512         1.000000         0.000000    
 hkr26c01        12.79765         1.000000         0.000000    
 hkr26c02       0.5947512         1.000000         0.000000    
 hkr26c03       0.5947512         1.000000         0.000000    
 hkr26c04       0.5947512         1.000000         0.000000    
 hkr26c05       0.5947512         1.000000         0.000000    
 hkr26c06       0.5947512         1.000000         0.000000    
 hkr26c07       0.5947512         1.000000         0.000000    
 hkr26c08        6.334468         1.000000         0.000000    
 hkr26c09       0.5947512         1.000000         0.000000    
 hkr26c10        1.674172         1.000000         0.000000    
 hkr26c11       0.5947512         1.000000         0.000000    
 hkr26c12       0.5947512         1.000000         0.000000    
 hkr26c13       0.5947512         1.000000         0.000000    
 hkr26c14        11.08116         1.000000         0.000000    
 hkr26c15        5.367273         1.000000         0.000000    
 hkr26c16        17.56644         1.000000         0.000000    
 hkr26c17        10.17991         1.000000         0.000000    
 hkr26c18       0.5947512         1.000000         0.000000    
 hkr26c19        18.04314         1.000000         0.000000    
 hkr27c00        13.15809         1.000000         0.000000    
 hkr27c01        14.51999         1.000000         0.000000    
 hkr27c02       0.5947512         1.000000         0.000000    
 hkr27c03        24.31178         1.000000         0.000000    
 hkr27c04        4.096720         1.000000         0.000000    
 hkr27c05       0.5947512         1.000000         0.000000    
 hkr27c06        1.860442         1.000000         0.000000    
 hkr27c07       0.5947512         1.000000         0.000000    
 hkr27c08       0.5947512         1.000000         0.000000    
 hkr27c09        21.62605         1.000000         0.000000    
 hkr27c10        22.64603         1.000000         0.000000    
 hkr27c11        7.921587         1.000000         0.000000    
 hkr27c12        8.879464         1.000000         0.000000    
 hkr27c13        20.72512         1.000000         0.000000    
 hkr27c14        17.16144         1.000000         0.000000    
 hkr27c15       0.5947512         1.000000         0.000000    
 hkr27c16        6.130925         1.000000         0.000000    
 hkr27c17        17.43200         1.000000         0.000000    
 hkr27c18        17.35558         1.000000         0.000000    
 hkr27c19        5.814440         1.000000         0.000000    
 hkr28c00        41.42685         1.000000         0.000000    
 hkr28c01        4.739012         1.000000         0.000000    
 hkr28c02        15.43050         1.000000         0.000000    
 hkr28c03        4.698199         1.000000         0.000000    
 hkr28c04       0.5947512         1.000000         0.000000    
 hkr28c05       0.7499278         1.000000         0.000000    
 hkr28c06       0.5947512         1.000000         0.000000    
 hkr28c07       0.5947512         1.000000         0.000000    
 hkr28c08       0.5947512         1.000000         0.000000    
 hkr28c09       0.5947512         1.000000         0.000000    
 hkr28c10        33.24361         1.000000         0.000000    
 hkr28c11       0.5947512         1.000000         0.000000    
 hkr28c12        18.43898         1.000000         0.000000    
 hkr28c13        10.98125         1.000000         0.000000    
 hkr28c14        28.72344         1.000000         0.000000    
 hkr28c15       0.5947512         1.000000         0.000000    
 hkr28c16       0.5947512         1.000000         0.000000    
 hkr28c17       0.5947512         1.000000         0.000000    
 hkr28c18       0.5947512         1.000000         0.000000    
 hkr28c19       0.5947512         1.000000         0.000000    
 hkr29c00       0.5947512         1.000000         0.000000    
 hkr29c01        7.604543         1.000000         0.000000    
 hkr29c02       0.5947512         1.000000         0.000000    
 hkr29c03       0.5947512         1.000000         0.000000    
 hkr29c04        19.26018         1.000000         0.000000    
 hkr29c05       0.5947512         1.000000         0.000000    
 hkr29c06        17.93427         1.000000         0.000000    
 hkr29c07        31.66541         1.000000         0.000000    
 hkr29c08        30.90543         1.000000         0.000000    
 hkr29c09       0.5947512         1.000000         0.000000    
 hkr29c10        5.006744         1.000000         0.000000    
 hkr29c11        6.639105         1.000000         0.000000    
 hkr29c12       0.5947512         1.000000         0.000000    
 hkr29c13        4.704016         1.000000         0.000000    
 hkr29c14        1.334780         1.000000         0.000000    
 hkr29c15        6.712479         1.000000         0.000000    
 hkr29c16        2.087974         1.000000         0.000000    
 hkr29c17       0.5947512         1.000000         0.000000    
 hkr29c18       0.5947512         1.000000         0.000000    
 hkr29c19        24.46913         1.000000         0.000000    
 hkr30c00        3.514261         1.000000         0.000000    
 hkr30c01       0.5947512         1.000000         0.000000    
 hkr30c02       0.5947512         1.000000         0.000000    
 hkr30c03        19.11514         1.000000         0.000000    
 hkr30c04       0.5947512         1.000000         0.000000    
 hkr30c05       0.5947512         1.000000         0.000000    
 hkr30c06        14.51502         1.000000         0.000000    
 hkr30c07       0.5947512         1.000000         0.000000    
 hkr30c08       0.5947512         1.000000         0.000000    
 hkr30c09       0.5947512         1.000000         0.000000    
 hkr30c10        21.99842         1.000000         0.000000    
 hkr30c11       0.5947512         1.000000         0.000000    
 hkr30c12       0.5947512         1.000000         0.000000    
 hkr30c13       0.5947512         1.000000         0.000000    
 hkr30c14        4.791789         1.000000         0.000000    
 hkr30c15       0.5947512         1.000000         0.000000    
 hkr30c16        11.19353         1.000000         0.000000    
 hkr30c17        26.61123         1.000000         0.000000    
 hkr30c18       0.5947512         1.000000         0.000000    
 hkr30c19        3.050824         1.000000         0.000000    
 hkr31c00       0.5947512         1.000000         0.000000    
 hkr31c01        10.29534         1.000000         0.000000    
 hkr31c02        29.27475         1.000000         0.000000    
 hkr31c03       0.5947512         1.000000         0.000000    
 hkr31c04       0.5947512         1.000000         0.000000    
 hkr31c05       0.5947512         1.000000         0.000000    
 hkr31c06       0.5947512         1.000000         0.000000    
 hkr31c07        28.85095         1.000000         0.000000    
 hkr31c08       0.5947512         1.000000         0.000000    
 hkr31c09        21.81447         1.000000         0.000000    
 hkr31c10        30.72318         1.000000         0.000000    
 hkr31c11       0.5947512         1.000000         0.000000    
 hkr31c12       0.5947512         1.000000         0.000000    
 hkr31c13       0.5947512         1.000000         0.000000    
 hkr31c14        40.47256         1.000000         0.000000    
 hkr31c15        5.064096         1.000000         0.000000    
 hkr31c16       0.5947512         1.000000         0.000000    
 hkr31c17       0.5947512         1.000000         0.000000    
 hkr31c18        17.43969         1.000000         0.000000    
 hkr31c19       0.5947512         1.000000         0.000000    
 hkr32c01        1.168913         1.000000         0.000000    
 hkr32c02       0.5947512         1.000000         0.000000    
 hkr32c03        1.128690         1.000000         0.000000    
 hkr32c04        9.546171         1.000000         0.000000    
 hkr32c05        7.566931         1.000000         0.000000    
 hkr32c06       0.5947512         1.000000         0.000000    
 hkr32c07        17.68064         1.000000         0.000000    
 hkr32c08        19.98339         1.000000         0.000000    
 hkr32c09        10.15330         1.000000         0.000000    
 hkr32c10       0.5947512         1.000000         0.000000    
 hkr32c11        15.97486         1.000000         0.000000    
 hkr32c12       0.5947512         1.000000         0.000000    
 hkr32c13        33.22583         1.000000         0.000000    
 hkr32c14        18.49639         1.000000         0.000000    
 hkr32c15        24.61127         1.000000         0.000000    
 hkr32c16        6.066192         1.000000         0.000000    
 hkr32c17       0.5947512         1.000000         0.000000    
 hkr32c18        8.189339         1.000000         0.000000    
 hkr32c19        33.07034         1.000000         0.000000    
 hkr33c02        4.187668         1.000000         0.000000    
 hkr33c03        14.35965         1.000000         0.000000    
 hkr33c04        13.57394         1.000000         0.000000    
 hkr33c05        10.79758         1.000000         0.000000    
 hkr33c06        11.86531         1.000000         0.000000    
 hkr33c07        4.557289         1.000000         0.000000    
 hkr33c08        14.36167         1.000000         0.000000    
 hkr33c09        44.09735         1.000000         0.000000    
 hkr33c10        14.46562         1.000000         0.000000    
 hkr33c11       0.5947512         1.000000         0.000000    
 hkr33c12        3.665168         1.000000         0.000000    
 hkr33c13        10.68216         1.000000         0.000000    
 hkr33c14        4.528357         1.000000         0.000000    
 hkr33c15       0.5947512         1.000000         0.000000    
 hkr33c16        6.084250         1.000000         0.000000    
 hkr33c17        9.025176         1.000000         0.000000    
 hkr33c18       0.5947512         1.000000         0.000000    
 hkr33c19       0.5947512         1.000000         0.000000    
 hkr34c03        2.609857         1.000000         0.000000    
 hkr34c04        8.596917         1.000000         0.000000    
 hkr34c05        17.59085         1.000000         0.000000    
 hkr34c06        3.917830         1.000000         0.000000    
 hkr34c07       0.5947512         1.000000         0.000000    
 hkr34c08        33.38931         1.000000         0.000000    
 hkr34c09       0.5947512         1.000000         0.000000    
 hkr34c10        17.94677         1.000000         0.000000    
 hkr34c11       0.5947512         1.000000         0.000000    
 hkr34c12       0.5947512         1.000000         0.000000    
 hkr34c13       0.5947512         1.000000         0.000000    
 hkr34c14        12.38021         1.000000         0.000000    
 hkr34c15        17.03817         1.000000         0.000000    
 hkr34c16       0.5947512         1.000000         0.000000    
 hkr34c17        11.94967         1.000000         0.000000    
 hkr34c18        11.36970         1.000000         0.000000    
 hkr34c19        3.149926         1.000000         0.000000    
 hkr35c04        19.86136         1.000000         0.000000    
 hkr35c05        18.41900         1.000000         0.000000    
 hkr35c06        10.60024         1.000000         0.000000    
 hkr35c07        15.58885         1.000000         0.000000    
 hkr35c08       0.5947512         1.000000         0.000000    
 hkr35c09        15.82123         1.000000         0.000000    
 hkr35c10       0.5947512         1.000000         0.000000    
 hkr35c11        19.88097         1.000000         0.000000    
 hkr35c12       0.8659837         1.000000         0.000000    
 hkr35c13        2.440648         1.000000         0.000000    
 hkr35c14        6.086503         1.000000         0.000000    
 hkr35c15       0.5947512         1.000000         0.000000    
 hkr35c16        26.66953         1.000000         0.000000    
 hkr35c17       0.5947512         1.000000         0.000000    
 hkr35c18        10.78624         1.000000         0.000000    
 hkr36c04        20.01143         1.000000         0.000000    
 hkr36c05        22.31300         1.000000         0.000000    
 hkr36c06        22.53899         1.000000         0.000000    
 hkr36c07        22.60430         1.000000         0.000000    
 hkr36c08        13.34845         1.000000         0.000000    
 hkr36c09        26.02624         1.000000         0.000000    
 hkr36c10        5.766376         1.000000         0.000000    
 hkr36c11       0.5947512         1.000000         0.000000    
 hkr36c12        8.933420         1.000000         0.000000    
 hkr36c13       0.5947512         1.000000         0.000000    
 hkr36c14       0.5947512         1.000000         0.000000    
 hkr36c15        4.014617         1.000000         0.000000    
 hkr36c16       0.5947512         1.000000         0.000000    
 hkr36c17       0.5947512         1.000000         0.000000    
 hkr36c18       0.5947512         1.000000         0.000000    
 hkr37c05       0.5947512         1.000000         0.000000    
 hkr37c06        23.57356         1.000000         0.000000    
 hkr37c07       0.5947512         1.000000         0.000000    
 hkr37c08        5.029652         1.000000         0.000000    
 hkr37c09       0.5947512         1.000000         0.000000    
 hkr37c10       0.5947512         1.000000         0.000000    
 hkr37c11        4.624487         1.000000         0.000000    
 hkr37c12        14.37848         1.000000         0.000000    
 hkr37c13        18.78451         1.000000         0.000000    
 hkr37c14        10.84304         1.000000         0.000000    
 hkr37c15        3.708181         1.000000         0.000000    
 hkr37c16       0.5947512         1.000000         0.000000    
 hkr37c17        14.94330         1.000000         0.000000    
 hkr38c05       0.5947512         1.000000         0.000000    
 hkr38c06        29.75672         1.000000         0.000000    
 hkr38c07       0.5947512         1.000000         0.000000    
 hkr38c08       0.5947512         1.000000         0.000000    
 hkr38c09       0.5947512         1.000000         0.000000    
 hkr38c10       0.5947512         1.000000         0.000000    
 hkr38c11       0.5947512         1.000000         0.000000    
 hkr38c12       0.5947512         1.000000         0.000000    
 hkr38c13        17.77232         1.000000         0.000000    
 hkr38c14        10.16470         1.000000         0.000000    
 hkr38c15        38.46223         1.000000         0.000000    
 hkr38c16        16.22613         1.000000         0.000000    
 hkr39c05       0.5947512         1.000000         0.000000    
 hkr39c06       0.5947512         1.000000         0.000000    
 hkr39c07       0.5947512         1.000000         0.000000    
 hkr39c08       0.5947512         1.000000         0.000000    
 hkr39c09        3.106245         1.000000         0.000000    
 hkr39c10        10.72530         1.000000         0.000000    
 hkr39c11        4.406425         1.000000         0.000000    
 hkr39c12        37.25952         1.000000         0.000000    
 hkr39c13       0.5947512         1.000000         0.000000    
 hkr39c14       0.5947512         1.000000         0.000000    
