single point
 rch_1           1.063933         1.000000         0.000000    
 rch_2           1.464470         1.000000         0.000000    
 rcond00         20876.43         1.000000         0.000000    
 rcond01         11591.41         1.000000         0.000000    
 rcond02         17529.81         1.000000         0.000000    
 rcond03         973.2425         1.000000         0.000000    
 rcond04         5138.132         1.000000         0.000000    
 rcond05         9965.900         1.000000         0.000000    
 rcond06         8335.410         1.000000         0.000000    
 rcond07         15093.67         1.000000         0.000000    
 rcond08         15615.39         1.000000         0.000000    
 rcond09         3258.182         1.000000         0.000000    
 rcond10         15581.34         1.000000         0.000000    
 rcond11         1714.708         1.000000         0.000000    
 rcond12         561.5253         1.000000         0.000000    
 rcond13         6532.341         1.000000         0.000000    
 rcond14         5897.124         1.000000         0.000000    
 rcond15         11408.96         1.000000         0.000000    
 rcond16         8050.544         1.000000         0.000000    
 rcond17         3252.711         1.000000         0.000000    
 rcond18         4435.766         1.000000         0.000000    
 rcond19         4715.140         1.000000         0.000000    
 rcond20         6739.433         1.000000         0.000000    
 rcond21         11988.04         1.000000         0.000000    
 rcond22         4021.623         1.000000         0.000000    
 rcond23         1582.751         1.000000         0.000000    
 rcond24         1027.828         1.000000         0.000000    
 rcond25         3326.873         1.000000         0.000000    
 rcond26         5464.180         1.000000         0.000000    
 rcond27         16288.32         1.000000         0.000000    
 rcond28         4236.419         1.000000         0.000000    
 rcond29         2063.855         1.000000         0.000000    
 rcond30         6593.552         1.000000         0.000000    
 rcond31         18326.57         1.000000         0.000000    
 rcond32         4830.240         1.000000         0.000000    
 rcond33         3102.024         1.000000         0.000000    
 rcond34         7852.617         1.000000         0.000000    
 rcond35         5364.942         1.000000         0.000000    
 rcond36         6566.040         1.000000         0.000000    
 rcond37         25289.35         1.000000         0.000000    
 rcond38         4260.919         1.000000         0.000000    
 rcond39         4820.173         1.000000         0.000000    
 ss             3.5910020E-06     1.000000         0.000000    
 sy             3.4649040E-02     1.000000         0.000000    
 wf1_1           712.4811        -1.000000         0.000000    
 wf2_1           332.0148        -1.000000         0.000000    
 wf3_1           370.6560        -1.000000         0.000000    
 wf4_1           78.88320        -1.000000         0.000000    
 wf5_1           62.74569        -1.000000         0.000000    
 wf6_1           408.6720        -1.000000         0.000000    
 wf1_2           981.0376        -1.000000         0.000000    
 wf2_2           392.8150        -1.000000         0.000000    
 wf3_2           316.5249        -1.000000         0.000000    
 wf4_2           76.29592        -1.000000         0.000000    
 wf5_2           57.94310        -1.000000         0.000000    
 wf6_2           355.6150        -1.000000         0.000000    
 hkr00c00        13.38436         1.000000         0.000000    
 hkr00c01        10.51191         1.000000         0.000000    
 hkr00c02        1.294007         1.000000         0.000000    
 hkr00c03        3.639577         1.000000         0.000000    
 hkr00c04        2.775497         1.000000         0.000000    
 hkr00c05        13.16677         1.000000         0.000000    
 hkr00c06        25.29631         1.000000         0.000000    
 hkr00c07        19.28207         1.000000         0.000000    
 hkr00c08        1.538041         1.000000         0.000000    
 hkr00c09        19.54926         1.000000         0.000000    
 hkr00c10        1.841816         1.000000         0.000000    
 hkr00c11        2.053774         1.000000         0.000000    
 hkr00c12        24.43047         1.000000         0.000000    
 hkr00c13        4.703263         1.000000         0.000000    
 hkr00c14        14.73536         1.000000         0.000000    
 hkr00c15        1.702412         1.000000         0.000000    
 hkr00c16        23.55896         1.000000         0.000000    
 hkr00c17        5.539162         1.000000         0.000000    
 hkr00c18        41.34640         1.000000         0.000000    
 hkr00c19        5.646128         1.000000         0.000000    
 hkr01c00        18.51118         1.000000         0.000000    
 hkr01c01        1.155985         1.000000         0.000000    
 hkr01c02        9.516607         1.000000         0.000000    
 hkr01c03        40.65976         1.000000         0.000000    
 hkr01c04        21.28049         1.000000         0.000000    
 hkr01c05        9.212783         1.000000         0.000000    
 hkr01c06        5.459895         1.000000         0.000000    
 hkr01c07        59.47512         1.000000         0.000000    
 hkr01c08        22.42142         1.000000         0.000000    
 hkr01c09        3.802806         1.000000         0.000000    
 hkr01c10        7.025480         1.000000         0.000000    
 hkr01c11        2.393464         1.000000         0.000000    
 hkr01c12        1.289662         1.000000         0.000000    
 hkr01c13        2.898055         1.000000         0.000000    
 hkr01c14       0.5947512         1.000000         0.000000    
 hkr01c15        2.918796         1.000000         0.000000    
 hkr01c16        2.878445         1.000000         0.000000    
 hkr01c17        26.71387         1.000000         0.000000    
 hkr01c18        25.21890         1.000000         0.000000    
 hkr01c19        17.37850         1.000000         0.000000    
 hkr02c00        3.152173         1.000000         0.000000    
 hkr02c01        7.528507         1.000000         0.000000    
 hkr02c02        9.064949         1.000000         0.000000    
 hkr02c03        5.368688         1.000000         0.000000    
 hkr02c04        5.345403         1.000000         0.000000    
 hkr02c05       0.9161926         1.000000         0.000000    
 hkr02c06        5.493696         1.000000         0.000000    
 hkr02c07        12.26694         1.000000         0.000000    
 hkr02c08        51.24273         1.000000         0.000000    
 hkr02c09        2.640996         1.000000         0.000000    
 hkr02c10        5.793610         1.000000         0.000000    
 hkr02c11        7.180034         1.000000         0.000000    
 hkr02c12        2.367049         1.000000         0.000000    
 hkr02c13        16.90498         1.000000         0.000000    
 hkr02c14        1.381428         1.000000         0.000000    
 hkr02c15        1.950561         1.000000         0.000000    
 hkr02c16        1.196520         1.000000         0.000000    
 hkr02c17        3.056764         1.000000         0.000000    
 hkr02c18        3.665446         1.000000         0.000000    
 hkr02c19        9.306140         1.000000         0.000000    
 hkr03c00        2.697603         1.000000         0.000000    
 hkr03c01        28.19579         1.000000         0.000000    
 hkr03c02        4.214636         1.000000         0.000000    
 hkr03c03        3.869903         1.000000         0.000000    
 hkr03c04        22.79524         1.000000         0.000000    
 hkr03c05        6.012666         1.000000         0.000000    
 hkr03c06        4.381308         1.000000         0.000000    
 hkr03c07        6.291611         1.000000         0.000000    
 hkr03c08        29.46136         1.000000         0.000000    
 hkr03c09       0.6354827         1.000000         0.000000    
 hkr03c10        5.210900         1.000000         0.000000    
 hkr03c11        33.89337         1.000000         0.000000    
 hkr03c12        25.40618         1.000000         0.000000    
 hkr03c13        53.01767         1.000000         0.000000    
 hkr03c14        8.848273         1.000000         0.000000    
 hkr03c15        26.10644         1.000000         0.000000    
 hkr03c16        4.265316         1.000000         0.000000    
 hkr03c17        39.15437         1.000000         0.000000    
 hkr03c18        1.277312         1.000000         0.000000    
 hkr03c19        16.93203         1.000000         0.000000    
 hkr04c00        13.59907         1.000000         0.000000    
 hkr04c01        49.89705         1.000000         0.000000    
 hkr04c02        2.988873         1.000000         0.000000    
 hkr04c03        4.447680         1.000000         0.000000    
 hkr04c04        8.543715         1.000000         0.000000    
 hkr04c05       0.7160524         1.000000         0.000000    
 hkr04c06        2.437917         1.000000         0.000000    
 hkr04c07        6.449208         1.000000         0.000000    
 hkr04c08        3.753192         1.000000         0.000000    
 hkr04c09        30.00577         1.000000         0.000000    
 hkr04c10        4.446141         1.000000         0.000000    
 hkr04c11        11.38314         1.000000         0.000000    
 hkr04c12        8.167967         1.000000         0.000000    
 hkr04c13        15.39595         1.000000         0.000000    
 hkr04c14        9.179608         1.000000         0.000000    
 hkr04c15        23.30330         1.000000         0.000000    
 hkr04c16        7.131669         1.000000         0.000000    
 hkr04c17        2.330496         1.000000         0.000000    
 hkr04c18        28.89538         1.000000         0.000000    
 hkr04c19        23.58974         1.000000         0.000000    
 hkr05c00        6.877961         1.000000         0.000000    
 hkr05c01        8.382472         1.000000         0.000000    
 hkr05c02        7.832915         1.000000         0.000000    
 hkr05c03        11.32840         1.000000         0.000000    
 hkr05c04        53.43348         1.000000         0.000000    
 hkr05c05        12.55762         1.000000         0.000000    
 hkr05c06        14.82311         1.000000         0.000000    
 hkr05c07        1.024451         1.000000         0.000000    
 hkr05c08        4.465480         1.000000         0.000000    
 hkr05c09        2.646230         1.000000         0.000000    
 hkr05c10        10.57290         1.000000         0.000000    
 hkr05c11        5.746402         1.000000         0.000000    
 hkr05c12        6.138760         1.000000         0.000000    
 hkr05c13        13.69743         1.000000         0.000000    
 hkr05c14        4.054173         1.000000         0.000000    
 hkr05c15        3.165294         1.000000         0.000000    
 hkr05c16        1.970887         1.000000         0.000000    
 hkr05c17        12.31701         1.000000         0.000000    
 hkr05c18        2.953219         1.000000         0.000000    
 hkr05c19        2.627967         1.000000         0.000000    
 hkr06c00        15.01011         1.000000         0.000000    
 hkr06c01        5.890408         1.000000         0.000000    
 hkr06c02        8.015111         1.000000         0.000000    
 hkr06c03        1.336702         1.000000         0.000000    
 hkr06c04        9.070612         1.000000         0.000000    
 hkr06c05        2.157969         1.000000         0.000000    
 hkr06c06        20.36510         1.000000         0.000000    
 hkr06c07       0.5947512         1.000000         0.000000    
 hkr06c08        30.06755         1.000000         0.000000    
 hkr06c09        15.47081         1.000000         0.000000    
 hkr06c10        20.64767         1.000000         0.000000    
 hkr06c11        1.069821         1.000000         0.000000    
 hkr06c12       0.8783299         1.000000         0.000000    
 hkr06c13        3.045142         1.000000         0.000000    
 hkr06c14        13.08730         1.000000         0.000000    
 hkr06c15        2.160978         1.000000         0.000000    
 hkr06c16        3.712454         1.000000         0.000000    
 hkr06c17        1.840909         1.000000         0.000000    
 hkr06c18        3.930575         1.000000         0.000000    
 hkr06c19        20.82327         1.000000         0.000000    
 hkr07c00        4.561549         1.000000         0.000000    
 hkr07c01        59.47512         1.000000         0.000000    
 hkr07c02        34.70707         1.000000         0.000000    
 hkr07c03        8.919841         1.000000         0.000000    
 hkr07c04        20.99300         1.000000         0.000000    
 hkr07c05        4.377076         1.000000         0.000000    
 hkr07c06        3.599074         1.000000         0.000000    
 hkr07c07        23.28495         1.000000         0.000000    
 hkr07c08        1.821711         1.000000         0.000000    
 hkr07c09        33.64956         1.000000         0.000000    
 hkr07c10        2.600826         1.000000         0.000000    
 hkr07c11        2.979610         1.000000         0.000000    
 hkr07c12        1.627746         1.000000         0.000000    
 hkr07c13        5.530914         1.000000         0.000000    
 hkr07c14        13.90447         1.000000         0.000000    
 hkr07c15        3.532522         1.000000         0.000000    
 hkr07c16        2.926424         1.000000         0.000000    
 hkr07c17        3.411187         1.000000         0.000000    
 hkr07c18        6.220350         1.000000         0.000000    
 hkr07c19        40.50384         1.000000         0.000000    
 hkr08c00        3.001632         1.000000         0.000000    
 hkr08c01        13.00078         1.000000         0.000000    
 hkr08c02        2.876194         1.000000         0.000000    
 hkr08c03        7.943106         1.000000         0.000000    
 hkr08c07        7.820670         1.000000         0.000000    
 hkr08c08        2.465246         1.000000         0.000000    
 hkr08c09        3.455960         1.000000         0.000000    
 hkr08c10        3.477724         1.000000         0.000000    
 hkr08c11        3.511953         1.000000         0.000000    
 hkr08c12        7.701236         1.000000         0.000000    
 hkr08c13        1.691722         1.000000         0.000000    
 hkr08c14        1.677119         1.000000         0.000000    
 hkr08c15       0.8641259         1.000000         0.000000    
 hkr08c16        11.41688         1.000000         0.000000    
 hkr08c17        7.669072         1.000000         0.000000    
 hkr08c18        43.56695         1.000000         0.000000    
 hkr08c19        9.492762         1.000000         0.000000    
 hkr09c00        31.12750         1.000000         0.000000    
 hkr09c01        25.33264         1.000000         0.000000    
 hkr09c02        5.193723         1.000000         0.000000    
 hkr09c03        3.570616         1.000000         0.000000    
 hkr09c08        13.95580         1.000000         0.000000    
 hkr09c09        8.962695         1.000000         0.000000    
 hkr09c10        7.062656         1.000000         0.000000    
 hkr09c11       0.8485048         1.000000         0.000000    
 hkr09c12        2.453675         1.000000         0.000000    
 hkr09c13        59.47512         1.000000         0.000000    
 hkr09c14        9.351160         1.000000         0.000000    
 hkr09c15        3.573885         1.000000         0.000000    
 hkr09c16        1.635437         1.000000         0.000000    
 hkr09c17        10.45851         1.000000         0.000000    
 hkr09c18        15.77761         1.000000         0.000000    
 hkr09c19        10.15885         1.000000         0.000000    
 hkr10c00        4.266209         1.000000         0.000000    
 hkr10c01        22.41809         1.000000         0.000000    
 hkr10c02        4.825469         1.000000         0.000000    
 hkr10c03        4.347942         1.000000         0.000000    
 hkr10c08        2.582936         1.000000         0.000000    
 hkr10c09        1.630967         1.000000         0.000000    
 hkr10c10        5.102719         1.000000         0.000000    
 hkr10c11        1.381363         1.000000         0.000000    
 hkr10c12        13.23425         1.000000         0.000000    
 hkr10c13        59.47512         1.000000         0.000000    
 hkr10c14        28.46774         1.000000         0.000000    
 hkr10c15        10.92970         1.000000         0.000000    
 hkr10c16        7.555666         1.000000         0.000000    
 hkr10c17        3.281538         1.000000         0.000000    
 hkr10c18        4.751844         1.000000         0.000000    
 hkr10c19        28.31476         1.000000         0.000000    
 hkr11c00        2.260906         1.000000         0.000000    
 hkr11c01        16.85994         1.000000         0.000000    
 hkr11c02        8.327596         1.000000         0.000000    
 hkr11c03        9.413315         1.000000         0.000000    
 hkr11c08       0.5947512         1.000000         0.000000    
 hkr11c09        7.799135         1.000000         0.000000    
 hkr11c10        5.746904         1.000000         0.000000    
 hkr11c11        2.390324         1.000000         0.000000    
 hkr11c12        2.743745         1.000000         0.000000    
 hkr11c13        4.225613         1.000000         0.000000    
 hkr11c14        24.16663         1.000000         0.000000    
 hkr11c15        32.00069         1.000000         0.000000    
 hkr11c16        3.332248         1.000000         0.000000    
 hkr11c17        4.609575         1.000000         0.000000    
 hkr11c18        10.67731         1.000000         0.000000    
 hkr11c19        1.311526         1.000000         0.000000    
 hkr12c00        1.208578         1.000000         0.000000    
 hkr12c01        3.393900         1.000000         0.000000    
 hkr12c02        6.626445         1.000000         0.000000    
 hkr12c03        1.450439         1.000000         0.000000    
 hkr12c08        1.861912         1.000000         0.000000    
 hkr12c09        2.459999         1.000000         0.000000    
 hkr12c10        1.772931         1.000000         0.000000    
 hkr12c11       0.6332825         1.000000         0.000000    
 hkr12c12        4.855470         1.000000         0.000000    
 hkr12c13        2.324382         1.000000         0.000000    
 hkr12c14        6.134538         1.000000         0.000000    
 hkr12c15       0.5947512         1.000000         0.000000    
 hkr12c16        7.664785         1.000000         0.000000    
 hkr12c17        4.394019         1.000000         0.000000    
 hkr12c18        4.710087         1.000000         0.000000    
 hkr12c19        4.452125         1.000000         0.000000    
 hkr13c00        10.18972         1.000000         0.000000    
 hkr13c01        8.136679         1.000000         0.000000    
 hkr13c02        2.216626         1.000000         0.000000    
 hkr13c03        4.965473         1.000000         0.000000    
 hkr13c08        1.640228         1.000000         0.000000    
 hkr13c09       0.9294667         1.000000         0.000000    
 hkr13c10        21.99987         1.000000         0.000000    
 hkr13c11        3.660232         1.000000         0.000000    
 hkr13c12        11.58798         1.000000         0.000000    
 hkr13c13        26.78809         1.000000         0.000000    
 hkr13c14        8.865255         1.000000         0.000000    
 hkr13c15        11.46874         1.000000         0.000000    
 hkr13c16        15.18085         1.000000         0.000000    
 hkr13c17        3.169100         1.000000         0.000000    
 hkr13c18        2.404834         1.000000         0.000000    
 hkr13c19        14.31380         1.000000         0.000000    
 hkr14c00       0.7963051         1.000000         0.000000    
 hkr14c01        8.395966         1.000000         0.000000    
 hkr14c02        21.51446         1.000000         0.000000    
 hkr14c03        8.760203         1.000000         0.000000    
 hkr14c08       0.5947512         1.000000         0.000000    
 hkr14c09       0.6112754         1.000000         0.000000    
 hkr14c10        1.839334         1.000000         0.000000    
 hkr14c11        4.487838         1.000000         0.000000    
 hkr14c12        8.597441         1.000000         0.000000    
 hkr14c13        2.411644         1.000000         0.000000    
 hkr14c14        3.416321         1.000000         0.000000    
 hkr14c15        18.36049         1.000000         0.000000    
 hkr14c16        6.771019         1.000000         0.000000    
 hkr14c17        2.127990         1.000000         0.000000    
 hkr14c18        6.830314         1.000000         0.000000    
 hkr14c19        7.458531         1.000000         0.000000    
 hkr15c00        4.623675         1.000000         0.000000    
 hkr15c01        11.32127         1.000000         0.000000    
 hkr15c02        9.631967         1.000000         0.000000    
 hkr15c03       0.6700118         1.000000         0.000000    
 hkr15c08        15.66180         1.000000         0.000000    
 hkr15c09        12.85972         1.000000         0.000000    
 hkr15c10        3.258844         1.000000         0.000000    
 hkr15c11        16.57687         1.000000         0.000000    
 hkr15c12        1.795540         1.000000         0.000000    
 hkr15c13        3.222437         1.000000         0.000000    
 hkr15c14        23.32363         1.000000         0.000000    
 hkr15c15        2.966122         1.000000         0.000000    
 hkr15c16        7.694661         1.000000         0.000000    
 hkr15c17        3.322760         1.000000         0.000000    
 hkr15c18        15.52831         1.000000         0.000000    
 hkr15c19        18.16408         1.000000         0.000000    
 hkr16c00        4.466926         1.000000         0.000000    
 hkr16c01        5.905887         1.000000         0.000000    
 hkr16c02        1.238786         1.000000         0.000000    
 hkr16c03        2.022326         1.000000         0.000000    
 hkr16c08        21.65836         1.000000         0.000000    
 hkr16c09        1.611730         1.000000         0.000000    
 hkr16c10        9.772798         1.000000         0.000000    
 hkr16c11        37.65868         1.000000         0.000000    
 hkr16c12        11.41345         1.000000         0.000000    
 hkr16c13        7.286648         1.000000         0.000000    
 hkr16c14        1.272526         1.000000         0.000000    
 hkr16c15        1.464418         1.000000         0.000000    
 hkr16c16        4.175408         1.000000         0.000000    
 hkr16c17        4.850693         1.000000         0.000000    
 hkr16c18        31.38013         1.000000         0.000000    
 hkr16c19        3.078984         1.000000         0.000000    
 hkr17c00        1.699929         1.000000         0.000000    
 hkr17c01        5.946800         1.000000         0.000000    
 hkr17c02        9.410392         1.000000         0.000000    
 hkr17c03        22.28954         1.000000         0.000000    
 hkr17c08        5.022375         1.000000         0.000000    
 hkr17c09       0.5947512         1.000000         0.000000    
 hkr17c10        56.66010         1.000000         0.000000    
 hkr17c11        7.269973         1.000000         0.000000    
 hkr17c12        8.400569         1.000000         0.000000    
 hkr17c13        4.324582         1.000000         0.000000    
 hkr17c14        37.87764         1.000000         0.000000    
 hkr17c15        59.47512         1.000000         0.000000    
 hkr17c16        15.22606         1.000000         0.000000    
 hkr17c17        3.084105         1.000000         0.000000    
 hkr17c18        3.606513         1.000000         0.000000    
 hkr17c19        26.44061         1.000000         0.000000    
 hkr18c00        11.51425         1.000000         0.000000    
 hkr18c01        13.29910         1.000000         0.000000    
 hkr18c02       0.5947512         1.000000         0.000000    
 hkr18c03        4.183184         1.000000         0.000000    
 hkr18c08        31.74172         1.000000         0.000000    
 hkr18c09       0.6639689         1.000000         0.000000    
 hkr18c10        2.407743         1.000000         0.000000    
 hkr18c11        10.58857         1.000000         0.000000    
 hkr18c12        13.42674         1.000000         0.000000    
 hkr18c13        7.472716         1.000000         0.000000    
 hkr18c14        1.757281         1.000000         0.000000    
 hkr18c15        2.176105         1.000000         0.000000    
 hkr18c16        11.60146         1.000000         0.000000    
 hkr18c17        18.20455         1.000000         0.000000    
 hkr18c18        16.59910         1.000000         0.000000    
 hkr18c19        2.198912         1.000000         0.000000    
 hkr19c00        8.698216         1.000000         0.000000    
 hkr19c01        28.75053         1.000000         0.000000    
 hkr19c02        5.872743         1.000000         0.000000    
 hkr19c03        14.16497         1.000000         0.000000    
 hkr19c08        1.739475         1.000000         0.000000    
 hkr19c09        10.58495         1.000000         0.000000    
 hkr19c10        2.101832         1.000000         0.000000    
 hkr19c11        3.151933         1.000000         0.000000    
 hkr19c12        16.44786         1.000000         0.000000    
 hkr19c13        12.11154         1.000000         0.000000    
 hkr19c14        13.36837         1.000000         0.000000    
 hkr19c15        10.48378         1.000000         0.000000    
 hkr19c16        1.176593         1.000000         0.000000    
 hkr19c17       0.9633173         1.000000         0.000000    
 hkr19c18        1.824637         1.000000         0.000000    
 hkr19c19        11.19397         1.000000         0.000000    
 hkr20c00        11.98664         1.000000         0.000000    
 hkr20c01        5.243550         1.000000         0.000000    
 hkr20c02        9.124278         1.000000         0.000000    
 hkr20c03        6.837683         1.000000         0.000000    
 hkr20c08        59.47512         1.000000         0.000000    
 hkr20c09        2.627585         1.000000         0.000000    
 hkr20c10        12.21031         1.000000         0.000000    
 hkr20c11        33.50097         1.000000         0.000000    
 hkr20c12        2.795666         1.000000         0.000000    
 hkr20c13        59.47512         1.000000         0.000000    
 hkr20c14        6.238980         1.000000         0.000000    
 hkr20c15        3.342312         1.000000         0.000000    
 hkr20c16        1.909662         1.000000         0.000000    
 hkr20c17        1.596597         1.000000         0.000000    
 hkr20c18        3.589629         1.000000         0.000000    
 hkr20c19        4.598837         1.000000         0.000000    
 hkr21c00        1.992617         1.000000         0.000000    
 hkr21c01        10.10030         1.000000         0.000000    
 hkr21c02        5.301598         1.000000         0.000000    
 hkr21c03        12.46471         1.000000         0.000000    
 hkr21c06        5.633644         1.000000         0.000000    
 hkr21c07        1.448898         1.000000         0.000000    
 hkr21c08        2.761341         1.000000         0.000000    
 hkr21c09        1.159489         1.000000         0.000000    
 hkr21c10        7.085048         1.000000         0.000000    
 hkr21c11        11.15332         1.000000         0.000000    
 hkr21c12       0.5947512         1.000000         0.000000    
 hkr21c13        2.581678         1.000000         0.000000    
 hkr21c14        20.30723         1.000000         0.000000    
 hkr21c15        32.93535         1.000000         0.000000    
 hkr21c16        4.236213         1.000000         0.000000    
 hkr21c17        2.295494         1.000000         0.000000    
 hkr21c18        1.031692         1.000000         0.000000    
 hkr21c19        3.303721         1.000000         0.000000    
 hkr22c00        18.52859         1.000000         0.000000    
 hkr22c01        5.296730         1.000000         0.000000    
 hkr22c02        2.133967         1.000000         0.000000    
 hkr22c03        11.50174         1.000000         0.000000    
 hkr22c04        23.98174         1.000000         0.000000    
 hkr22c06        1.294851         1.000000         0.000000    
 hkr22c07        19.29541         1.000000         0.000000    
 hkr22c08        59.47512         1.000000         0.000000    
 hkr22c09        3.485833         1.000000         0.000000    
 hkr22c10        9.353231         1.000000         0.000000    
 hkr22c11        3.143079         1.000000         0.000000    
 hkr22c12        3.697581         1.000000         0.000000    
 hkr22c13        2.521741         1.000000         0.000000    
 hkr22c14        3.651948         1.000000         0.000000    
 hkr22c15        16.13772         1.000000         0.000000    
 hkr22c16        30.50655         1.000000         0.000000    
 hkr22c17        1.165912         1.000000         0.000000    
 hkr22c18        7.940737         1.000000         0.000000    
 hkr22c19        4.479709         1.000000         0.000000    
 hkr23c00        4.602776         1.000000         0.000000    
 hkr23c01        2.072331         1.000000         0.000000    
 hkr23c02        3.951691         1.000000         0.000000    
 hkr23c03        59.47512         1.000000         0.000000    
 hkr23c04        3.039054         1.000000         0.000000    
 hkr23c05        2.099241         1.000000         0.000000    
 hkr23c06        4.061853         1.000000         0.000000    
 hkr23c07        4.588532         1.000000         0.000000    
 hkr23c08        6.455259         1.000000         0.000000    
 hkr23c09        6.711442         1.000000         0.000000    
 hkr23c10        1.671164         1.000000         0.000000    
 hkr23c11        7.509027         1.000000         0.000000    
 hkr23c12        10.57687         1.000000         0.000000    
 hkr23c13        26.29238         1.000000         0.000000    
 hkr23c14        2.436949         1.000000         0.000000    
 hkr23c15        12.11021         1.000000         0.000000    
 hkr23c16        5.572500         1.000000         0.000000    
 hkr23c17        2.910504         1.000000         0.000000    
 hkr23c18        7.228615         1.000000         0.000000    
 hkr23c19        18.47415         1.000000         0.000000    
 hkr24c00        3.122932         1.000000         0.000000    
 hkr24c01        6.211313         1.000000         0.000000    
 hkr24c02        1.137653         1.000000         0.000000    
 hkr24c03        8.952769         1.000000         0.000000    
 hkr24c04        1.297357         1.000000         0.000000    
 hkr24c05        20.74784         1.000000         0.000000    
 hkr24c06        4.701758         1.000000         0.000000    
 hkr24c07        1.249079         1.000000         0.000000    
 hkr24c08        23.56105         1.000000         0.000000    
 hkr24c09        1.705447         1.000000         0.000000    
 hkr24c10       0.5947512         1.000000         0.000000    
 hkr24c11        23.62776         1.000000         0.000000    
 hkr24c12        10.29785         1.000000         0.000000    
 hkr24c13        1.719376         1.000000         0.000000    
 hkr24c14        5.120240         1.000000         0.000000    
 hkr24c15        4.596008         1.000000         0.000000    
 hkr24c16        9.731699         1.000000         0.000000    
 hkr24c17        2.623396         1.000000         0.000000    
 hkr24c18        7.487500         1.000000         0.000000    
 hkr24c19        7.889177         1.000000         0.000000    
 hkr25c00        2.261829         1.000000         0.000000    
 hkr25c01        5.792674         1.000000         0.000000    
 hkr25c02        2.893669         1.000000         0.000000    
 hkr25c03        2.266957         1.000000         0.000000    
 hkr25c04        3.898084         1.000000         0.000000    
 hkr25c05        12.10867         1.000000         0.000000    
 hkr25c06        6.162161         1.000000         0.000000    
 hkr25c07        53.63344         1.000000         0.000000    
 hkr25c08        12.11504         1.000000         0.000000    
 hkr25c09        29.19452         1.000000         0.000000    
 hkr25c10        4.694939         1.000000         0.000000    
 hkr25c11        6.739906         1.000000         0.000000    
 hkr25c12        2.875974         1.000000         0.000000    
 hkr25c13        59.47512         1.000000         0.000000    
 hkr25c14        2.200647         1.000000         0.000000    
 hkr25c15        8.195015         1.000000         0.000000    
 hkr25c16        13.24792         1.000000         0.000000    
 hkr25c17        4.854011         1.000000         0.000000    
 hkr25c18        2.773516         1.000000         0.000000    
 hkr25c19        11.87335         1.000000         0.000000    
 hkr26c00        3.094944         1.000000         0.000000    
 hkr26c01        1.755003         1.000000         0.000000    
 hkr26c02        54.76389         1.000000         0.000000    
 hkr26c03        4.759169         1.000000         0.000000    
 hkr26c04        33.77901         1.000000         0.000000    
 hkr26c05        6.298688         1.000000         0.000000    
 hkr26c06        25.09772         1.000000         0.000000    
 hkr26c07        11.79210         1.000000         0.000000    
 hkr26c08        2.087087         1.000000         0.000000    
 hkr26c09        2.087239         1.000000         0.000000    
 hkr26c10        30.13439         1.000000         0.000000    
 hkr26c11        7.355777         1.000000         0.000000    
 hkr26c12        30.47514         1.000000         0.000000    
 hkr26c13       0.5947512         1.000000         0.000000    
 hkr26c14       0.9667563         1.000000         0.000000    
 hkr26c15        5.204262         1.000000         0.000000    
 hkr26c16        3.749628         1.000000         0.000000    
 hkr26c17       0.8602082         1.000000         0.000000    
 hkr26c18        18.90927         1.000000         0.000000    
 hkr26c19       0.5947512         1.000000         0.000000    
 hkr27c00        11.45128         1.000000         0.000000    
 hkr27c01        23.83519         1.000000         0.000000    
 hkr27c02        3.055186         1.000000         0.000000    
 hkr27c03        1.375873         1.000000         0.000000    
 hkr27c04        3.018298         1.000000         0.000000    
 hkr27c05        5.230264         1.000000         0.000000    
 hkr27c06        17.62029         1.000000         0.000000    
 hkr27c07        8.715293         1.000000         0.000000    
 hkr27c08        37.61836         1.000000         0.000000    
 hkr27c09       0.8448086         1.000000         0.000000    
 hkr27c10        1.133503         1.000000         0.000000    
 hkr27c11        3.007283         1.000000         0.000000    
 hkr27c12        2.449929         1.000000         0.000000    
 hkr27c13        2.850269         1.000000         0.000000    
 hkr27c14        1.018178         1.000000         0.000000    
 hkr27c15        6.278359         1.000000         0.000000    
 hkr27c16        7.590433         1.000000         0.000000    
 hkr27c17        1.142762         1.000000         0.000000    
 hkr27c18        3.705438         1.000000         0.000000    
 hkr27c19        1.834601         1.000000         0.000000    
 hkr28c00        10.81272         1.000000         0.000000    
 hkr28c01        11.26609         1.000000         0.000000    
 hkr28c02        25.80950         1.000000         0.000000    
 hkr28c03        2.496531         1.000000         0.000000    
 hkr28c04        1.065266         1.000000         0.000000    
 hkr28c05        1.315464         1.000000         0.000000    
 hkr28c06        22.09544         1.000000         0.000000    
 hkr28c07        25.81554         1.000000         0.000000    
 hkr28c08        11.68881         1.000000         0.000000    
 hkr28c09        1.929579         1.000000         0.000000    
 hkr28c10        8.854429         1.000000         0.000000    
 hkr28c11        7.685264         1.000000         0.000000    
 hkr28c12       0.6176194         1.000000         0.000000    
 hkr28c13        6.401802         1.000000         0.000000    
 hkr28c14        34.58139         1.000000         0.000000    
 hkr28c15        2.423436         1.000000         0.000000    
 hkr28c16        20.40389         1.000000         0.000000    
 hkr28c17        59.47512         1.000000         0.000000    
 hkr28c18        2.704660         1.000000         0.000000    
 hkr28c19        1.644194         1.000000         0.000000    
 hkr29c00        58.57041         1.000000         0.000000    
 hkr29c01        3.094131         1.000000         0.000000    
 hkr29c02        11.70181         1.000000         0.000000    
 hkr29c03        3.154275         1.000000         0.000000    
 hkr29c04       0.5962708         1.000000         0.000000    
 hkr29c05        1.509672         1.000000         0.000000    
 hkr29c06        18.73588         1.000000         0.000000    
 hkr29c07        3.921143         1.000000         0.000000    
 hkr29c08        11.86469         1.000000         0.000000    
 hkr29c09        3.786440         1.000000         0.000000    
 hkr29c10        1.312998         1.000000         0.000000    
 hkr29c11        11.82218         1.000000         0.000000    
 hkr29c12        1.299831         1.000000         0.000000    
 hkr29c13        8.876174         1.000000         0.000000    
 hkr29c14        36.97825         1.000000         0.000000    
 hkr29c15        17.87231         1.000000         0.000000    
 hkr29c16        5.067506         1.000000         0.000000    
 hkr29c17        7.284911         1.000000         0.000000    
 hkr29c18        59.47512         1.000000         0.000000    
 hkr29c19        10.05190         1.000000         0.000000    
 hkr30c00        20.95828         1.000000         0.000000    
 hkr30c01        5.368103         1.000000         0.000000    
 hkr30c02        2.105122         1.000000         0.000000    
 hkr30c03        2.112629         1.000000         0.000000    
 hkr30c04        2.806337         1.000000         0.000000    
 hkr30c05        18.27661         1.000000         0.000000    
 hkr30c06        2.678512         1.000000         0.000000    
 hkr30c07        10.04847         1.000000         0.000000    
 hkr30c08        3.197315         1.000000         0.000000    
 hkr30c09        4.801550         1.000000         0.000000    
 hkr30c10        20.37700         1.000000         0.000000    
 hkr30c11        21.29104         1.000000         0.000000    
 hkr30c12        13.92461         1.000000         0.000000    
 hkr30c13        2.918870         1.000000         0.000000    
 hkr30c14        5.510455         1.000000         0.000000    
 hkr30c15        1.636260         1.000000         0.000000    
 hkr30c16        2.804958         1.000000         0.000000    
 hkr30c17        2.020932         1.000000         0.000000    
 hkr30c18        3.778746         1.000000         0.000000    
 hkr30c19        15.36395         1.000000         0.000000    
 hkr31c00        19.58697         1.000000         0.000000    
 hkr31c01        11.88436         1.000000         0.000000    
 hkr31c02        2.530572         1.000000         0.000000    
 hkr31c03        1.868989         1.000000         0.000000    
 hkr31c04        3.440468         1.000000         0.000000    
 hkr31c05        14.72014         1.000000         0.000000    
 hkr31c06        3.834478         1.000000         0.000000    
 hkr31c07        13.65537         1.000000         0.000000    
 hkr31c08        6.644155         1.000000         0.000000    
 hkr31c09        7.305086         1.000000         0.000000    
 hkr31c10        6.561033         1.000000         0.000000    
 hkr31c11        59.47512         1.000000         0.000000    
 hkr31c12        1.586239         1.000000         0.000000    
 hkr31c13        9.054415         1.000000         0.000000    
 hkr31c14        11.27722         1.000000         0.000000    
 hkr31c15       0.8077938         1.000000         0.000000    
 hkr31c16        1.839464         1.000000         0.000000    
 hkr31c17        2.449054         1.000000         0.000000    
 hkr31c18        9.659206         1.000000         0.000000    
 hkr31c19        3.005345         1.000000         0.000000    
 hkr32c01        28.15379         1.000000         0.000000    
 hkr32c02        1.064328         1.000000         0.000000    
 hkr32c03        4.729506         1.000000         0.000000    
 hkr32c04        5.264075         1.000000         0.000000    
 hkr32c05        12.02849         1.000000         0.000000    
 hkr32c06        12.34265         1.000000         0.000000    
 hkr32c07        1.827143         1.000000         0.000000    
 hkr32c08        55.23223         1.000000         0.000000    
 hkr32c09        51.20625         1.000000         0.000000    
 hkr32c10        7.453868         1.000000         0.000000    
 hkr32c11        2.481061         1.000000         0.000000    
 hkr32c12        12.14904         1.000000         0.000000    
 hkr32c13        1.845628         1.000000         0.000000    
 hkr32c14        1.703610         1.000000         0.000000    
 hkr32c15        6.011645         1.000000         0.000000    
 hkr32c16        16.60727         1.000000         0.000000    
 hkr32c17        15.79371         1.000000         0.000000    
 hkr32c18       0.6828556         1.000000         0.000000    
 hkr32c19        37.88939         1.000000         0.000000    
 hkr33c02        1.842084         1.000000         0.000000    
 hkr33c03        23.23272         1.000000         0.000000    
 hkr33c04        59.47512         1.000000         0.000000    
 hkr33c05        20.73089         1.000000         0.000000    
 hkr33c06        7.023223         1.000000         0.000000    
 hkr33c07        10.09991         1.000000         0.000000    
 hkr33c08        12.65743         1.000000         0.000000    
 hkr33c09        24.16927         1.000000         0.000000    
 hkr33c10       0.6838793         1.000000         0.000000    
 hkr33c11        1.473190         1.000000         0.000000    
 hkr33c12       0.5947512         1.000000         0.000000    
 hkr33c13        1.850833         1.000000         0.000000    
 hkr33c14        3.648704         1.000000         0.000000    
 hkr33c15        3.053997         1.000000         0.000000    
 hkr33c16        1.953848         1.000000         0.000000    
 hkr33c17        5.529149         1.000000         0.000000    
 hkr33c18        4.560817         1.000000         0.000000    
 hkr33c19        1.475535         1.000000         0.000000    
 hkr34c03        5.190220         1.000000         0.000000    
 hkr34c04        1.847571         1.000000         0.000000    
 hkr34c05        1.441769         1.000000         0.000000    
 hkr34c06        1.775836         1.000000         0.000000    
 hkr34c07        8.733943         1.000000         0.000000    
 hkr34c08        27.88191         1.000000         0.000000    
 hkr34c09       0.7615127         1.000000         0.000000    
 hkr34c10        2.139313         1.000000         0.000000    
 hkr34c11        12.07702         1.000000         0.000000    
 hkr34c12        5.403043         1.000000         0.000000    
 hkr34c13        14.78766         1.000000         0.000000    
 hkr34c14        3.812586         1.000000         0.000000    
 hkr34c15        1.622662         1.000000         0.000000    
 hkr34c16        1.106758         1.000000         0.000000    
 hkr34c17        15.40542         1.000000         0.000000    
 hkr34c18        9.487447         1.000000         0.000000    
 hkr34c19       0.7000834         1.000000         0.000000    
 hkr35c04        37.34639         1.000000         0.000000    
 hkr35c05        22.93008         1.000000         0.000000    
 hkr35c06        3.586250         1.000000         0.000000    
 hkr35c07        4.852666         1.000000         0.000000    
 hkr35c08        12.37877         1.000000         0.000000    
 hkr35c09        21.35637         1.000000         0.000000    
 hkr35c10        14.35697         1.000000         0.000000    
 hkr35c11        1.398201         1.000000         0.000000    
 hkr35c12        9.342957         1.000000         0.000000    
 hkr35c13        17.47076         1.000000         0.000000    
 hkr35c14        33.07424         1.000000         0.000000    
 hkr35c15        20.74620         1.000000         0.000000    
 hkr35c16        7.191980         1.000000         0.000000    
 hkr35c17       0.9002970         1.000000         0.000000    
 hkr35c18        4.788573         1.000000         0.000000    
 hkr36c04        9.832264         1.000000         0.000000    
 hkr36c05        7.127537         1.000000         0.000000    
 hkr36c06        1.881666         1.000000         0.000000    
 hkr36c07        4.851700         1.000000         0.000000    
 hkr36c08        2.157543         1.000000         0.000000    
 hkr36c09        2.958372         1.000000         0.000000    
 hkr36c10        8.891587         1.000000         0.000000    
 hkr36c11        14.66095         1.000000         0.000000    
 hkr36c12        22.40881         1.000000         0.000000    
 hkr36c13        2.088790         1.000000         0.000000    
 hkr36c14       0.5947512         1.000000         0.000000    
 hkr36c15       0.5947512         1.000000         0.000000    
 hkr36c16        28.10688         1.000000         0.000000    
 hkr36c17        10.20982         1.000000         0.000000    
 hkr36c18        4.389668         1.000000         0.000000    
 hkr37c05        35.94889         1.000000         0.000000    
 hkr37c06        2.893287         1.000000         0.000000    
 hkr37c07        6.901745         1.000000         0.000000    
 hkr37c08        2.160817         1.000000         0.000000    
 hkr37c09        1.454042         1.000000         0.000000    
 hkr37c10        21.61015         1.000000         0.000000    
 hkr37c11        2.808254         1.000000         0.000000    
 hkr37c12        19.33854         1.000000         0.000000    
 hkr37c13        2.751651         1.000000         0.000000    
 hkr37c14        9.958838         1.000000         0.000000    
 hkr37c15        1.373495         1.000000         0.000000    
 hkr37c16        59.47512         1.000000         0.000000    
 hkr37c17        3.791012         1.000000         0.000000    
 hkr38c05        3.171943         1.000000         0.000000    
 hkr38c06        4.490968         1.000000         0.000000    
 hkr38c07        49.79784         1.000000         0.000000    
 hkr38c08        2.761515         1.000000         0.000000    
 hkr38c09        32.87768         1.000000         0.000000    
 hkr38c10       0.9792294         1.000000         0.000000    
 hkr38c11        19.81580         1.000000         0.000000    
 hkr38c12        6.834211         1.000000         0.000000    
 hkr38c13        5.586348         1.000000         0.000000    
 hkr38c14        10.51527         1.000000         0.000000    
 hkr38c15        4.611187         1.000000         0.000000    
 hkr38c16        10.91734         1.000000         0.000000    
 hkr39c05        6.364740         1.000000         0.000000    
 hkr39c06        9.481560         1.000000         0.000000    
 hkr39c07        5.183945         1.000000         0.000000    
 hkr39c08        6.746825         1.000000         0.000000    
 hkr39c09        2.999631         1.000000         0.000000    
 hkr39c10        1.695221         1.000000         0.000000    
 hkr39c11        8.222743         1.000000         0.000000    
 hkr39c12        8.004017         1.000000         0.000000    
 hkr39c13        1.547921         1.000000         0.000000    
 hkr39c14        12.69117         1.000000         0.000000    
