single point
 rch_1           1.100000         1.000000         0.000000    
 rch_2          0.9688077         1.000000         0.000000    
 rcond00         25286.37         1.000000         0.000000    
 rcond01         35783.40         1.000000         0.000000    
 rcond02         6981.418         1.000000         0.000000    
 rcond03         3968.841         1.000000         0.000000    
 rcond04         4953.955         1.000000         0.000000    
 rcond05         4884.306         1.000000         0.000000    
 rcond06         1221.318         1.000000         0.000000    
 rcond07         1140.399         1.000000         0.000000    
 rcond08         13584.94         1.000000         0.000000    
 rcond09         2330.538         1.000000         0.000000    
 rcond10         2006.991         1.000000         0.000000    
 rcond11         1251.572         1.000000         0.000000    
 rcond12         4163.327         1.000000         0.000000    
 rcond13         12982.71         1.000000         0.000000    
 rcond14         5329.536         1.000000         0.000000    
 rcond15         6274.409         1.000000         0.000000    
 rcond16         7566.079         1.000000         0.000000    
 rcond17         4099.517         1.000000         0.000000    
 rcond18         490.4372         1.000000         0.000000    
 rcond19         10151.14         1.000000         0.000000    
 rcond20         2687.249         1.000000         0.000000    
 rcond21         1935.097         1.000000         0.000000    
 rcond22         7416.886         1.000000         0.000000    
 rcond23         3554.763         1.000000         0.000000    
 rcond24         1501.830         1.000000         0.000000    
 rcond25         4079.329         1.000000         0.000000    
 rcond26         35007.91         1.000000         0.000000    
 rcond27         4765.220         1.000000         0.000000    
 rcond28         1008.326         1.000000         0.000000    
 rcond29         4845.236         1.000000         0.000000    
 rcond30         4149.618         1.000000         0.000000    
 rcond31         36588.77         1.000000         0.000000    
 rcond32         49043.72         1.000000         0.000000    
 rcond33         27004.79         1.000000         0.000000    
 rcond34         49043.72         1.000000         0.000000    
 rcond35         3776.986         1.000000         0.000000    
 rcond36         1088.891         1.000000         0.000000    
 rcond37         2611.006         1.000000         0.000000    
 rcond38         17075.85         1.000000         0.000000    
 rcond39         5655.810         1.000000         0.000000    
 ss             1.8367360E-05     1.000000         0.000000    
 sy             1.2266580E-02     1.000000         0.000000    
 wf1_1           715.1715        -1.000000         0.000000    
 wf2_1           389.6640        -1.000000         0.000000    
 wf3_1           370.6560        -1.000000         0.000000    
 wf4_1           64.54079        -1.000000         0.000000    
 wf5_1           55.98720        -1.000000         0.000000    
 wf6_1           408.6720        -1.000000         0.000000    
 wf1_2           853.5353        -1.000000         0.000000    
 wf2_2           483.1203        -1.000000         0.000000    
 wf3_2           427.7258        -1.000000         0.000000    
 wf4_2           111.5363        -1.000000         0.000000    
 wf5_2           84.19451        -1.000000         0.000000    
 wf6_2           487.2363        -1.000000         0.000000    
 hkr00c00        34.06066         1.000000         0.000000    
 hkr00c01        2.334264         1.000000         0.000000    
 hkr00c02        13.52776         1.000000         0.000000    
 hkr00c03        15.87043         1.000000         0.000000    
 hkr00c04        6.303722         1.000000         0.000000    
 hkr00c05        4.886235         1.000000         0.000000    
 hkr00c06        5.316746         1.000000         0.000000    
 hkr00c07        11.53781         1.000000         0.000000    
 hkr00c08        38.44313         1.000000         0.000000    
 hkr00c09        4.542230         1.000000         0.000000    
 hkr00c10        6.864202         1.000000         0.000000    
 hkr00c11        1.985547         1.000000         0.000000    
 hkr00c12        2.226904         1.000000         0.000000    
 hkr00c13       0.7776244         1.000000         0.000000    
 hkr00c14        1.095455         1.000000         0.000000    
 hkr00c15        8.262577         1.000000         0.000000    
 hkr00c16        33.11188         1.000000         0.000000    
 hkr00c17       0.5947512         1.000000         0.000000    
 hkr00c18        18.06306         1.000000         0.000000    
 hkr00c19        7.372684         1.000000         0.000000    
 hkr01c00       0.6521216         1.000000         0.000000    
 hkr01c01       0.9475793         1.000000         0.000000    
 hkr01c02        6.375879         1.000000         0.000000    
 hkr01c03        2.089386         1.000000         0.000000    
 hkr01c04        3.026743         1.000000         0.000000    
 hkr01c05        49.68243         1.000000         0.000000    
 hkr01c06        13.97770         1.000000         0.000000    
 hkr01c07        5.853324         1.000000         0.000000    
 hkr01c08        2.493117         1.000000         0.000000    
 hkr01c09        2.410266         1.000000         0.000000    
 hkr01c10        3.671798         1.000000         0.000000    
 hkr01c11        8.259798         1.000000         0.000000    
 hkr01c12        3.230799         1.000000         0.000000    
 hkr01c13        7.487090         1.000000         0.000000    
 hkr01c14        7.351508         1.000000         0.000000    
 hkr01c15        16.90756         1.000000         0.000000    
 hkr01c16        1.414534         1.000000         0.000000    
 hkr01c17        2.741919         1.000000         0.000000    
 hkr01c18        10.63492         1.000000         0.000000    
 hkr01c19        2.594473         1.000000         0.000000    
 hkr02c00        3.987010         1.000000         0.000000    
 hkr02c01        5.325879         1.000000         0.000000    
 hkr02c02        23.72501         1.000000         0.000000    
 hkr02c03        59.47512         1.000000         0.000000    
 hkr02c04        22.97072         1.000000         0.000000    
 hkr02c05        3.858555         1.000000         0.000000    
 hkr02c06        23.24868         1.000000         0.000000    
 hkr02c07        14.91778         1.000000         0.000000    
 hkr02c08        11.20705         1.000000         0.000000    
 hkr02c09        9.448166         1.000000         0.000000    
 hkr02c10       0.5947512         1.000000         0.000000    
 hkr02c11        7.275724         1.000000         0.000000    
 hkr02c12        18.52684         1.000000         0.000000    
 hkr02c13        3.730846         1.000000         0.000000    
 hkr02c14        1.687866         1.000000         0.000000    
 hkr02c15        2.432443         1.000000         0.000000    
 hkr02c16        36.26294         1.000000         0.000000    
 hkr02c17        9.123264         1.000000         0.000000    
 hkr02c18        31.15635         1.000000         0.000000    
 hkr02c19        6.902662         1.000000         0.000000    
 hkr03c00        1.453957         1.000000         0.000000    
 hkr03c01        5.194627         1.000000         0.000000    
 hkr03c02        19.75388         1.000000         0.000000    
 hkr03c03        1.037628         1.000000         0.000000    
 hkr03c04        5.935091         1.000000         0.000000    
 hkr03c05        3.929538         1.000000         0.000000    
 hkr03c06        3.352184         1.000000         0.000000    
 hkr03c07        8.717369         1.000000         0.000000    
 hkr03c08        2.808446         1.000000         0.000000    
 hkr03c09        1.691163         1.000000         0.000000    
 hkr03c10        1.392053         1.000000         0.000000    
 hkr03c11        4.965701         1.000000         0.000000    
 hkr03c12        9.851669         1.000000         0.000000    
 hkr03c13        6.068894         1.000000         0.000000    
 hkr03c14        59.47512         1.000000         0.000000    
 hkr03c15       0.5947512         1.000000         0.000000    
 hkr03c16        1.813694         1.000000         0.000000    
 hkr03c17        26.48150         1.000000         0.000000    
 hkr03c18        8.087683         1.000000         0.000000    
 hkr03c19        4.275787         1.000000         0.000000    
 hkr04c00        19.20106         1.000000         0.000000    
 hkr04c01        17.83415         1.000000         0.000000    
 hkr04c02        7.115052         1.000000         0.000000    
 hkr04c03        15.31717         1.000000         0.000000    
 hkr04c04        5.412324         1.000000         0.000000    
 hkr04c05        1.918905         1.000000         0.000000    
 hkr04c06       0.5947512         1.000000         0.000000    
 hkr04c07        7.955495         1.000000         0.000000    
 hkr04c08        2.995319         1.000000         0.000000    
 hkr04c09        33.74897         1.000000         0.000000    
 hkr04c10        6.881412         1.000000         0.000000    
 hkr04c11        1.850363         1.000000         0.000000    
 hkr04c12        22.62051         1.000000         0.000000    
 hkr04c13        9.018300         1.000000         0.000000    
 hkr04c14        4.611942         1.000000         0.000000    
 hkr04c15        1.938623         1.000000         0.000000    
 hkr04c16        1.519773         1.000000         0.000000    
 hkr04c17        33.17820         1.000000         0.000000    
 hkr04c18        18.24529         1.000000         0.000000    
 hkr04c19        7.720514         1.000000         0.000000    
 hkr05c00        5.187629         1.000000         0.000000    
 hkr05c01        13.30940         1.000000         0.000000    
 hkr05c02        4.410634         1.000000         0.000000    
 hkr05c03        5.599245         1.000000         0.000000    
 hkr05c04        7.114590         1.000000         0.000000    
 hkr05c05        2.512949         1.000000         0.000000    
 hkr05c06        28.05865         1.000000         0.000000    
 hkr05c07        2.544654         1.000000         0.000000    
 hkr05c08        10.86337         1.000000         0.000000    
 hkr05c09        14.90937         1.000000         0.000000    
 hkr05c10        6.583560         1.000000         0.000000    
 hkr05c11        4.916115         1.000000         0.000000    
 hkr05c12        11.51456         1.000000         0.000000    
 hkr05c13        9.838777         1.000000         0.000000    
 hkr05c14        7.202932         1.000000         0.000000    
 hkr05c15        10.86204         1.000000         0.000000    
 hkr05c16        22.91452         1.000000         0.000000    
 hkr05c17        5.173745         1.000000         0.000000    
 hkr05c18        11.53615         1.000000         0.000000    
 hkr05c19        4.749315         1.000000         0.000000    
 hkr06c00        2.625089         1.000000         0.000000    
 hkr06c01        5.241960         1.000000         0.000000    
 hkr06c02        5.447518         1.000000         0.000000    
 hkr06c03        11.29887         1.000000         0.000000    
 hkr06c04        4.950337         1.000000         0.000000    
 hkr06c05        23.41408         1.000000         0.000000    
 hkr06c06        1.168578         1.000000         0.000000    
 hkr06c07        1.213480         1.000000         0.000000    
 hkr06c08        22.12121         1.000000         0.000000    
 hkr06c09        1.583393         1.000000         0.000000    
 hkr06c10        21.14519         1.000000         0.000000    
 hkr06c11        12.45995         1.000000         0.000000    
 hkr06c12        12.43048         1.000000         0.000000    
 hkr06c13        13.89697         1.000000         0.000000    
 hkr06c14        11.08761         1.000000         0.000000    
 hkr06c15        5.840146         1.000000         0.000000    
 hkr06c16        2.847876         1.000000         0.000000    
 hkr06c17        1.155157         1.000000         0.000000    
 hkr06c18        4.979774         1.000000         0.000000    
 hkr06c19        3.699373         1.000000         0.000000    
 hkr07c00        1.426683         1.000000         0.000000    
 hkr07c01        59.47512         1.000000         0.000000    
 hkr07c02        5.261152         1.000000         0.000000    
 hkr07c03        3.725208         1.000000         0.000000    
 hkr07c04        1.639492         1.000000         0.000000    
 hkr07c05        1.926032         1.000000         0.000000    
 hkr07c06        43.23611         1.000000         0.000000    
 hkr07c07        6.149099         1.000000         0.000000    
 hkr07c08        7.948335         1.000000         0.000000    
 hkr07c09        7.037687         1.000000         0.000000    
 hkr07c10        9.401745         1.000000         0.000000    
 hkr07c11       0.5947512         1.000000         0.000000    
 hkr07c12        3.477348         1.000000         0.000000    
 hkr07c13        7.168880         1.000000         0.000000    
 hkr07c14        1.609302         1.000000         0.000000    
 hkr07c15        9.757427         1.000000         0.000000    
 hkr07c16        3.384976         1.000000         0.000000    
 hkr07c17        1.924642         1.000000         0.000000    
 hkr07c18        14.73844         1.000000         0.000000    
 hkr07c19        7.583849         1.000000         0.000000    
 hkr08c00       0.8913337         1.000000         0.000000    
 hkr08c01        12.22614         1.000000         0.000000    
 hkr08c02        2.992848         1.000000         0.000000    
 hkr08c03        59.47512         1.000000         0.000000    
 hkr08c07        5.088530         1.000000         0.000000    
 hkr08c08        1.314122         1.000000         0.000000    
 hkr08c09        10.91517         1.000000         0.000000    
 hkr08c10        12.11348         1.000000         0.000000    
 hkr08c11        5.292703         1.000000         0.000000    
 hkr08c12        15.36825         1.000000         0.000000    
 hkr08c13        9.924187         1.000000         0.000000    
 hkr08c14       0.7612243         1.000000         0.000000    
 hkr08c15        6.544350         1.000000         0.000000    
 hkr08c16        4.114681         1.000000         0.000000    
 hkr08c17        2.085686         1.000000         0.000000    
 hkr08c18        6.843537         1.000000         0.000000    
 hkr08c19        6.638166         1.000000         0.000000    
 hkr09c00        4.287355         1.000000         0.000000    
 hkr09c01        1.250187         1.000000         0.000000    
 hkr09c02       0.8058175         1.000000         0.000000    
 hkr09c03        28.64021         1.000000         0.000000    
 hkr09c08        3.349628         1.000000         0.000000    
 hkr09c09        16.75165         1.000000         0.000000    
 hkr09c10        1.829707         1.000000         0.000000    
 hkr09c11        8.133873         1.000000         0.000000    
 hkr09c12        36.79724         1.000000         0.000000    
 hkr09c13        6.029678         1.000000         0.000000    
 hkr09c14        28.83715         1.000000         0.000000    
 hkr09c15        1.737884         1.000000         0.000000    
 hkr09c16        2.144207         1.000000         0.000000    
 hkr09c17        4.213475         1.000000         0.000000    
 hkr09c18        2.636288         1.000000         0.000000    
 hkr09c19        5.583477         1.000000         0.000000    
 hkr10c00        59.47512         1.000000         0.000000    
 hkr10c01        51.97150         1.000000         0.000000    
 hkr10c02        11.55439         1.000000         0.000000    
 hkr10c03        2.390773         1.000000         0.000000    
 hkr10c08        5.686683         1.000000         0.000000    
 hkr10c09        9.290704         1.000000         0.000000    
 hkr10c10        48.74083         1.000000         0.000000    
 hkr10c11        13.50732         1.000000         0.000000    
 hkr10c12        2.762005         1.000000         0.000000    
 hkr10c13        3.618492         1.000000         0.000000    
 hkr10c14        4.886845         1.000000         0.000000    
 hkr10c15       0.7361732         1.000000         0.000000    
 hkr10c16       0.9053639         1.000000         0.000000    
 hkr10c17        2.523347         1.000000         0.000000    
 hkr10c18        1.098948         1.000000         0.000000    
 hkr10c19        12.22681         1.000000         0.000000    
 hkr11c00        8.029897         1.000000         0.000000    
 hkr11c01        5.226394         1.000000         0.000000    
 hkr11c02        4.623878         1.000000         0.000000    
 hkr11c03        7.579581         1.000000         0.000000    
 hkr11c08        13.82631         1.000000         0.000000    
 hkr11c09        4.605329         1.000000         0.000000    
 hkr11c10       0.8005795         1.000000         0.000000    
 hkr11c11        7.680346         1.000000         0.000000    
 hkr11c12        4.871259         1.000000         0.000000    
 hkr11c13       0.5947512         1.000000         0.000000    
 hkr11c14        1.213728         1.000000         0.000000    
 hkr11c15        2.481927         1.000000         0.000000    
 hkr11c16        6.355484         1.000000         0.000000    
 hkr11c17        16.95381         1.000000         0.000000    
 hkr11c18        59.47512         1.000000         0.000000    
 hkr11c19        5.007406         1.000000         0.000000    
 hkr12c00        25.48021         1.000000         0.000000    
 hkr12c01        11.03354         1.000000         0.000000    
 hkr12c02        32.39449         1.000000         0.000000    
 hkr12c03        11.72277         1.000000         0.000000    
 hkr12c08        2.376553         1.000000         0.000000    
 hkr12c09        1.912429         1.000000         0.000000    
 hkr12c10        1.840323         1.000000         0.000000    
 hkr12c11        5.965732         1.000000         0.000000    
 hkr12c12        25.78527         1.000000         0.000000    
 hkr12c13        2.643292         1.000000         0.000000    
 hkr12c14        1.945276         1.000000         0.000000    
 hkr12c15        5.161170         1.000000         0.000000    
 hkr12c16        7.898141         1.000000         0.000000    
 hkr12c17        8.935085         1.000000         0.000000    
 hkr12c18        2.848152         1.000000         0.000000    
 hkr12c19        3.384914         1.000000         0.000000    
 hkr13c00        4.893786         1.000000         0.000000    
 hkr13c01        22.72501         1.000000         0.000000    
 hkr13c02        7.302772         1.000000         0.000000    
 hkr13c03        13.83159         1.000000         0.000000    
 hkr13c08        13.09171         1.000000         0.000000    
 hkr13c09        6.803573         1.000000         0.000000    
 hkr13c10        16.01249         1.000000         0.000000    
 hkr13c11        2.631339         1.000000         0.000000    
 hkr13c12        17.53723         1.000000         0.000000    
 hkr13c13        6.305574         1.000000         0.000000    
 hkr13c14        44.04335         1.000000         0.000000    
 hkr13c15        9.541575         1.000000         0.000000    
 hkr13c16        7.536063         1.000000         0.000000    
 hkr13c17        5.809500         1.000000         0.000000    
 hkr13c18        5.763108         1.000000         0.000000    
 hkr13c19        6.314574         1.000000         0.000000    
 hkr14c00        2.318295         1.000000         0.000000    
 hkr14c01        3.065400         1.000000         0.000000    
 hkr14c02        4.009118         1.000000         0.000000    
 hkr14c03        14.73813         1.000000         0.000000    
 hkr14c08        4.298621         1.000000         0.000000    
 hkr14c09        3.741008         1.000000         0.000000    
 hkr14c10        10.20790         1.000000         0.000000    
 hkr14c11       0.9062628         1.000000         0.000000    
 hkr14c12        11.38777         1.000000         0.000000    
 hkr14c13        19.35522         1.000000         0.000000    
 hkr14c14        34.06185         1.000000         0.000000    
 hkr14c15        1.932089         1.000000         0.000000    
 hkr14c16        7.553682         1.000000         0.000000    
 hkr14c17        4.748778         1.000000         0.000000    
 hkr14c18        12.46700         1.000000         0.000000    
 hkr14c19        3.989009         1.000000         0.000000    
 hkr15c00        3.134925         1.000000         0.000000    
 hkr15c01        25.83694         1.000000         0.000000    
 hkr15c02       0.5947512         1.000000         0.000000    
 hkr15c03        8.073128         1.000000         0.000000    
 hkr15c08       0.8293951         1.000000         0.000000    
 hkr15c09        1.844846         1.000000         0.000000    
 hkr15c10        12.44852         1.000000         0.000000    
 hkr15c11        6.573588         1.000000         0.000000    
 hkr15c12        25.64800         1.000000         0.000000    
 hkr15c13        3.616120         1.000000         0.000000    
 hkr15c14        20.94159         1.000000         0.000000    
 hkr15c15        24.40425         1.000000         0.000000    
 hkr15c16        4.851016         1.000000         0.000000    
 hkr15c17        8.698313         1.000000         0.000000    
 hkr15c18        3.227683         1.000000         0.000000    
 hkr15c19        2.975055         1.000000         0.000000    
 hkr16c00        17.04926         1.000000         0.000000    
 hkr16c01        4.415974         1.000000         0.000000    
 hkr16c02        3.088748         1.000000         0.000000    
 hkr16c03        15.81612         1.000000         0.000000    
 hkr16c08        6.642214         1.000000         0.000000    
 hkr16c09        5.445619         1.000000         0.000000    
 hkr16c10        2.915506         1.000000         0.000000    
 hkr16c11        8.376030         1.000000         0.000000    
 hkr16c12        15.01735         1.000000         0.000000    
 hkr16c13        6.088306         1.000000         0.000000    
 hkr16c14        14.08285         1.000000         0.000000    
 hkr16c15        2.763082         1.000000         0.000000    
 hkr16c16       0.7807490         1.000000         0.000000    
 hkr16c17        3.760990         1.000000         0.000000    
 hkr16c18        10.05662         1.000000         0.000000    
 hkr16c19        6.737442         1.000000         0.000000    
 hkr17c00        7.779105         1.000000         0.000000    
 hkr17c01       0.7910031         1.000000         0.000000    
 hkr17c02        17.98617         1.000000         0.000000    
 hkr17c03        14.44936         1.000000         0.000000    
 hkr17c08        18.61527         1.000000         0.000000    
 hkr17c09        12.17464         1.000000         0.000000    
 hkr17c10        5.958505         1.000000         0.000000    
 hkr17c11        4.883121         1.000000         0.000000    
 hkr17c12        4.955496         1.000000         0.000000    
 hkr17c13       0.9244358         1.000000         0.000000    
 hkr17c14        6.472646         1.000000         0.000000    
 hkr17c15        1.710345         1.000000         0.000000    
 hkr17c16        6.313940         1.000000         0.000000    
 hkr17c17        1.028815         1.000000         0.000000    
 hkr17c18        10.34156         1.000000         0.000000    
 hkr17c19        5.316116         1.000000         0.000000    
 hkr18c00        3.579223         1.000000         0.000000    
 hkr18c01        17.17799         1.000000         0.000000    
 hkr18c02        1.986810         1.000000         0.000000    
 hkr18c03        46.59190         1.000000         0.000000    
 hkr18c08        1.734925         1.000000         0.000000    
 hkr18c09        11.85370         1.000000         0.000000    
 hkr18c10        17.06934         1.000000         0.000000    
 hkr18c11        8.862435         1.000000         0.000000    
 hkr18c12        6.540889         1.000000         0.000000    
 hkr18c13        2.760725         1.000000         0.000000    
 hkr18c14        3.586553         1.000000         0.000000    
 hkr18c15        13.67247         1.000000         0.000000    
 hkr18c16        59.47512         1.000000         0.000000    
 hkr18c17        9.113336         1.000000         0.000000    
 hkr18c18        9.667700         1.000000         0.000000    
 hkr18c19        2.641252         1.000000         0.000000    
 hkr19c00        19.36353         1.000000         0.000000    
 hkr19c01        2.409339         1.000000         0.000000    
 hkr19c02        12.83869         1.000000         0.000000    
 hkr19c03        38.66423         1.000000         0.000000    
 hkr19c08        9.593604         1.000000         0.000000    
 hkr19c09        21.33808         1.000000         0.000000    
 hkr19c10       0.7942877         1.000000         0.000000    
 hkr19c11        27.71653         1.000000         0.000000    
 hkr19c12        3.836940         1.000000         0.000000    
 hkr19c13        1.221934         1.000000         0.000000    
 hkr19c14        4.877392         1.000000         0.000000    
 hkr19c15        2.098673         1.000000         0.000000    
 hkr19c16        6.022494         1.000000         0.000000    
 hkr19c17        59.47512         1.000000         0.000000    
 hkr19c18        1.234299         1.000000         0.000000    
 hkr19c19        4.986547         1.000000         0.000000    
 hkr20c00        10.75861         1.000000         0.000000    
 hkr20c01        8.747131         1.000000         0.000000    
 hkr20c02        8.128056         1.000000         0.000000    
 hkr20c03        11.46651         1.000000         0.000000    
 hkr20c08        11.55698         1.000000         0.000000    
 hkr20c09        2.243867         1.000000         0.000000    
 hkr20c10        6.710761         1.000000         0.000000    
 hkr20c11        3.390250         1.000000         0.000000    
 hkr20c12        2.480819         1.000000         0.000000    
 hkr20c13       0.6018880         1.000000         0.000000    
 hkr20c14        1.741405         1.000000         0.000000    
 hkr20c15        31.53191         1.000000         0.000000    
 hkr20c16        5.495742         1.000000         0.000000    
 hkr20c17        44.47672         1.000000         0.000000    
 hkr20c18        1.671866         1.000000         0.000000    
 hkr20c19       0.9667284         1.000000         0.000000    
 hkr21c00        2.993267         1.000000         0.000000    
 hkr21c01        5.120099         1.000000         0.000000    
 hkr21c02        19.41546         1.000000         0.000000    
 hkr21c03        1.696026         1.000000         0.000000    
 hkr21c06        59.47512         1.000000         0.000000    
 hkr21c07        59.47512         1.000000         0.000000    
 hkr21c08        20.13777         1.000000         0.000000    
 hkr21c09        7.463447         1.000000         0.000000    
 hkr21c10        3.724276         1.000000         0.000000    
 hkr21c11        7.813712         1.000000         0.000000    
 hkr21c12        50.87506         1.000000         0.000000    
 hkr21c13        2.692423         1.000000         0.000000    
 hkr21c14        7.490264         1.000000         0.000000    
 hkr21c15        5.653912         1.000000         0.000000    
 hkr21c16        2.515488         1.000000         0.000000    
 hkr21c17        36.84499         1.000000         0.000000    
 hkr21c18        6.891056         1.000000         0.000000    
 hkr21c19        6.132598         1.000000         0.000000    
 hkr22c00        18.32176         1.000000         0.000000    
 hkr22c01       0.5947512         1.000000         0.000000    
 hkr22c02        7.766190         1.000000         0.000000    
 hkr22c03        12.92829         1.000000         0.000000    
 hkr22c04        9.407117         1.000000         0.000000    
 hkr22c06        2.970974         1.000000         0.000000    
 hkr22c07        13.59453         1.000000         0.000000    
 hkr22c08        5.892961         1.000000         0.000000    
 hkr22c09       0.7986379         1.000000         0.000000    
 hkr22c10        1.000598         1.000000         0.000000    
 hkr22c11        9.702305         1.000000         0.000000    
 hkr22c12        4.085464         1.000000         0.000000    
 hkr22c13        18.38386         1.000000         0.000000    
 hkr22c14        10.93063         1.000000         0.000000    
 hkr22c15       0.6784008         1.000000         0.000000    
 hkr22c16        13.07956         1.000000         0.000000    
 hkr22c17        5.941681         1.000000         0.000000    
 hkr22c18        23.89482         1.000000         0.000000    
 hkr22c19        5.215443         1.000000         0.000000    
 hkr23c00        17.12941         1.000000         0.000000    
 hkr23c01        24.49600         1.000000         0.000000    
 hkr23c02        7.246957         1.000000         0.000000    
 hkr23c03        3.321015         1.000000         0.000000    
 hkr23c04        43.51870         1.000000         0.000000    
 hkr23c05        10.74171         1.000000         0.000000    
 hkr23c06        28.05216         1.000000         0.000000    
 hkr23c07        15.08395         1.000000         0.000000    
 hkr23c08        21.23114         1.000000         0.000000    
 hkr23c09        4.776497         1.000000         0.000000    
 hkr23c10        33.61151         1.000000         0.000000    
 hkr23c11       0.5947512         1.000000         0.000000    
 hkr23c12        23.10245         1.000000         0.000000    
 hkr23c13        9.314366         1.000000         0.000000    
 hkr23c14        3.258301         1.000000         0.000000    
 hkr23c15        2.368681         1.000000         0.000000    
 hkr23c16        1.914610         1.000000         0.000000    
 hkr23c17       0.6531000         1.000000         0.000000    
 hkr23c18        26.99496         1.000000         0.000000    
 hkr23c19        6.813409         1.000000         0.000000    
 hkr24c00        8.288436         1.000000         0.000000    
 hkr24c01        3.064101         1.000000         0.000000    
 hkr24c02        59.47512         1.000000         0.000000    
 hkr24c03        1.348977         1.000000         0.000000    
 hkr24c04        4.159444         1.000000         0.000000    
 hkr24c05        3.011419         1.000000         0.000000    
 hkr24c06        16.59262         1.000000         0.000000    
 hkr24c07        29.70292         1.000000         0.000000    
 hkr24c08        3.066529         1.000000         0.000000    
 hkr24c09        23.57878         1.000000         0.000000    
 hkr24c10        6.584299         1.000000         0.000000    
 hkr24c11        8.389078         1.000000         0.000000    
 hkr24c12        19.12832         1.000000         0.000000    
 hkr24c13        3.333795         1.000000         0.000000    
 hkr24c14        21.28953         1.000000         0.000000    
 hkr24c15        7.818203         1.000000         0.000000    
 hkr24c16        6.546109         1.000000         0.000000    
 hkr24c17        6.062482         1.000000         0.000000    
 hkr24c18        28.64981         1.000000         0.000000    
 hkr24c19        13.03111         1.000000         0.000000    
 hkr25c00        9.550680         1.000000         0.000000    
 hkr25c01        19.10657         1.000000         0.000000    
 hkr25c02        13.64093         1.000000         0.000000    
 hkr25c03        3.438664         1.000000         0.000000    
 hkr25c04        6.441290         1.000000         0.000000    
 hkr25c05        42.68425         1.000000         0.000000    
 hkr25c06        4.511518         1.000000         0.000000    
 hkr25c07        1.393510         1.000000         0.000000    
 hkr25c08        59.47512         1.000000         0.000000    
 hkr25c09        4.581295         1.000000         0.000000    
 hkr25c10        9.300107         1.000000         0.000000    
 hkr25c11        1.735105         1.000000         0.000000    
 hkr25c12        1.174866         1.000000         0.000000    
 hkr25c13        1.560582         1.000000         0.000000    
 hkr25c14        12.26572         1.000000         0.000000    
 hkr25c15        45.47472         1.000000         0.000000    
 hkr25c16        2.765296         1.000000         0.000000    
 hkr25c17        13.57109         1.000000         0.000000    
 hkr25c18        2.410072         1.000000         0.000000    
 hkr25c19        2.654826         1.000000         0.000000    
 hkr26c00        40.78144         1.000000         0.000000    
 hkr26c01        5.105407         1.000000         0.000000    
 hkr26c02        2.472240         1.000000         0.000000    
 hkr26c03        11.48080         1.000000         0.000000    
 hkr26c04        6.488861         1.000000         0.000000    
 hkr26c05        17.81768         1.000000         0.000000    
 hkr26c06       0.7795072         1.000000         0.000000    
 hkr26c07       0.6139827         1.000000         0.000000    
 hkr26c08        6.200471         1.000000         0.000000    
 hkr26c09        11.25651         1.000000         0.000000    
 hkr26c10        2.604644         1.000000         0.000000    
 hkr26c11        5.895610         1.000000         0.000000    
 hkr26c12        4.151228         1.000000         0.000000    
 hkr26c13        4.058221         1.000000         0.000000    
 hkr26c14        5.222221         1.000000         0.000000    
 hkr26c15        3.074510         1.000000         0.000000    
 hkr26c16        19.71032         1.000000         0.000000    
 hkr26c17        5.875312         1.000000         0.000000    
 hkr26c18        3.185057         1.000000         0.000000    
 hkr26c19        17.10534         1.000000         0.000000    
 hkr27c00        4.493753         1.000000         0.000000    
 hkr27c01        9.979652         1.000000         0.000000    
 hkr27c02        8.048638         1.000000         0.000000    
 hkr27c03        1.081704         1.000000         0.000000    
 hkr27c04        10.80586         1.000000         0.000000    
 hkr27c05        6.684653         1.000000         0.000000    
 hkr27c06        3.764420         1.000000         0.000000    
 hkr27c07        43.60478         1.000000         0.000000    
 hkr27c08        59.47512         1.000000         0.000000    
 hkr27c09        14.52722         1.000000         0.000000    
 hkr27c10       0.5947512         1.000000         0.000000    
 hkr27c11        9.227078         1.000000         0.000000    
 hkr27c12        8.280149         1.000000         0.000000    
 hkr27c13        1.624140         1.000000         0.000000    
 hkr27c14        15.55754         1.000000         0.000000    
 hkr27c15        1.675495         1.000000         0.000000    
 hkr27c16        9.226877         1.000000         0.000000    
 hkr27c17        3.844780         1.000000         0.000000    
 hkr27c18        1.861542         1.000000         0.000000    
 hkr27c19        3.770173         1.000000         0.000000    
 hkr28c00        11.89571         1.000000         0.000000    
 hkr28c01        4.867180         1.000000         0.000000    
 hkr28c02        59.47512         1.000000         0.000000    
 hkr28c03        11.70923         1.000000         0.000000    
 hkr28c04        2.693382         1.000000         0.000000    
 hkr28c05        5.858312         1.000000         0.000000    
 hkr28c06        5.302712         1.000000         0.000000    
 hkr28c07        5.130278         1.000000         0.000000    
 hkr28c08        6.578509         1.000000         0.000000    
 hkr28c09        10.92108         1.000000         0.000000    
 hkr28c10        16.57865         1.000000         0.000000    
 hkr28c11        3.967561         1.000000         0.000000    
 hkr28c12        1.254874         1.000000         0.000000    
 hkr28c13        4.577562         1.000000         0.000000    
 hkr28c14        19.82048         1.000000         0.000000    
 hkr28c15        8.523226         1.000000         0.000000    
 hkr28c16        2.438457         1.000000         0.000000    
 hkr28c17        4.548045         1.000000         0.000000    
 hkr28c18        7.195795         1.000000         0.000000    
 hkr28c19        4.418132         1.000000         0.000000    
 hkr29c00        56.09200         1.000000         0.000000    
 hkr29c01        3.172417         1.000000         0.000000    
 hkr29c02        2.196010         1.000000         0.000000    
 hkr29c03        5.085164         1.000000         0.000000    
 hkr29c04        7.447051         1.000000         0.000000    
 hkr29c05        33.82772         1.000000         0.000000    
 hkr29c06        5.939323         1.000000         0.000000    
 hkr29c07        6.353171         1.000000         0.000000    
 hkr29c08        2.208102         1.000000         0.000000    
 hkr29c09        2.002394         1.000000         0.000000    
 hkr29c10        3.352680         1.000000         0.000000    
 hkr29c11        41.27373         1.000000         0.000000    
 hkr29c12        14.49734         1.000000         0.000000    
 hkr29c13        4.050929         1.000000         0.000000    
 hkr29c14        1.136999         1.000000         0.000000    
 hkr29c15        6.275348         1.000000         0.000000    
 hkr29c16        23.25630         1.000000         0.000000    
 hkr29c17        2.190689         1.000000         0.000000    
 hkr29c18        13.90819         1.000000         0.000000    
 hkr29c19        29.76371         1.000000         0.000000    
 hkr30c00        9.865372         1.000000         0.000000    
 hkr30c01       0.8581290         1.000000         0.000000    
 hkr30c02        6.428897         1.000000         0.000000    
 hkr30c03        2.336917         1.000000         0.000000    
 hkr30c04        5.036570         1.000000         0.000000    
 hkr30c05        1.891426         1.000000         0.000000    
 hkr30c06        59.47512         1.000000         0.000000    
 hkr30c07        9.346024         1.000000         0.000000    
 hkr30c08        2.964880         1.000000         0.000000    
 hkr30c09        10.85324         1.000000         0.000000    
 hkr30c10       0.5947512         1.000000         0.000000    
 hkr30c11        2.025822         1.000000         0.000000    
 hkr30c12        1.585653         1.000000         0.000000    
 hkr30c13        33.03025         1.000000         0.000000    
 hkr30c14        3.054165         1.000000         0.000000    
 hkr30c15        59.47512         1.000000         0.000000    
 hkr30c16        23.33638         1.000000         0.000000    
 hkr30c17        2.032197         1.000000         0.000000    
 hkr30c18        3.733214         1.000000         0.000000    
 hkr30c19        7.646031         1.000000         0.000000    
 hkr31c00        1.113694         1.000000         0.000000    
 hkr31c01        35.75705         1.000000         0.000000    
 hkr31c02        23.16453         1.000000         0.000000    
 hkr31c03        59.47512         1.000000         0.000000    
 hkr31c04        4.269386         1.000000         0.000000    
 hkr31c05        1.544290         1.000000         0.000000    
 hkr31c06        1.513867         1.000000         0.000000    
 hkr31c07        2.854078         1.000000         0.000000    
 hkr31c08        25.48115         1.000000         0.000000    
 hkr31c09        18.88598         1.000000         0.000000    
 hkr31c10        1.593086         1.000000         0.000000    
 hkr31c11        3.516068         1.000000         0.000000    
 hkr31c12        26.82964         1.000000         0.000000    
 hkr31c13        5.793324         1.000000         0.000000    
 hkr31c14        17.61277         1.000000         0.000000    
 hkr31c15        3.909855         1.000000         0.000000    
 hkr31c16        24.83101         1.000000         0.000000    
 hkr31c17       0.7614114         1.000000         0.000000    
 hkr31c18        4.160754         1.000000         0.000000    
 hkr31c19        4.926447         1.000000         0.000000    
 hkr32c01       0.6540442         1.000000         0.000000    
 hkr32c02        3.071691         1.000000         0.000000    
 hkr32c03        5.904304         1.000000         0.000000    
 hkr32c04        1.325316         1.000000         0.000000    
 hkr32c05        1.975082         1.000000         0.000000    
 hkr32c06        14.66439         1.000000         0.000000    
 hkr32c07        22.47824         1.000000         0.000000    
 hkr32c08        15.05306         1.000000         0.000000    
 hkr32c09        8.537275         1.000000         0.000000    
 hkr32c10        20.04764         1.000000         0.000000    
 hkr32c11        6.285298         1.000000         0.000000    
 hkr32c12        3.949033         1.000000         0.000000    
 hkr32c13        59.47512         1.000000         0.000000    
 hkr32c14        6.336652         1.000000         0.000000    
 hkr32c15        1.386862         1.000000         0.000000    
 hkr32c16        6.752410         1.000000         0.000000    
 hkr32c17        8.933879         1.000000         0.000000    
 hkr32c18        1.326990         1.000000         0.000000    
 hkr32c19        1.384871         1.000000         0.000000    
 hkr33c02        14.41501         1.000000         0.000000    
 hkr33c03        6.138712         1.000000         0.000000    
 hkr33c04        5.602156         1.000000         0.000000    
 hkr33c05        3.239215         1.000000         0.000000    
 hkr33c06        2.974320         1.000000         0.000000    
 hkr33c07        2.567823         1.000000         0.000000    
 hkr33c08        9.259192         1.000000         0.000000    
 hkr33c09        4.997670         1.000000         0.000000    
 hkr33c10        4.931215         1.000000         0.000000    
 hkr33c11        16.24942         1.000000         0.000000    
 hkr33c12        3.921516         1.000000         0.000000    
 hkr33c13        5.657803         1.000000         0.000000    
 hkr33c14        6.470643         1.000000         0.000000    
 hkr33c15        19.39292         1.000000         0.000000    
 hkr33c16        11.66728         1.000000         0.000000    
 hkr33c17        2.716641         1.000000         0.000000    
 hkr33c18        6.755586         1.000000         0.000000    
 hkr33c19        1.642703         1.000000         0.000000    
 hkr34c03        14.36525         1.000000         0.000000    
 hkr34c04        5.968171         1.000000         0.000000    
 hkr34c05        5.557445         1.000000         0.000000    
 hkr34c06        7.557468         1.000000         0.000000    
 hkr34c07        34.20216         1.000000         0.000000    
 hkr34c08        3.141024         1.000000         0.000000    
 hkr34c09        12.19939         1.000000         0.000000    
 hkr34c10        2.899329         1.000000         0.000000    
 hkr34c11        10.26154         1.000000         0.000000    
 hkr34c12        5.002383         1.000000         0.000000    
 hkr34c13        1.880368         1.000000         0.000000    
 hkr34c14        10.87507         1.000000         0.000000    
 hkr34c15       0.5947512         1.000000         0.000000    
 hkr34c16        4.167840         1.000000         0.000000    
 hkr34c17        2.776357         1.000000         0.000000    
 hkr34c18        4.494037         1.000000         0.000000    
 hkr34c19        2.407906         1.000000         0.000000    
 hkr35c04        5.338685         1.000000         0.000000    
 hkr35c05        3.576134         1.000000         0.000000    
 hkr35c06        9.341379         1.000000         0.000000    
 hkr35c07        59.47512         1.000000         0.000000    
 hkr35c08        4.843924         1.000000         0.000000    
 hkr35c09        2.349436         1.000000         0.000000    
 hkr35c10        55.70310         1.000000         0.000000    
 hkr35c11        8.395136         1.000000         0.000000    
 hkr35c12        2.829729         1.000000         0.000000    
 hkr35c13        2.226940         1.000000         0.000000    
 hkr35c14        27.80495         1.000000         0.000000    
 hkr35c15        41.98297         1.000000         0.000000    
 hkr35c16        5.544487         1.000000         0.000000    
 hkr35c17        1.166247         1.000000         0.000000    
 hkr35c18        59.47512         1.000000         0.000000    
 hkr36c04        4.747614         1.000000         0.000000    
 hkr36c05        33.34524         1.000000         0.000000    
 hkr36c06        5.256802         1.000000         0.000000    
 hkr36c07        5.921565         1.000000         0.000000    
 hkr36c08        15.95991         1.000000         0.000000    
 hkr36c09        26.55841         1.000000         0.000000    
 hkr36c10        2.548385         1.000000         0.000000    
 hkr36c11       0.7405635         1.000000         0.000000    
 hkr36c12        10.66209         1.000000         0.000000    
 hkr36c13        4.058538         1.000000         0.000000    
 hkr36c14        12.01242         1.000000         0.000000    
 hkr36c15        17.96871         1.000000         0.000000    
 hkr36c16        7.859326         1.000000         0.000000    
 hkr36c17        10.79324         1.000000         0.000000    
 hkr36c18        9.341280         1.000000         0.000000    
 hkr37c05        59.47512         1.000000         0.000000    
 hkr37c06        1.838773         1.000000         0.000000    
 hkr37c07        10.20980         1.000000         0.000000    
 hkr37c08        5.358556         1.000000         0.000000    
 hkr37c09        1.396707         1.000000         0.000000    
 hkr37c10        22.89027         1.000000         0.000000    
 hkr37c11        59.47512         1.000000         0.000000    
 hkr37c12        18.58112         1.000000         0.000000    
 hkr37c13        53.60703         1.000000         0.000000    
 hkr37c14        8.562034         1.000000         0.000000    
 hkr37c15        6.689176         1.000000         0.000000    
 hkr37c16        59.47512         1.000000         0.000000    
 hkr37c17        1.073305         1.000000         0.000000    
 hkr38c05        6.323785         1.000000         0.000000    
 hkr38c06        10.36518         1.000000         0.000000    
 hkr38c07        4.676475         1.000000         0.000000    
 hkr38c08        9.574588         1.000000         0.000000    
 hkr38c09        9.854292         1.000000         0.000000    
 hkr38c10        59.47512         1.000000         0.000000    
 hkr38c11        7.183960         1.000000         0.000000    
 hkr38c12        9.919721         1.000000         0.000000    
 hkr38c13        1.568578         1.000000         0.000000    
 hkr38c14        1.197660         1.000000         0.000000    
 hkr38c15        7.167093         1.000000         0.000000    
 hkr38c16        4.169175         1.000000         0.000000    
 hkr39c05        10.67178         1.000000         0.000000    
 hkr39c06        33.63804         1.000000         0.000000    
 hkr39c07        6.835930         1.000000         0.000000    
 hkr39c08        4.783284         1.000000         0.000000    
 hkr39c09        9.223482         1.000000         0.000000    
 hkr39c10        42.97769         1.000000         0.000000    
 hkr39c11        1.443917         1.000000         0.000000    
 hkr39c12        59.47512         1.000000         0.000000    
 hkr39c13        12.41059         1.000000         0.000000    
 hkr39c14        59.47512         1.000000         0.000000    
