single point
 rch_1          0.9485731         1.000000         0.000000    
 rch_2          0.9777628         1.000000         0.000000    
 rcond00         21164.47         1.000000         0.000000    
 rcond01         7157.494         1.000000         0.000000    
 rcond02         578.3134         1.000000         0.000000    
 rcond03         5742.383         1.000000         0.000000    
 rcond04         3535.766         1.000000         0.000000    
 rcond05         26575.18         1.000000         0.000000    
 rcond06         10011.76         1.000000         0.000000    
 rcond07         16393.10         1.000000         0.000000    
 rcond08         1830.738         1.000000         0.000000    
 rcond09         12523.47         1.000000         0.000000    
 rcond10         5048.246         1.000000         0.000000    
 rcond11         47790.86         1.000000         0.000000    
 rcond12         16113.90         1.000000         0.000000    
 rcond13         1589.729         1.000000         0.000000    
 rcond14         6998.945         1.000000         0.000000    
 rcond15         1978.574         1.000000         0.000000    
 rcond16         4345.728         1.000000         0.000000    
 rcond17         13203.18         1.000000         0.000000    
 rcond18         2189.680         1.000000         0.000000    
 rcond19         3306.451         1.000000         0.000000    
 rcond20         4739.887         1.000000         0.000000    
 rcond21         2628.896         1.000000         0.000000    
 rcond22         1701.295         1.000000         0.000000    
 rcond23         1263.855         1.000000         0.000000    
 rcond24         4733.595         1.000000         0.000000    
 rcond25         3292.196         1.000000         0.000000    
 rcond26         4728.871         1.000000         0.000000    
 rcond27         13252.08         1.000000         0.000000    
 rcond28         588.9192         1.000000         0.000000    
 rcond29         5038.896         1.000000         0.000000    
 rcond30         13756.49         1.000000         0.000000    
 rcond31         49043.72         1.000000         0.000000    
 rcond32         5529.418         1.000000         0.000000    
 rcond33         4977.702         1.000000         0.000000    
 rcond34         7323.607         1.000000         0.000000    
 rcond35         5938.893         1.000000         0.000000    
 rcond36         12452.62         1.000000         0.000000    
 rcond37         33859.43         1.000000         0.000000    
 rcond38         3943.729         1.000000         0.000000    
 rcond39         1444.396         1.000000         0.000000    
 ss             1.9991730E-06     1.000000         0.000000    
 sy             7.4163760E-03     1.000000         0.000000    
 wf1_1           720.4014        -1.000000         0.000000    
 wf2_1           389.6640        -1.000000         0.000000    
 wf3_1           370.6560        -1.000000         0.000000    
 wf4_1           78.88320        -1.000000         0.000000    
 wf5_1           68.42880        -1.000000         0.000000    
 wf6_1           334.3680        -1.000000         0.000000    
 wf1_2           936.4496        -1.000000         0.000000    
 wf2_2           421.0091        -1.000000         0.000000    
 wf3_2           335.6039        -1.000000         0.000000    
 wf4_2           84.21541        -1.000000         0.000000    
 wf5_2           48.24642        -1.000000         0.000000    
 wf6_2           429.6849        -1.000000         0.000000    
 hkr00c00        7.030641         1.000000         0.000000    
 hkr00c01        33.78296         1.000000         0.000000    
 hkr00c02        9.214013         1.000000         0.000000    
 hkr00c03        4.571910         1.000000         0.000000    
 hkr00c04       0.7989479         1.000000         0.000000    
 hkr00c05       0.7323753         1.000000         0.000000    
 hkr00c06        40.71404         1.000000         0.000000    
 hkr00c07        7.053975         1.000000         0.000000    
 hkr00c08        2.961897         1.000000         0.000000    
 hkr00c09        7.915562         1.000000         0.000000    
 hkr00c10        7.084240         1.000000         0.000000    
 hkr00c11        11.11298         1.000000         0.000000    
 hkr00c12        1.393667         1.000000         0.000000    
 hkr00c13        6.106221         1.000000         0.000000    
 hkr00c14       0.5947512         1.000000         0.000000    
 hkr00c15        2.331997         1.000000         0.000000    
 hkr00c16        8.095306         1.000000         0.000000    
 hkr00c17       0.8814770         1.000000         0.000000    
 hkr00c18        12.22456         1.000000         0.000000    
 hkr00c19        2.285191         1.000000         0.000000    
 hkr01c00        2.368012         1.000000         0.000000    
 hkr01c01        13.69172         1.000000         0.000000    
 hkr01c02        4.052926         1.000000         0.000000    
 hkr01c03        1.756037         1.000000         0.000000    
 hkr01c04        10.79529         1.000000         0.000000    
 hkr01c05        17.02195         1.000000         0.000000    
 hkr01c06        5.557702         1.000000         0.000000    
 hkr01c07        5.027359         1.000000         0.000000    
 hkr01c08        11.24450         1.000000         0.000000    
 hkr01c09        2.920475         1.000000         0.000000    
 hkr01c10        5.114530         1.000000         0.000000    
 hkr01c11        2.631037         1.000000         0.000000    
 hkr01c12        17.36525         1.000000         0.000000    
 hkr01c13        7.687256         1.000000         0.000000    
 hkr01c14       0.5947512         1.000000         0.000000    
 hkr01c15        3.399276         1.000000         0.000000    
 hkr01c16       0.9933732         1.000000         0.000000    
 hkr01c17        2.451677         1.000000         0.000000    
 hkr01c18        2.365365         1.000000         0.000000    
 hkr01c19        6.601906         1.000000         0.000000    
 hkr02c00        6.779515         1.000000         0.000000    
 hkr02c01        2.402979         1.000000         0.000000    
 hkr02c02        1.424339         1.000000         0.000000    
 hkr02c03        6.327905         1.000000         0.000000    
 hkr02c04        1.896282         1.000000         0.000000    
 hkr02c05        3.885415         1.000000         0.000000    
 hkr02c06       0.7846727         1.000000         0.000000    
 hkr02c07        2.693265         1.000000         0.000000    
 hkr02c08        59.47512         1.000000         0.000000    
 hkr02c09        7.805559         1.000000         0.000000    
 hkr02c10        1.483191         1.000000         0.000000    
 hkr02c11        28.52218         1.000000         0.000000    
 hkr02c12        18.98453         1.000000         0.000000    
 hkr02c13        30.25431         1.000000         0.000000    
 hkr02c14        1.916092         1.000000         0.000000    
 hkr02c15        4.933614         1.000000         0.000000    
 hkr02c16        4.518796         1.000000         0.000000    
 hkr02c17        6.387841         1.000000         0.000000    
 hkr02c18        16.73324         1.000000         0.000000    
 hkr02c19        5.217644         1.000000         0.000000    
 hkr03c00        25.25858         1.000000         0.000000    
 hkr03c01        11.08946         1.000000         0.000000    
 hkr03c02        6.451820         1.000000         0.000000    
 hkr03c03        1.269161         1.000000         0.000000    
 hkr03c04        59.47512         1.000000         0.000000    
 hkr03c05        18.11481         1.000000         0.000000    
 hkr03c06        15.09186         1.000000         0.000000    
 hkr03c07        5.326476         1.000000         0.000000    
 hkr03c08        10.94861         1.000000         0.000000    
 hkr03c09       0.9759641         1.000000         0.000000    
 hkr03c10        5.343707         1.000000         0.000000    
 hkr03c11        3.673815         1.000000         0.000000    
 hkr03c12        9.021079         1.000000         0.000000    
 hkr03c13        16.02160         1.000000         0.000000    
 hkr03c14        25.76807         1.000000         0.000000    
 hkr03c15        1.005540         1.000000         0.000000    
 hkr03c16        9.796136         1.000000         0.000000    
 hkr03c17        7.312359         1.000000         0.000000    
 hkr03c18        11.94152         1.000000         0.000000    
 hkr03c19       0.6648064         1.000000         0.000000    
 hkr04c00        8.595107         1.000000         0.000000    
 hkr04c01        5.367965         1.000000         0.000000    
 hkr04c02        2.350973         1.000000         0.000000    
 hkr04c03        5.262511         1.000000         0.000000    
 hkr04c04        4.415670         1.000000         0.000000    
 hkr04c05        4.070360         1.000000         0.000000    
 hkr04c06        9.055421         1.000000         0.000000    
 hkr04c07        17.11483         1.000000         0.000000    
 hkr04c08        59.47512         1.000000         0.000000    
 hkr04c09        3.406572         1.000000         0.000000    
 hkr04c10        2.357185         1.000000         0.000000    
 hkr04c11        7.485048         1.000000         0.000000    
 hkr04c12        9.895904         1.000000         0.000000    
 hkr04c13        4.108284         1.000000         0.000000    
 hkr04c14        2.427805         1.000000         0.000000    
 hkr04c15        9.682513         1.000000         0.000000    
 hkr04c16        27.49720         1.000000         0.000000    
 hkr04c17        1.062311         1.000000         0.000000    
 hkr04c18        3.890858         1.000000         0.000000    
 hkr04c19        2.861366         1.000000         0.000000    
 hkr05c00       0.8086979         1.000000         0.000000    
 hkr05c01        59.47512         1.000000         0.000000    
 hkr05c02        1.454056         1.000000         0.000000    
 hkr05c03        1.104161         1.000000         0.000000    
 hkr05c04        14.54030         1.000000         0.000000    
 hkr05c05        7.045203         1.000000         0.000000    
 hkr05c06        2.193216         1.000000         0.000000    
 hkr05c07        3.782281         1.000000         0.000000    
 hkr05c08        13.09524         1.000000         0.000000    
 hkr05c09        12.78272         1.000000         0.000000    
 hkr05c10        46.70231         1.000000         0.000000    
 hkr05c11        1.428500         1.000000         0.000000    
 hkr05c12        3.513777         1.000000         0.000000    
 hkr05c13       0.8056461         1.000000         0.000000    
 hkr05c14        15.43647         1.000000         0.000000    
 hkr05c15        10.24330         1.000000         0.000000    
 hkr05c16        9.871168         1.000000         0.000000    
 hkr05c17        4.838935         1.000000         0.000000    
 hkr05c18        20.40333         1.000000         0.000000    
 hkr05c19        14.30929         1.000000         0.000000    
 hkr06c00        13.88239         1.000000         0.000000    
 hkr06c01        59.47512         1.000000         0.000000    
 hkr06c02        1.988870         1.000000         0.000000    
 hkr06c03       0.5947512         1.000000         0.000000    
 hkr06c04        3.592169         1.000000         0.000000    
 hkr06c05        5.334181         1.000000         0.000000    
 hkr06c06        3.351992         1.000000         0.000000    
 hkr06c07        13.18574         1.000000         0.000000    
 hkr06c08        43.09072         1.000000         0.000000    
 hkr06c09        8.575369         1.000000         0.000000    
 hkr06c10        15.55424         1.000000         0.000000    
 hkr06c11        2.024218         1.000000         0.000000    
 hkr06c12        1.554276         1.000000         0.000000    
 hkr06c13        4.687695         1.000000         0.000000    
 hkr06c14        18.18897         1.000000         0.000000    
 hkr06c15        11.81274         1.000000         0.000000    
 hkr06c16        35.75852         1.000000         0.000000    
 hkr06c17        1.579028         1.000000         0.000000    
 hkr06c18        35.71165         1.000000         0.000000    
 hkr06c19        4.288505         1.000000         0.000000    
 hkr07c00        23.30670         1.000000         0.000000    
 hkr07c01        12.14760         1.000000         0.000000    
 hkr07c02        6.923134         1.000000         0.000000    
 hkr07c03        8.897250         1.000000         0.000000    
 hkr07c04        4.855239         1.000000         0.000000    
 hkr07c05        5.227200         1.000000         0.000000    
 hkr07c06        2.126286         1.000000         0.000000    
 hkr07c07        1.507585         1.000000         0.000000    
 hkr07c08        17.38596         1.000000         0.000000    
 hkr07c09        4.136959         1.000000         0.000000    
 hkr07c10        5.239121         1.000000         0.000000    
 hkr07c11        7.729318         1.000000         0.000000    
 hkr07c12        7.499493         1.000000         0.000000    
 hkr07c13       0.5947512         1.000000         0.000000    
 hkr07c14        1.496661         1.000000         0.000000    
 hkr07c15        1.962837         1.000000         0.000000    
 hkr07c16        18.31980         1.000000         0.000000    
 hkr07c17        9.925653         1.000000         0.000000    
 hkr07c18        2.896911         1.000000         0.000000    
 hkr07c19        6.861880         1.000000         0.000000    
 hkr08c00       0.5947512         1.000000         0.000000    
 hkr08c01        2.164122         1.000000         0.000000    
 hkr08c02        1.195527         1.000000         0.000000    
 hkr08c03        4.458676         1.000000         0.000000    
 hkr08c07        6.197347         1.000000         0.000000    
 hkr08c08        2.878203         1.000000         0.000000    
 hkr08c09        7.777638         1.000000         0.000000    
 hkr08c10        3.704209         1.000000         0.000000    
 hkr08c11        9.315082         1.000000         0.000000    
 hkr08c12        6.956328         1.000000         0.000000    
 hkr08c13        4.417242         1.000000         0.000000    
 hkr08c14        5.625376         1.000000         0.000000    
 hkr08c15        1.015138         1.000000         0.000000    
 hkr08c16        3.493079         1.000000         0.000000    
 hkr08c17        12.30719         1.000000         0.000000    
 hkr08c18        37.47454         1.000000         0.000000    
 hkr08c19       0.9006549         1.000000         0.000000    
 hkr09c00        17.79166         1.000000         0.000000    
 hkr09c01        2.023103         1.000000         0.000000    
 hkr09c02        3.747525         1.000000         0.000000    
 hkr09c03        12.00468         1.000000         0.000000    
 hkr09c08        10.97860         1.000000         0.000000    
 hkr09c09        2.148827         1.000000         0.000000    
 hkr09c10        4.747776         1.000000         0.000000    
 hkr09c11        6.442692         1.000000         0.000000    
 hkr09c12        7.270079         1.000000         0.000000    
 hkr09c13       0.7871518         1.000000         0.000000    
 hkr09c14        18.68949         1.000000         0.000000    
 hkr09c15        6.168370         1.000000         0.000000    
 hkr09c16        1.815154         1.000000         0.000000    
 hkr09c17        6.653590         1.000000         0.000000    
 hkr09c18        3.941709         1.000000         0.000000    
 hkr09c19        5.019858         1.000000         0.000000    
 hkr10c00        3.876497         1.000000         0.000000    
 hkr10c01        12.12443         1.000000         0.000000    
 hkr10c02        2.723591         1.000000         0.000000    
 hkr10c03        17.42625         1.000000         0.000000    
 hkr10c08        8.787350         1.000000         0.000000    
 hkr10c09        2.720046         1.000000         0.000000    
 hkr10c10        2.068708         1.000000         0.000000    
 hkr10c11        36.32131         1.000000         0.000000    
 hkr10c12        28.02209         1.000000         0.000000    
 hkr10c13        4.711875         1.000000         0.000000    
 hkr10c14       0.7706422         1.000000         0.000000    
 hkr10c15        13.13988         1.000000         0.000000    
 hkr10c16        13.32036         1.000000         0.000000    
 hkr10c17        1.890939         1.000000         0.000000    
 hkr10c18        5.365150         1.000000         0.000000    
 hkr10c19        43.88569         1.000000         0.000000    
 hkr11c00        22.56999         1.000000         0.000000    
 hkr11c01        5.408037         1.000000         0.000000    
 hkr11c02        9.905494         1.000000         0.000000    
 hkr11c03        59.47512         1.000000         0.000000    
 hkr11c08        7.177755         1.000000         0.000000    
 hkr11c09        3.316251         1.000000         0.000000    
 hkr11c10        3.121726         1.000000         0.000000    
 hkr11c11        5.075079         1.000000         0.000000    
 hkr11c12        4.452343         1.000000         0.000000    
 hkr11c13       0.9881581         1.000000         0.000000    
 hkr11c14        30.72463         1.000000         0.000000    
 hkr11c15        1.217777         1.000000         0.000000    
 hkr11c16        4.514100         1.000000         0.000000    
 hkr11c17        25.17081         1.000000         0.000000    
 hkr11c18        3.074534         1.000000         0.000000    
 hkr11c19        1.221094         1.000000         0.000000    
 hkr12c00        27.55232         1.000000         0.000000    
 hkr12c01        1.909527         1.000000         0.000000    
 hkr12c02        1.646323         1.000000         0.000000    
 hkr12c03        2.429685         1.000000         0.000000    
 hkr12c08        3.081436         1.000000         0.000000    
 hkr12c09        29.90487         1.000000         0.000000    
 hkr12c10        31.42556         1.000000         0.000000    
 hkr12c11        3.554894         1.000000         0.000000    
 hkr12c12        32.93805         1.000000         0.000000    
 hkr12c13        24.38030         1.000000         0.000000    
 hkr12c14        4.711620         1.000000         0.000000    
 hkr12c15        5.724238         1.000000         0.000000    
 hkr12c16        20.51042         1.000000         0.000000    
 hkr12c17       0.5947512         1.000000         0.000000    
 hkr12c18        5.327486         1.000000         0.000000    
 hkr12c19        22.73600         1.000000         0.000000    
 hkr13c00        8.674026         1.000000         0.000000    
 hkr13c01       0.5947512         1.000000         0.000000    
 hkr13c02        19.58410         1.000000         0.000000    
 hkr13c03        1.046996         1.000000         0.000000    
 hkr13c08        1.853941         1.000000         0.000000    
 hkr13c09        5.653704         1.000000         0.000000    
 hkr13c10        5.049684         1.000000         0.000000    
 hkr13c11        12.60857         1.000000         0.000000    
 hkr13c12        25.97756         1.000000         0.000000    
 hkr13c13        3.809092         1.000000         0.000000    
 hkr13c14        2.194377         1.000000         0.000000    
 hkr13c15        5.457260         1.000000         0.000000    
 hkr13c16        5.944913         1.000000         0.000000    
 hkr13c17        10.65699         1.000000         0.000000    
 hkr13c18        8.171734         1.000000         0.000000    
 hkr13c19        26.69249         1.000000         0.000000    
 hkr14c00        1.369179         1.000000         0.000000    
 hkr14c01        10.08710         1.000000         0.000000    
 hkr14c02        11.76764         1.000000         0.000000    
 hkr14c03        13.14889         1.000000         0.000000    
 hkr14c08        31.91256         1.000000         0.000000    
 hkr14c09        23.02265         1.000000         0.000000    
 hkr14c10        3.430165         1.000000         0.000000    
 hkr14c11        20.13571         1.000000         0.000000    
 hkr14c12        2.875359         1.000000         0.000000    
 hkr14c13        1.633593         1.000000         0.000000    
 hkr14c14        6.905244         1.000000         0.000000    
 hkr14c15        54.66583         1.000000         0.000000    
 hkr14c16        1.473349         1.000000         0.000000    
 hkr14c17        2.487046         1.000000         0.000000    
 hkr14c18        7.531178         1.000000         0.000000    
 hkr14c19        8.447805         1.000000         0.000000    
 hkr15c00        18.89073         1.000000         0.000000    
 hkr15c01        55.22137         1.000000         0.000000    
 hkr15c02       0.5947512         1.000000         0.000000    
 hkr15c03        7.463931         1.000000         0.000000    
 hkr15c08        14.99263         1.000000         0.000000    
 hkr15c09        1.621328         1.000000         0.000000    
 hkr15c10        10.16522         1.000000         0.000000    
 hkr15c11        5.587545         1.000000         0.000000    
 hkr15c12        10.34899         1.000000         0.000000    
 hkr15c13        4.447716         1.000000         0.000000    
 hkr15c14        4.699952         1.000000         0.000000    
 hkr15c15        18.40135         1.000000         0.000000    
 hkr15c16        3.695786         1.000000         0.000000    
 hkr15c17        11.24296         1.000000         0.000000    
 hkr15c18        5.225940         1.000000         0.000000    
 hkr15c19        7.836491         1.000000         0.000000    
 hkr16c00        20.69912         1.000000         0.000000    
 hkr16c01        10.15569         1.000000         0.000000    
 hkr16c02        1.057961         1.000000         0.000000    
 hkr16c03        39.33477         1.000000         0.000000    
 hkr16c08        10.33807         1.000000         0.000000    
 hkr16c09        8.723332         1.000000         0.000000    
 hkr16c10        1.491049         1.000000         0.000000    
 hkr16c11        1.517829         1.000000         0.000000    
 hkr16c12        6.327971         1.000000         0.000000    
 hkr16c13        5.017912         1.000000         0.000000    
 hkr16c14        8.953554         1.000000         0.000000    
 hkr16c15       0.5947512         1.000000         0.000000    
 hkr16c16        20.82155         1.000000         0.000000    
 hkr16c17        53.13252         1.000000         0.000000    
 hkr16c18        17.75820         1.000000         0.000000    
 hkr16c19        3.327999         1.000000         0.000000    
 hkr17c00        9.118231         1.000000         0.000000    
 hkr17c01        1.367090         1.000000         0.000000    
 hkr17c02        2.444225         1.000000         0.000000    
 hkr17c03        9.169362         1.000000         0.000000    
 hkr17c08        6.823418         1.000000         0.000000    
 hkr17c09        2.369935         1.000000         0.000000    
 hkr17c10        8.608756         1.000000         0.000000    
 hkr17c11        36.95608         1.000000         0.000000    
 hkr17c12        8.558566         1.000000         0.000000    
 hkr17c13        2.383812         1.000000         0.000000    
 hkr17c14        7.167130         1.000000         0.000000    
 hkr17c15        26.56081         1.000000         0.000000    
 hkr17c16        1.371137         1.000000         0.000000    
 hkr17c17        3.396196         1.000000         0.000000    
 hkr17c18        13.80107         1.000000         0.000000    
 hkr17c19        1.240164         1.000000         0.000000    
 hkr18c00        3.085008         1.000000         0.000000    
 hkr18c01       0.5947512         1.000000         0.000000    
 hkr18c02        12.73296         1.000000         0.000000    
 hkr18c03        2.637069         1.000000         0.000000    
 hkr18c08        10.35497         1.000000         0.000000    
 hkr18c09        20.03938         1.000000         0.000000    
 hkr18c10        3.158662         1.000000         0.000000    
 hkr18c11        1.779579         1.000000         0.000000    
 hkr18c12        15.56734         1.000000         0.000000    
 hkr18c13        10.06452         1.000000         0.000000    
 hkr18c14        1.137193         1.000000         0.000000    
 hkr18c15        4.441485         1.000000         0.000000    
 hkr18c16        15.86733         1.000000         0.000000    
 hkr18c17        9.925704         1.000000         0.000000    
 hkr18c18        9.712045         1.000000         0.000000    
 hkr18c19       0.5947512         1.000000         0.000000    
 hkr19c00        7.033932         1.000000         0.000000    
 hkr19c01        2.578632         1.000000         0.000000    
 hkr19c02        4.056352         1.000000         0.000000    
 hkr19c03        8.786599         1.000000         0.000000    
 hkr19c08        1.621055         1.000000         0.000000    
 hkr19c09        14.88269         1.000000         0.000000    
 hkr19c10        1.430559         1.000000         0.000000    
 hkr19c11        5.930520         1.000000         0.000000    
 hkr19c12        8.324098         1.000000         0.000000    
 hkr19c13        4.603388         1.000000         0.000000    
 hkr19c14        1.308985         1.000000         0.000000    
 hkr19c15        2.520616         1.000000         0.000000    
 hkr19c16        59.47512         1.000000         0.000000    
 hkr19c17        2.926358         1.000000         0.000000    
 hkr19c18        3.813294         1.000000         0.000000    
 hkr19c19        4.206320         1.000000         0.000000    
 hkr20c00        2.108325         1.000000         0.000000    
 hkr20c01        59.47512         1.000000         0.000000    
 hkr20c02        3.880172         1.000000         0.000000    
 hkr20c03        10.80954         1.000000         0.000000    
 hkr20c08        4.874215         1.000000         0.000000    
 hkr20c09        12.49361         1.000000         0.000000    
 hkr20c10        3.246102         1.000000         0.000000    
 hkr20c11        11.71668         1.000000         0.000000    
 hkr20c12        8.044595         1.000000         0.000000    
 hkr20c13        23.08542         1.000000         0.000000    
 hkr20c14        9.385632         1.000000         0.000000    
 hkr20c15        1.243541         1.000000         0.000000    
 hkr20c16       0.5947512         1.000000         0.000000    
 hkr20c17        8.498841         1.000000         0.000000    
 hkr20c18        2.340418         1.000000         0.000000    
 hkr20c19        3.133331         1.000000         0.000000    
 hkr21c00        3.817945         1.000000         0.000000    
 hkr21c01        7.350472         1.000000         0.000000    
 hkr21c02        5.278675         1.000000         0.000000    
 hkr21c03        18.39794         1.000000         0.000000    
 hkr21c06        59.47512         1.000000         0.000000    
 hkr21c07        22.82778         1.000000         0.000000    
 hkr21c08        6.760254         1.000000         0.000000    
 hkr21c09        1.855787         1.000000         0.000000    
 hkr21c10        3.694258         1.000000         0.000000    
 hkr21c11        1.847837         1.000000         0.000000    
 hkr21c12        3.286060         1.000000         0.000000    
 hkr21c13        1.672151         1.000000         0.000000    
 hkr21c14        3.155122         1.000000         0.000000    
 hkr21c15        14.49619         1.000000         0.000000    
 hkr21c16        3.472315         1.000000         0.000000    
 hkr21c17        37.32068         1.000000         0.000000    
 hkr21c18        2.219618         1.000000         0.000000    
 hkr21c19        1.179163         1.000000         0.000000    
 hkr22c00        14.50292         1.000000         0.000000    
 hkr22c01        8.701408         1.000000         0.000000    
 hkr22c02        11.47364         1.000000         0.000000    
 hkr22c03        16.08529         1.000000         0.000000    
 hkr22c04        7.863866         1.000000         0.000000    
 hkr22c06        7.118783         1.000000         0.000000    
 hkr22c07        6.561541         1.000000         0.000000    
 hkr22c08        2.108253         1.000000         0.000000    
 hkr22c09       0.7882379         1.000000         0.000000    
 hkr22c10        5.702506         1.000000         0.000000    
 hkr22c11        59.47512         1.000000         0.000000    
 hkr22c12        5.033006         1.000000         0.000000    
 hkr22c13        2.007357         1.000000         0.000000    
 hkr22c14        7.008514         1.000000         0.000000    
 hkr22c15        11.65446         1.000000         0.000000    
 hkr22c16        44.77909         1.000000         0.000000    
 hkr22c17        21.96344         1.000000         0.000000    
 hkr22c18        14.25078         1.000000         0.000000    
 hkr22c19        5.177511         1.000000         0.000000    
 hkr23c00        52.20760         1.000000         0.000000    
 hkr23c01        3.383623         1.000000         0.000000    
 hkr23c02        1.639708         1.000000         0.000000    
 hkr23c03        1.334713         1.000000         0.000000    
 hkr23c04        9.547876         1.000000         0.000000    
 hkr23c05        1.246772         1.000000         0.000000    
 hkr23c06        3.745119         1.000000         0.000000    
 hkr23c07        5.327561         1.000000         0.000000    
 hkr23c08        1.314978         1.000000         0.000000    
 hkr23c09        48.11467         1.000000         0.000000    
 hkr23c10        1.529328         1.000000         0.000000    
 hkr23c11        13.38624         1.000000         0.000000    
 hkr23c12        4.694607         1.000000         0.000000    
 hkr23c13        1.002913         1.000000         0.000000    
 hkr23c14        8.727002         1.000000         0.000000    
 hkr23c15        3.589278         1.000000         0.000000    
 hkr23c16        15.95446         1.000000         0.000000    
 hkr23c17        7.697756         1.000000         0.000000    
 hkr23c18        3.120864         1.000000         0.000000    
 hkr23c19       0.5947512         1.000000         0.000000    
 hkr24c00        25.41465         1.000000         0.000000    
 hkr24c01        1.877875         1.000000         0.000000    
 hkr24c02        5.185971         1.000000         0.000000    
 hkr24c03        8.490179         1.000000         0.000000    
 hkr24c04        7.711615         1.000000         0.000000    
 hkr24c05        4.975561         1.000000         0.000000    
 hkr24c06        11.58773         1.000000         0.000000    
 hkr24c07       0.7729291         1.000000         0.000000    
 hkr24c08        2.519787         1.000000         0.000000    
 hkr24c09        33.88559         1.000000         0.000000    
 hkr24c10        36.79676         1.000000         0.000000    
 hkr24c11        2.226466         1.000000         0.000000    
 hkr24c12        3.625249         1.000000         0.000000    
 hkr24c13        2.298007         1.000000         0.000000    
 hkr24c14        1.045517         1.000000         0.000000    
 hkr24c15        2.077976         1.000000         0.000000    
 hkr24c16        1.634208         1.000000         0.000000    
 hkr24c17        2.855476         1.000000         0.000000    
 hkr24c18        3.402325         1.000000         0.000000    
 hkr24c19        1.653548         1.000000         0.000000    
 hkr25c00        12.55212         1.000000         0.000000    
 hkr25c01        3.425479         1.000000         0.000000    
 hkr25c02        8.140400         1.000000         0.000000    
 hkr25c03       0.8343606         1.000000         0.000000    
 hkr25c04        7.874118         1.000000         0.000000    
 hkr25c05        5.878693         1.000000         0.000000    
 hkr25c06       0.9929426         1.000000         0.000000    
 hkr25c07        14.52054         1.000000         0.000000    
 hkr25c08        9.275173         1.000000         0.000000    
 hkr25c09        9.642065         1.000000         0.000000    
 hkr25c10        1.675992         1.000000         0.000000    
 hkr25c11        15.76883         1.000000         0.000000    
 hkr25c12       0.5947512         1.000000         0.000000    
 hkr25c13        5.527432         1.000000         0.000000    
 hkr25c14        4.973480         1.000000         0.000000    
 hkr25c15        11.29078         1.000000         0.000000    
 hkr25c16        9.797916         1.000000         0.000000    
 hkr25c17        15.75030         1.000000         0.000000    
 hkr25c18        20.57645         1.000000         0.000000    
 hkr25c19       0.8875710         1.000000         0.000000    
 hkr26c00        59.47512         1.000000         0.000000    
 hkr26c01        2.830422         1.000000         0.000000    
 hkr26c02        24.74889         1.000000         0.000000    
 hkr26c03        8.468307         1.000000         0.000000    
 hkr26c04        7.665660         1.000000         0.000000    
 hkr26c05        2.259274         1.000000         0.000000    
 hkr26c06        5.545918         1.000000         0.000000    
 hkr26c07        7.410676         1.000000         0.000000    
 hkr26c08        17.13619         1.000000         0.000000    
 hkr26c09        3.396073         1.000000         0.000000    
 hkr26c10        1.771868         1.000000         0.000000    
 hkr26c11        1.567455         1.000000         0.000000    
 hkr26c12        1.612359         1.000000         0.000000    
 hkr26c13        2.561310         1.000000         0.000000    
 hkr26c14        6.145076         1.000000         0.000000    
 hkr26c15        3.305048         1.000000         0.000000    
 hkr26c16        5.356183         1.000000         0.000000    
 hkr26c17        8.829272         1.000000         0.000000    
 hkr26c18        1.246384         1.000000         0.000000    
 hkr26c19        3.314561         1.000000         0.000000    
 hkr27c00        25.99685         1.000000         0.000000    
 hkr27c01        4.640134         1.000000         0.000000    
 hkr27c02        2.125797         1.000000         0.000000    
 hkr27c03        25.46345         1.000000         0.000000    
 hkr27c04        3.112134         1.000000         0.000000    
 hkr27c05        59.47512         1.000000         0.000000    
 hkr27c06        1.488289         1.000000         0.000000    
 hkr27c07        9.890012         1.000000         0.000000    
 hkr27c08        34.60630         1.000000         0.000000    
 hkr27c09        14.76850         1.000000         0.000000    
 hkr27c10        4.880209         1.000000         0.000000    
 hkr27c11        2.580987         1.000000         0.000000    
 hkr27c12        6.128661         1.000000         0.000000    
 hkr27c13        3.303658         1.000000         0.000000    
 hkr27c14        30.68855         1.000000         0.000000    
 hkr27c15        3.440359         1.000000         0.000000    
 hkr27c16       0.5947512         1.000000         0.000000    
 hkr27c17        1.524595         1.000000         0.000000    
 hkr27c18        1.549236         1.000000         0.000000    
 hkr27c19       0.5947512         1.000000         0.000000    
 hkr28c00        20.36195         1.000000         0.000000    
 hkr28c01        4.218720         1.000000         0.000000    
 hkr28c02        2.321027         1.000000         0.000000    
 hkr28c03        13.62409         1.000000         0.000000    
 hkr28c04        43.66829         1.000000         0.000000    
 hkr28c05        6.948045         1.000000         0.000000    
 hkr28c06        14.16798         1.000000         0.000000    
 hkr28c07        17.21238         1.000000         0.000000    
 hkr28c08        3.833624         1.000000         0.000000    
 hkr28c09        2.400915         1.000000         0.000000    
 hkr28c10        1.126455         1.000000         0.000000    
 hkr28c11        10.94857         1.000000         0.000000    
 hkr28c12        13.65412         1.000000         0.000000    
 hkr28c13        43.37035         1.000000         0.000000    
 hkr28c14        5.084394         1.000000         0.000000    
 hkr28c15        7.741201         1.000000         0.000000    
 hkr28c16        1.639156         1.000000         0.000000    
 hkr28c17        2.232610         1.000000         0.000000    
 hkr28c18        5.095535         1.000000         0.000000    
 hkr28c19        9.733207         1.000000         0.000000    
 hkr29c00        13.43111         1.000000         0.000000    
 hkr29c01        1.317723         1.000000         0.000000    
 hkr29c02        39.06248         1.000000         0.000000    
 hkr29c03        26.76655         1.000000         0.000000    
 hkr29c04        59.47512         1.000000         0.000000    
 hkr29c05        2.629375         1.000000         0.000000    
 hkr29c06        1.236256         1.000000         0.000000    
 hkr29c07        14.15312         1.000000         0.000000    
 hkr29c08        5.576344         1.000000         0.000000    
 hkr29c09       0.5947512         1.000000         0.000000    
 hkr29c10        10.14941         1.000000         0.000000    
 hkr29c11        22.51742         1.000000         0.000000    
 hkr29c12        4.049030         1.000000         0.000000    
 hkr29c13        8.922974         1.000000         0.000000    
 hkr29c14        10.27249         1.000000         0.000000    
 hkr29c15        3.128628         1.000000         0.000000    
 hkr29c16        16.72643         1.000000         0.000000    
 hkr29c17        59.47512         1.000000         0.000000    
 hkr29c18        1.474884         1.000000         0.000000    
 hkr29c19        19.38496         1.000000         0.000000    
 hkr30c00        17.94036         1.000000         0.000000    
 hkr30c01        4.350341         1.000000         0.000000    
 hkr30c02        1.084855         1.000000         0.000000    
 hkr30c03        1.444379         1.000000         0.000000    
 hkr30c04        23.07705         1.000000         0.000000    
 hkr30c05        4.449641         1.000000         0.000000    
 hkr30c06        1.161872         1.000000         0.000000    
 hkr30c07       0.8861008         1.000000         0.000000    
 hkr30c08        11.20396         1.000000         0.000000    
 hkr30c09        22.45623         1.000000         0.000000    
 hkr30c10       0.6325349         1.000000         0.000000    
 hkr30c11       0.8326415         1.000000         0.000000    
 hkr30c12        1.455872         1.000000         0.000000    
 hkr30c13        30.34426         1.000000         0.000000    
 hkr30c14        3.774059         1.000000         0.000000    
 hkr30c15        10.66732         1.000000         0.000000    
 hkr30c16        13.58800         1.000000         0.000000    
 hkr30c17        10.13823         1.000000         0.000000    
 hkr30c18       0.8604017         1.000000         0.000000    
 hkr30c19        1.295242         1.000000         0.000000    
 hkr31c00        7.222229         1.000000         0.000000    
 hkr31c01        7.566981         1.000000         0.000000    
 hkr31c02        1.418061         1.000000         0.000000    
 hkr31c03       0.8115431         1.000000         0.000000    
 hkr31c04        4.624276         1.000000         0.000000    
 hkr31c05        23.37480         1.000000         0.000000    
 hkr31c06        14.17954         1.000000         0.000000    
 hkr31c07        9.579307         1.000000         0.000000    
 hkr31c08        7.866872         1.000000         0.000000    
 hkr31c09        8.588192         1.000000         0.000000    
 hkr31c10        5.151101         1.000000         0.000000    
 hkr31c11        2.460207         1.000000         0.000000    
 hkr31c12        2.148993         1.000000         0.000000    
 hkr31c13        11.28765         1.000000         0.000000    
 hkr31c14        21.55912         1.000000         0.000000    
 hkr31c15        7.387356         1.000000         0.000000    
 hkr31c16        3.431138         1.000000         0.000000    
 hkr31c17        33.29899         1.000000         0.000000    
 hkr31c18        4.275748         1.000000         0.000000    
 hkr31c19        7.366819         1.000000         0.000000    
 hkr32c01        59.47512         1.000000         0.000000    
 hkr32c02        8.296573         1.000000         0.000000    
 hkr32c03        10.10053         1.000000         0.000000    
 hkr32c04        5.055207         1.000000         0.000000    
 hkr32c05        2.465684         1.000000         0.000000    
 hkr32c06        2.625918         1.000000         0.000000    
 hkr32c07        19.23237         1.000000         0.000000    
 hkr32c08        44.43157         1.000000         0.000000    
 hkr32c09        6.231663         1.000000         0.000000    
 hkr32c10        6.612378         1.000000         0.000000    
 hkr32c11        55.73526         1.000000         0.000000    
 hkr32c12        9.918993         1.000000         0.000000    
 hkr32c13        1.588528         1.000000         0.000000    
 hkr32c14        5.995561         1.000000         0.000000    
 hkr32c15        7.182552         1.000000         0.000000    
 hkr32c16        1.904820         1.000000         0.000000    
 hkr32c17        15.01207         1.000000         0.000000    
 hkr32c18        1.759628         1.000000         0.000000    
 hkr32c19        30.26835         1.000000         0.000000    
 hkr33c02        4.279516         1.000000         0.000000    
 hkr33c03        59.47512         1.000000         0.000000    
 hkr33c04        24.42145         1.000000         0.000000    
 hkr33c05        1.571162         1.000000         0.000000    
 hkr33c06        21.30355         1.000000         0.000000    
 hkr33c07        1.459574         1.000000         0.000000    
 hkr33c08        35.13659         1.000000         0.000000    
 hkr33c09       0.6301619         1.000000         0.000000    
 hkr33c10        9.547881         1.000000         0.000000    
 hkr33c11        20.46976         1.000000         0.000000    
 hkr33c12        19.28311         1.000000         0.000000    
 hkr33c13        9.903167         1.000000         0.000000    
 hkr33c14        22.72916         1.000000         0.000000    
 hkr33c15        1.178530         1.000000         0.000000    
 hkr33c16        44.00159         1.000000         0.000000    
 hkr33c17        4.130475         1.000000         0.000000    
 hkr33c18        58.41661         1.000000         0.000000    
 hkr33c19        25.60983         1.000000         0.000000    
 hkr34c03        4.996565         1.000000         0.000000    
 hkr34c04        7.638319         1.000000         0.000000    
 hkr34c05       0.5947512         1.000000         0.000000    
 hkr34c06        1.499669         1.000000         0.000000    
 hkr34c07        6.991524         1.000000         0.000000    
 hkr34c08        21.25700         1.000000         0.000000    
 hkr34c09        3.726154         1.000000         0.000000    
 hkr34c10        3.680589         1.000000         0.000000    
 hkr34c11        4.826408         1.000000         0.000000    
 hkr34c12        4.612514         1.000000         0.000000    
 hkr34c13        9.983197         1.000000         0.000000    
 hkr34c14        3.901429         1.000000         0.000000    
 hkr34c15        17.54150         1.000000         0.000000    
 hkr34c16        2.966493         1.000000         0.000000    
 hkr34c17        18.71028         1.000000         0.000000    
 hkr34c18        27.76091         1.000000         0.000000    
 hkr34c19        2.073730         1.000000         0.000000    
 hkr35c04        2.490340         1.000000         0.000000    
 hkr35c05        2.967379         1.000000         0.000000    
 hkr35c06        2.726221         1.000000         0.000000    
 hkr35c07        2.199885         1.000000         0.000000    
 hkr35c08        6.605768         1.000000         0.000000    
 hkr35c09        6.152677         1.000000         0.000000    
 hkr35c10        20.12717         1.000000         0.000000    
 hkr35c11        5.408213         1.000000         0.000000    
 hkr35c12        59.47512         1.000000         0.000000    
 hkr35c13        6.898931         1.000000         0.000000    
 hkr35c14        2.706074         1.000000         0.000000    
 hkr35c15        2.308595         1.000000         0.000000    
 hkr35c16        1.503514         1.000000         0.000000    
 hkr35c17        4.301651         1.000000         0.000000    
 hkr35c18        3.855010         1.000000         0.000000    
 hkr36c04        22.40439         1.000000         0.000000    
 hkr36c05        8.251844         1.000000         0.000000    
 hkr36c06        17.47104         1.000000         0.000000    
 hkr36c07        8.717948         1.000000         0.000000    
 hkr36c08        15.94489         1.000000         0.000000    
 hkr36c09        11.56697         1.000000         0.000000    
 hkr36c10        4.193462         1.000000         0.000000    
 hkr36c11        3.487745         1.000000         0.000000    
 hkr36c12        7.259258         1.000000         0.000000    
 hkr36c13        17.29799         1.000000         0.000000    
 hkr36c14        18.51706         1.000000         0.000000    
 hkr36c15        6.019812         1.000000         0.000000    
 hkr36c16        4.761800         1.000000         0.000000    
 hkr36c17        53.45960         1.000000         0.000000    
 hkr36c18        29.20626         1.000000         0.000000    
 hkr37c05        4.469238         1.000000         0.000000    
 hkr37c06        4.065493         1.000000         0.000000    
 hkr37c07       0.5947512         1.000000         0.000000    
 hkr37c08        19.33607         1.000000         0.000000    
 hkr37c09        23.40583         1.000000         0.000000    
 hkr37c10        6.185360         1.000000         0.000000    
 hkr37c11        19.55642         1.000000         0.000000    
 hkr37c12        1.744883         1.000000         0.000000    
 hkr37c13        9.520658         1.000000         0.000000    
 hkr37c14        2.239854         1.000000         0.000000    
 hkr37c15        7.264710         1.000000         0.000000    
 hkr37c16        7.117171         1.000000         0.000000    
 hkr37c17        59.47512         1.000000         0.000000    
 hkr38c05        32.56033         1.000000         0.000000    
 hkr38c06        23.52190         1.000000         0.000000    
 hkr38c07        17.40773         1.000000         0.000000    
 hkr38c08        59.47512         1.000000         0.000000    
 hkr38c09       0.9880846         1.000000         0.000000    
 hkr38c10        9.622503         1.000000         0.000000    
 hkr38c11        6.600787         1.000000         0.000000    
 hkr38c12        6.157770         1.000000         0.000000    
 hkr38c13        4.205710         1.000000         0.000000    
 hkr38c14        7.017049         1.000000         0.000000    
 hkr38c15        4.727029         1.000000         0.000000    
 hkr38c16        1.403170         1.000000         0.000000    
 hkr39c05        1.662408         1.000000         0.000000    
 hkr39c06        11.41241         1.000000         0.000000    
 hkr39c07        3.839063         1.000000         0.000000    
 hkr39c08        4.597274         1.000000         0.000000    
 hkr39c09        1.614462         1.000000         0.000000    
 hkr39c10        20.95538         1.000000         0.000000    
 hkr39c11        3.387948         1.000000         0.000000    
 hkr39c12        13.04050         1.000000         0.000000    
 hkr39c13        5.827925         1.000000         0.000000    
 hkr39c14        5.944271         1.000000         0.000000    
