single point
 rch_1          0.9000000         1.000000         0.000000    
 rch_2          0.9606930         1.000000         0.000000    
 rcond00         15428.24         1.000000         0.000000    
 rcond01         7976.593         1.000000         0.000000    
 rcond02         2947.163         1.000000         0.000000    
 rcond03         14536.56         1.000000         0.000000    
 rcond04         490.4372         1.000000         0.000000    
 rcond05         17576.31         1.000000         0.000000    
 rcond06         30640.64         1.000000         0.000000    
 rcond07         490.4372         1.000000         0.000000    
 rcond08         490.4372         1.000000         0.000000    
 rcond09         23749.18         1.000000         0.000000    
 rcond10         490.4372         1.000000         0.000000    
 rcond11         490.4372         1.000000         0.000000    
 rcond12         31351.93         1.000000         0.000000    
 rcond13         20848.53         1.000000         0.000000    
 rcond14         490.4372         1.000000         0.000000    
 rcond15         5840.339         1.000000         0.000000    
 rcond16         14033.52         1.000000         0.000000    
 rcond17         15054.11         1.000000         0.000000    
 rcond18         13802.61         1.000000         0.000000    
 rcond19         3653.270         1.000000         0.000000    
 rcond20         6669.922         1.000000         0.000000    
 rcond21         701.5182         1.000000         0.000000    
 rcond22         26614.91         1.000000         0.000000    
 rcond23         490.4372         1.000000         0.000000    
 rcond24         6664.299         1.000000         0.000000    
 rcond25         490.4372         1.000000         0.000000    
 rcond26         3791.436         1.000000         0.000000    
 rcond27         4872.685         1.000000         0.000000    
 rcond28         490.4372         1.000000         0.000000    
 rcond29         490.4372         1.000000         0.000000    
 rcond30         490.4372         1.000000         0.000000    
 rcond31         20139.31         1.000000         0.000000    
 rcond32         1257.494         1.000000         0.000000    
 rcond33         14731.71         1.000000         0.000000    
 rcond34         8224.200         1.000000         0.000000    
 rcond35         490.4372         1.000000         0.000000    
 rcond36         11664.13         1.000000         0.000000    
 rcond37         17480.72         1.000000         0.000000    
 rcond38         15980.92         1.000000         0.000000    
 rcond39         11216.50         1.000000         0.000000    
 ss             1.0000000E-06     1.000000         0.000000    
 sy             3.3197100E-02     1.000000         0.000000    
 wf1_1           687.8572         1.000000         0.000000    
 wf2_1           318.8160         1.000000         0.000000    
 wf3_1           304.8966         1.000000         0.000000    
 wf4_1           78.88320         1.000000         0.000000    
 wf5_1           68.42880         1.000000         0.000000    
 wf6_1           336.8991         1.000000         0.000000    
 wf1_2           711.9040         1.000000         0.000000    
 wf2_2           498.5030         1.000000         0.000000    
 wf3_2           509.3100         1.000000         0.000000    
 wf4_2           70.47920         1.000000         0.000000    
 wf5_2           51.01440         1.000000         0.000000    
 wf6_2           558.2050         1.000000         0.000000    
 hkr00c00        1.647486         1.000000         0.000000    
 hkr00c01       0.5947512         1.000000         0.000000    
 hkr00c02        6.089208         1.000000         0.000000    
 hkr00c03        5.985260         1.000000         0.000000    
 hkr00c04       0.5947512         1.000000         0.000000    
 hkr00c05        9.757670         1.000000         0.000000    
 hkr00c06        6.794196         1.000000         0.000000    
 hkr00c07       0.5947512         1.000000         0.000000    
 hkr00c08        3.944095         1.000000         0.000000    
 hkr00c09       0.5947512         1.000000         0.000000    
 hkr00c10        15.36593         1.000000         0.000000    
 hkr00c11        6.061027         1.000000         0.000000    
 hkr00c12       0.5947512         1.000000         0.000000    
 hkr00c13        16.84591         1.000000         0.000000    
 hkr00c14        2.760814         1.000000         0.000000    
 hkr00c15       0.5947512         1.000000         0.000000    
 hkr00c16       0.5947512         1.000000         0.000000    
 hkr00c17       0.5947512         1.000000         0.000000    
 hkr00c18        2.371892         1.000000         0.000000    
 hkr00c19        2.270900         1.000000         0.000000    
 hkr01c00        10.52342         1.000000         0.000000    
 hkr01c01       0.5947512         1.000000         0.000000    
 hkr01c02        6.021789         1.000000         0.000000    
 hkr01c03        10.42100         1.000000         0.000000    
 hkr01c04       0.5947512         1.000000         0.000000    
 hkr01c05        21.16252         1.000000         0.000000    
 hkr01c06        15.01314         1.000000         0.000000    
 hkr01c07        6.915527         1.000000         0.000000    
 hkr01c08        29.24321         1.000000         0.000000    
 hkr01c09        16.03865         1.000000         0.000000    
 hkr01c10       0.6223252         1.000000         0.000000    
 hkr01c11       0.5947512         1.000000         0.000000    
 hkr01c12       0.5947512         1.000000         0.000000    
 hkr01c13        1.715690         1.000000         0.000000    
 hkr01c14        32.66647         1.000000         0.000000    
 hkr01c15       0.5947512         1.000000         0.000000    
 hkr01c16        7.339982         1.000000         0.000000    
 hkr01c17        28.72734         1.000000         0.000000    
 hkr01c18        32.33017         1.000000         0.000000    
 hkr01c19       0.5947512         1.000000         0.000000    
 hkr02c00        3.043737         1.000000         0.000000    
 hkr02c01       0.5947512         1.000000         0.000000    
 hkr02c02       0.5947512         1.000000         0.000000    
 hkr02c03        32.75673         1.000000         0.000000    
 hkr02c04       0.5947512         1.000000         0.000000    
 hkr02c05        17.44332         1.000000         0.000000    
 hkr02c06        15.69810         1.000000         0.000000    
 hkr02c07        12.97648         1.000000         0.000000    
 hkr02c08        11.05772         1.000000         0.000000    
 hkr02c09       0.5947512         1.000000         0.000000    
 hkr02c10        6.514878         1.000000         0.000000    
 hkr02c11       0.5947512         1.000000         0.000000    
 hkr02c12       0.5947512         1.000000         0.000000    
 hkr02c13        1.959907         1.000000         0.000000    
 hkr02c14        2.316350         1.000000         0.000000    
 hkr02c15       0.5947512         1.000000         0.000000    
 hkr02c16        15.91649         1.000000         0.000000    
 hkr02c17        1.528279         1.000000         0.000000    
 hkr02c18        12.64320         1.000000         0.000000    
 hkr02c19        5.230257         1.000000         0.000000    
 hkr03c00        15.13643         1.000000         0.000000    
 hkr03c01       0.5947512         1.000000         0.000000    
 hkr03c02        13.73362         1.000000         0.000000    
 hkr03c03        20.22724         1.000000         0.000000    
 hkr03c04        6.078261         1.000000         0.000000    
 hkr03c05       0.5947512         1.000000         0.000000    
 hkr03c06       0.5947512         1.000000         0.000000    
 hkr03c07       0.5947512         1.000000         0.000000    
 hkr03c08       0.5947512         1.000000         0.000000    
 hkr03c09        9.763146         1.000000         0.000000    
 hkr03c10        12.88196         1.000000         0.000000    
 hkr03c11       0.5947512         1.000000         0.000000    
 hkr03c12       0.5947512         1.000000         0.000000    
 hkr03c13       0.5947512         1.000000         0.000000    
 hkr03c14       0.5947512         1.000000         0.000000    
 hkr03c15        17.87512         1.000000         0.000000    
 hkr03c16        9.313476         1.000000         0.000000    
 hkr03c17        2.217345         1.000000         0.000000    
 hkr03c18       0.5947512         1.000000         0.000000    
 hkr03c19       0.5947512         1.000000         0.000000    
 hkr04c00        7.046242         1.000000         0.000000    
 hkr04c01        1.763320         1.000000         0.000000    
 hkr04c02        14.69635         1.000000         0.000000    
 hkr04c03        15.15802         1.000000         0.000000    
 hkr04c04        15.15163         1.000000         0.000000    
 hkr04c05       0.5947512         1.000000         0.000000    
 hkr04c06        21.72832         1.000000         0.000000    
 hkr04c07        5.941693         1.000000         0.000000    
 hkr04c08       0.5947512         1.000000         0.000000    
 hkr04c09       0.5947512         1.000000         0.000000    
 hkr04c10       0.5947512         1.000000         0.000000    
 hkr04c11        6.791872         1.000000         0.000000    
 hkr04c12       0.5947512         1.000000         0.000000    
 hkr04c13       0.5947512         1.000000         0.000000    
 hkr04c14        13.53439         1.000000         0.000000    
 hkr04c15        9.362402         1.000000         0.000000    
 hkr04c16        25.36479         1.000000         0.000000    
 hkr04c17        28.89700         1.000000         0.000000    
 hkr04c18        21.19912         1.000000         0.000000    
 hkr04c19        4.914642         1.000000         0.000000    
 hkr05c00        29.37276         1.000000         0.000000    
 hkr05c01       0.5947512         1.000000         0.000000    
 hkr05c02       0.5947512         1.000000         0.000000    
 hkr05c03        10.98758         1.000000         0.000000    
 hkr05c04       0.5947512         1.000000         0.000000    
 hkr05c05        9.737434         1.000000         0.000000    
 hkr05c06        9.126310         1.000000         0.000000    
 hkr05c07        18.32213         1.000000         0.000000    
 hkr05c08        3.476656         1.000000         0.000000    
 hkr05c09        20.99708         1.000000         0.000000    
 hkr05c10       0.8629057         1.000000         0.000000    
 hkr05c11        6.468245         1.000000         0.000000    
 hkr05c12       0.5947512         1.000000         0.000000    
 hkr05c13        16.83599         1.000000         0.000000    
 hkr05c14        6.685271         1.000000         0.000000    
 hkr05c15       0.5947512         1.000000         0.000000    
 hkr05c16        2.392600         1.000000         0.000000    
 hkr05c17       0.5947512         1.000000         0.000000    
 hkr05c18       0.5947512         1.000000         0.000000    
 hkr05c19        5.348006         1.000000         0.000000    
 hkr06c00       0.5947512         1.000000         0.000000    
 hkr06c01        5.270598         1.000000         0.000000    
 hkr06c02        3.000073         1.000000         0.000000    
 hkr06c03       0.5947512         1.000000         0.000000    
 hkr06c04       0.5947512         1.000000         0.000000    
 hkr06c05       0.5947512         1.000000         0.000000    
 hkr06c06       0.5947512         1.000000         0.000000    
 hkr06c07        22.12540         1.000000         0.000000    
 hkr06c08       0.5947512         1.000000         0.000000    
 hkr06c09       0.5947512         1.000000         0.000000    
 hkr06c10       0.5947512         1.000000         0.000000    
 hkr06c11       0.5947512         1.000000         0.000000    
 hkr06c12       0.5947512         1.000000         0.000000    
 hkr06c13       0.5947512         1.000000         0.000000    
 hkr06c14       0.5947512         1.000000         0.000000    
 hkr06c15       0.5947512         1.000000         0.000000    
 hkr06c16       0.5947512         1.000000         0.000000    
 hkr06c17        21.65671         1.000000         0.000000    
 hkr06c18        3.868482         1.000000         0.000000    
 hkr06c19        29.77389         1.000000         0.000000    
 hkr07c00        7.124645         1.000000         0.000000    
 hkr07c01        6.287465         1.000000         0.000000    
 hkr07c02        9.554208         1.000000         0.000000    
 hkr07c03        21.99666         1.000000         0.000000    
 hkr07c04        5.510390         1.000000         0.000000    
 hkr07c05        34.60880         1.000000         0.000000    
 hkr07c06       0.5947512         1.000000         0.000000    
 hkr07c07        8.121215         1.000000         0.000000    
 hkr07c08        16.20492         1.000000         0.000000    
 hkr07c09       0.5947512         1.000000         0.000000    
 hkr07c10       0.5947512         1.000000         0.000000    
 hkr07c11       0.5947512         1.000000         0.000000    
 hkr07c12       0.5947512         1.000000         0.000000    
 hkr07c13        5.951449         1.000000         0.000000    
 hkr07c14       0.5947512         1.000000         0.000000    
 hkr07c15        19.42063         1.000000         0.000000    
 hkr07c16        38.49890         1.000000         0.000000    
 hkr07c17       0.5947512         1.000000         0.000000    
 hkr07c18       0.5947512         1.000000         0.000000    
 hkr07c19        24.07919         1.000000         0.000000    
 hkr08c00       0.5947512         1.000000         0.000000    
 hkr08c01       0.7442753         1.000000         0.000000    
 hkr08c02        9.699489         1.000000         0.000000    
 hkr08c03       0.5947512         1.000000         0.000000    
 hkr08c07        15.67022         1.000000         0.000000    
 hkr08c08        12.91366         1.000000         0.000000    
 hkr08c09       0.5947512         1.000000         0.000000    
 hkr08c10        16.18680         1.000000         0.000000    
 hkr08c11        6.679948         1.000000         0.000000    
 hkr08c12        7.535319         1.000000         0.000000    
 hkr08c13       0.5947512         1.000000         0.000000    
 hkr08c14       0.5947512         1.000000         0.000000    
 hkr08c15       0.5947512         1.000000         0.000000    
 hkr08c16        14.56989         1.000000         0.000000    
 hkr08c17        2.746197         1.000000         0.000000    
 hkr08c18        27.83725         1.000000         0.000000    
 hkr08c19        12.85953         1.000000         0.000000    
 hkr09c00        27.64595         1.000000         0.000000    
 hkr09c01        28.82607         1.000000         0.000000    
 hkr09c02        1.205136         1.000000         0.000000    
 hkr09c03        20.60423         1.000000         0.000000    
 hkr09c08       0.5947512         1.000000         0.000000    
 hkr09c09       0.5947512         1.000000         0.000000    
 hkr09c10        4.011399         1.000000         0.000000    
 hkr09c11       0.5947512         1.000000         0.000000    
 hkr09c12        30.06496         1.000000         0.000000    
 hkr09c13        1.844988         1.000000         0.000000    
 hkr09c14        1.110580         1.000000         0.000000    
 hkr09c15        16.16763         1.000000         0.000000    
 hkr09c16        22.77068         1.000000         0.000000    
 hkr09c17        5.461339         1.000000         0.000000    
 hkr09c18        15.66100         1.000000         0.000000    
 hkr09c19        14.95196         1.000000         0.000000    
 hkr10c00        12.29154         1.000000         0.000000    
 hkr10c01       0.5947512         1.000000         0.000000    
 hkr10c02        23.70996         1.000000         0.000000    
 hkr10c03        11.05044         1.000000         0.000000    
 hkr10c08        34.50773         1.000000         0.000000    
 hkr10c09       0.5947512         1.000000         0.000000    
 hkr10c10        9.411018         1.000000         0.000000    
 hkr10c11       0.5947512         1.000000         0.000000    
 hkr10c12        6.062246         1.000000         0.000000    
 hkr10c13        21.84389         1.000000         0.000000    
 hkr10c14        7.308250         1.000000         0.000000    
 hkr10c15        4.967664         1.000000         0.000000    
 hkr10c16        4.294835         1.000000         0.000000    
 hkr10c17       0.5947512         1.000000         0.000000    
 hkr10c18        3.121931         1.000000         0.000000    
 hkr10c19       0.5947512         1.000000         0.000000    
 hkr11c00       0.5947512         1.000000         0.000000    
 hkr11c01       0.5947512         1.000000         0.000000    
 hkr11c02       0.5947512         1.000000         0.000000    
 hkr11c03       0.5947512         1.000000         0.000000    
 hkr11c08       0.5947512         1.000000         0.000000    
 hkr11c09        8.088289         1.000000         0.000000    
 hkr11c10        4.413569         1.000000         0.000000    
 hkr11c11       0.5947512         1.000000         0.000000    
 hkr11c12        26.82157         1.000000         0.000000    
 hkr11c13        25.40830         1.000000         0.000000    
 hkr11c14        11.78635         1.000000         0.000000    
 hkr11c15       0.5947512         1.000000         0.000000    
 hkr11c16       0.5947512         1.000000         0.000000    
 hkr11c17        30.73922         1.000000         0.000000    
 hkr11c18        14.84816         1.000000         0.000000    
 hkr11c19       0.5947512         1.000000         0.000000    
 hkr12c00        15.55386         1.000000         0.000000    
 hkr12c01       0.5947512         1.000000         0.000000    
 hkr12c02        17.82424         1.000000         0.000000    
 hkr12c03       0.5947512         1.000000         0.000000    
 hkr12c08        24.36818         1.000000         0.000000    
 hkr12c09        20.89393         1.000000         0.000000    
 hkr12c10        27.90029         1.000000         0.000000    
 hkr12c11       0.5947512         1.000000         0.000000    
 hkr12c12        5.738994         1.000000         0.000000    
 hkr12c13       0.5947512         1.000000         0.000000    
 hkr12c14        19.60797         1.000000         0.000000    
 hkr12c15        2.397060         1.000000         0.000000    
 hkr12c16        26.95117         1.000000         0.000000    
 hkr12c17        6.883214         1.000000         0.000000    
 hkr12c18        29.39477         1.000000         0.000000    
 hkr12c19       0.5947512         1.000000         0.000000    
 hkr13c00        6.271604         1.000000         0.000000    
 hkr13c01        13.76837         1.000000         0.000000    
 hkr13c02       0.5947512         1.000000         0.000000    
 hkr13c03       0.5947512         1.000000         0.000000    
 hkr13c08        8.337807         1.000000         0.000000    
 hkr13c09        13.44257         1.000000         0.000000    
 hkr13c10        7.230748         1.000000         0.000000    
 hkr13c11        35.05301         1.000000         0.000000    
 hkr13c12        5.415783         1.000000         0.000000    
 hkr13c13        18.27040         1.000000         0.000000    
 hkr13c14        40.34394         1.000000         0.000000    
 hkr13c15        13.37192         1.000000         0.000000    
 hkr13c16        25.04141         1.000000         0.000000    
 hkr13c17       0.5947512         1.000000         0.000000    
 hkr13c18       0.5947512         1.000000         0.000000    
 hkr13c19        15.30631         1.000000         0.000000    
 hkr14c00       0.5947512         1.000000         0.000000    
 hkr14c01       0.5947512         1.000000         0.000000    
 hkr14c02       0.5947512         1.000000         0.000000    
 hkr14c03        19.38510         1.000000         0.000000    
 hkr14c08       0.5947512         1.000000         0.000000    
 hkr14c09       0.5947512         1.000000         0.000000    
 hkr14c10        10.00426         1.000000         0.000000    
 hkr14c11        12.13214         1.000000         0.000000    
 hkr14c12        6.997879         1.000000         0.000000    
 hkr14c13        7.773303         1.000000         0.000000    
 hkr14c14        2.806599         1.000000         0.000000    
 hkr14c15        12.58853         1.000000         0.000000    
 hkr14c16        18.27663         1.000000         0.000000    
 hkr14c17        9.485292         1.000000         0.000000    
 hkr14c18       0.5947512         1.000000         0.000000    
 hkr14c19       0.5947512         1.000000         0.000000    
 hkr15c00       0.5947512         1.000000         0.000000    
 hkr15c01       0.5947512         1.000000         0.000000    
 hkr15c02        10.97428         1.000000         0.000000    
 hkr15c03       0.5947512         1.000000         0.000000    
 hkr15c08        23.49986         1.000000         0.000000    
 hkr15c09        9.181764         1.000000         0.000000    
 hkr15c10        2.309327         1.000000         0.000000    
 hkr15c11       0.5947512         1.000000         0.000000    
 hkr15c12       0.5947512         1.000000         0.000000    
 hkr15c13       0.5947512         1.000000         0.000000    
 hkr15c14        2.325252         1.000000         0.000000    
 hkr15c15       0.5947512         1.000000         0.000000    
 hkr15c16        11.15863         1.000000         0.000000    
 hkr15c17        7.871260         1.000000         0.000000    
 hkr15c18       0.5947512         1.000000         0.000000    
 hkr15c19       0.5947512         1.000000         0.000000    
 hkr16c00        16.04740         1.000000         0.000000    
 hkr16c01       0.5947512         1.000000         0.000000    
 hkr16c02        5.465122         1.000000         0.000000    
 hkr16c03        30.96969         1.000000         0.000000    
 hkr16c08       0.5947512         1.000000         0.000000    
 hkr16c09       0.5947512         1.000000         0.000000    
 hkr16c10        18.17358         1.000000         0.000000    
 hkr16c11        5.890507         1.000000         0.000000    
 hkr16c12       0.5947512         1.000000         0.000000    
 hkr16c13        6.346030         1.000000         0.000000    
 hkr16c14       0.5947512         1.000000         0.000000    
 hkr16c15        37.27195         1.000000         0.000000    
 hkr16c16        14.89004         1.000000         0.000000    
 hkr16c17        2.330974         1.000000         0.000000    
 hkr16c18        17.09201         1.000000         0.000000    
 hkr16c19        21.83068         1.000000         0.000000    
 hkr17c00       0.5947512         1.000000         0.000000    
 hkr17c01        6.509158         1.000000         0.000000    
 hkr17c02        5.678034         1.000000         0.000000    
 hkr17c03        24.13634         1.000000         0.000000    
 hkr17c08        11.89134         1.000000         0.000000    
 hkr17c09        8.517736         1.000000         0.000000    
 hkr17c10        17.75332         1.000000         0.000000    
 hkr17c11       0.5947512         1.000000         0.000000    
 hkr17c12        8.354594         1.000000         0.000000    
 hkr17c13       0.5947512         1.000000         0.000000    
 hkr17c14       0.5947512         1.000000         0.000000    
 hkr17c15        37.68059         1.000000         0.000000    
 hkr17c16       0.5947512         1.000000         0.000000    
 hkr17c17        12.61464         1.000000         0.000000    
 hkr17c18       0.5947512         1.000000         0.000000    
 hkr17c19       0.5947512         1.000000         0.000000    
 hkr18c00       0.5947512         1.000000         0.000000    
 hkr18c01        13.76636         1.000000         0.000000    
 hkr18c02        20.70852         1.000000         0.000000    
 hkr18c03       0.5947512         1.000000         0.000000    
 hkr18c08        7.128522         1.000000         0.000000    
 hkr18c09        14.27136         1.000000         0.000000    
 hkr18c10        9.779282         1.000000         0.000000    
 hkr18c11        4.089740         1.000000         0.000000    
 hkr18c12        26.40944         1.000000         0.000000    
 hkr18c13       0.5947512         1.000000         0.000000    
 hkr18c14       0.5947512         1.000000         0.000000    
 hkr18c15       0.5947512         1.000000         0.000000    
 hkr18c16        3.972082         1.000000         0.000000    
 hkr18c17       0.5947512         1.000000         0.000000    
 hkr18c18        3.918752         1.000000         0.000000    
 hkr18c19       0.5947512         1.000000         0.000000    
 hkr19c00        29.89282         1.000000         0.000000    
 hkr19c01        23.52229         1.000000         0.000000    
 hkr19c02       0.5947512         1.000000         0.000000    
 hkr19c03       0.5947512         1.000000         0.000000    
 hkr19c08       0.5947512         1.000000         0.000000    
 hkr19c09       0.5947512         1.000000         0.000000    
 hkr19c10        6.907223         1.000000         0.000000    
 hkr19c11       0.5947512         1.000000         0.000000    
 hkr19c12        8.752407         1.000000         0.000000    
 hkr19c13        31.77267         1.000000         0.000000    
 hkr19c14        1.120985         1.000000         0.000000    
 hkr19c15       0.5947512         1.000000         0.000000    
 hkr19c16        30.48792         1.000000         0.000000    
 hkr19c17        8.043181         1.000000         0.000000    
 hkr19c18        11.46968         1.000000         0.000000    
 hkr19c19        5.422576         1.000000         0.000000    
 hkr20c00       0.5947512         1.000000         0.000000    
 hkr20c01       0.5947512         1.000000         0.000000    
 hkr20c02        33.68600         1.000000         0.000000    
 hkr20c03        31.45027         1.000000         0.000000    
 hkr20c08       0.5947512         1.000000         0.000000    
 hkr20c09        32.71399         1.000000         0.000000    
 hkr20c10        27.07514         1.000000         0.000000    
 hkr20c11        23.25774         1.000000         0.000000    
 hkr20c12        12.63312         1.000000         0.000000    
 hkr20c13       0.5947512         1.000000         0.000000    
 hkr20c14        23.41962         1.000000         0.000000    
 hkr20c15        3.980087         1.000000         0.000000    
 hkr20c16        19.32853         1.000000         0.000000    
 hkr20c17       0.5947512         1.000000         0.000000    
 hkr20c18        21.05202         1.000000         0.000000    
 hkr20c19       0.5947512         1.000000         0.000000    
 hkr21c00        15.90349         1.000000         0.000000    
 hkr21c01       0.5947512         1.000000         0.000000    
 hkr21c02        4.876815         1.000000         0.000000    
 hkr21c03       0.5947512         1.000000         0.000000    
 hkr21c06        18.90008         1.000000         0.000000    
 hkr21c07       0.5947512         1.000000         0.000000    
 hkr21c08        17.12841         1.000000         0.000000    
 hkr21c09       0.5947512         1.000000         0.000000    
 hkr21c10       0.5947512         1.000000         0.000000    
 hkr21c11        11.97546         1.000000         0.000000    
 hkr21c12       0.5947512         1.000000         0.000000    
 hkr21c13        12.76030         1.000000         0.000000    
 hkr21c14        16.61418         1.000000         0.000000    
 hkr21c15        27.51687         1.000000         0.000000    
 hkr21c16       0.5947512         1.000000         0.000000    
 hkr21c17       0.5947512         1.000000         0.000000    
 hkr21c18       0.5947512         1.000000         0.000000    
 hkr21c19       0.5947512         1.000000         0.000000    
 hkr22c00        13.61340         1.000000         0.000000    
 hkr22c01       0.5947512         1.000000         0.000000    
 hkr22c02       0.5947512         1.000000         0.000000    
 hkr22c03       0.5947512         1.000000         0.000000    
 hkr22c04       0.5947512         1.000000         0.000000    
 hkr22c06        5.628734         1.000000         0.000000    
 hkr22c07        8.569443         1.000000         0.000000    
 hkr22c08        14.30824         1.000000         0.000000    
 hkr22c09        23.70963         1.000000         0.000000    
 hkr22c10        15.40564         1.000000         0.000000    
 hkr22c11        11.45509         1.000000         0.000000    
 hkr22c12        10.84306         1.000000         0.000000    
 hkr22c13       0.5947512         1.000000         0.000000    
 hkr22c14        13.66150         1.000000         0.000000    
 hkr22c15       0.6054563         1.000000         0.000000    
 hkr22c16       0.5947512         1.000000         0.000000    
 hkr22c17        2.560028         1.000000         0.000000    
 hkr22c18        28.21527         1.000000         0.000000    
 hkr22c19        4.608300         1.000000         0.000000    
 hkr23c00       0.6543854         1.000000         0.000000    
 hkr23c01        5.230860         1.000000         0.000000    
 hkr23c02       0.5947512         1.000000         0.000000    
 hkr23c03        15.31235         1.000000         0.000000    
 hkr23c04       0.5947512         1.000000         0.000000    
 hkr23c05        20.33512         1.000000         0.000000    
 hkr23c06        21.43754         1.000000         0.000000    
 hkr23c07        16.91106         1.000000         0.000000    
 hkr23c08        6.877609         1.000000         0.000000    
 hkr23c09        21.47869         1.000000         0.000000    
 hkr23c10       0.5947512         1.000000         0.000000    
 hkr23c11       0.5947512         1.000000         0.000000    
 hkr23c12       0.5947512         1.000000         0.000000    
 hkr23c13       0.5947512         1.000000         0.000000    
 hkr23c14        8.895172         1.000000         0.000000    
 hkr23c15        5.573700         1.000000         0.000000    
 hkr23c16        23.78252         1.000000         0.000000    
 hkr23c17        29.44783         1.000000         0.000000    
 hkr23c18        24.39400         1.000000         0.000000    
 hkr23c19        5.032186         1.000000         0.000000    
 hkr24c00       0.5947512         1.000000         0.000000    
 hkr24c01       0.5947512         1.000000         0.000000    
 hkr24c02        12.07315         1.000000         0.000000    
 hkr24c03       0.5947512         1.000000         0.000000    
 hkr24c04        5.170588         1.000000         0.000000    
 hkr24c05        38.65518         1.000000         0.000000    
 hkr24c06        21.26045         1.000000         0.000000    
 hkr24c07        1.010905         1.000000         0.000000    
 hkr24c08        13.44162         1.000000         0.000000    
 hkr24c09        22.28324         1.000000         0.000000    
 hkr24c10        16.74116         1.000000         0.000000    
 hkr24c11        26.87614         1.000000         0.000000    
 hkr24c12        7.548917         1.000000         0.000000    
 hkr24c13        23.57746         1.000000         0.000000    
 hkr24c14       0.5947512         1.000000         0.000000    
 hkr24c15        2.507651         1.000000         0.000000    
 hkr24c16        7.885386         1.000000         0.000000    
 hkr24c17        15.57303         1.000000         0.000000    
 hkr24c18        15.80584         1.000000         0.000000    
 hkr24c19        21.42322         1.000000         0.000000    
 hkr25c00        8.585519         1.000000         0.000000    
 hkr25c01       0.5947512         1.000000         0.000000    
 hkr25c02       0.5947512         1.000000         0.000000    
 hkr25c03       0.5947512         1.000000         0.000000    
 hkr25c04        3.848443         1.000000         0.000000    
 hkr25c05        9.035329         1.000000         0.000000    
 hkr25c06        15.07113         1.000000         0.000000    
 hkr25c07        6.187102         1.000000         0.000000    
 hkr25c08        2.977468         1.000000         0.000000    
 hkr25c09        15.80345         1.000000         0.000000    
 hkr25c10        14.70821         1.000000         0.000000    
 hkr25c11        9.003963         1.000000         0.000000    
 hkr25c12        41.95758         1.000000         0.000000    
 hkr25c13        27.40065         1.000000         0.000000    
 hkr25c14       0.5947512         1.000000         0.000000    
 hkr25c15        26.01296         1.000000         0.000000    
 hkr25c16        6.494103         1.000000         0.000000    
 hkr25c17       0.5947512         1.000000         0.000000    
 hkr25c18        17.91760         1.000000         0.000000    
 hkr25c19        15.04750         1.000000         0.000000    
 hkr26c00       0.8017759         1.000000         0.000000    
 hkr26c01        21.06573         1.000000         0.000000    
 hkr26c02       0.5947512         1.000000         0.000000    
 hkr26c03        25.38889         1.000000         0.000000    
 hkr26c04       0.5947512         1.000000         0.000000    
 hkr26c05        13.81226         1.000000         0.000000    
 hkr26c06        19.71826         1.000000         0.000000    
 hkr26c07       0.5947512         1.000000         0.000000    
 hkr26c08       0.5947512         1.000000         0.000000    
 hkr26c09        14.14963         1.000000         0.000000    
 hkr26c10        23.65041         1.000000         0.000000    
 hkr26c11        3.449314         1.000000         0.000000    
 hkr26c12        7.595685         1.000000         0.000000    
 hkr26c13        17.79664         1.000000         0.000000    
 hkr26c14        19.36909         1.000000         0.000000    
 hkr26c15       0.5947512         1.000000         0.000000    
 hkr26c16       0.5947512         1.000000         0.000000    
 hkr26c17        7.298106         1.000000         0.000000    
 hkr26c18        9.610340         1.000000         0.000000    
 hkr26c19        14.27410         1.000000         0.000000    
 hkr27c00        5.435754         1.000000         0.000000    
 hkr27c01        14.09676         1.000000         0.000000    
 hkr27c02        10.76531         1.000000         0.000000    
 hkr27c03       0.5947512         1.000000         0.000000    
 hkr27c04        11.19139         1.000000         0.000000    
 hkr27c05        19.76915         1.000000         0.000000    
 hkr27c06       0.5947512         1.000000         0.000000    
 hkr27c07       0.5947512         1.000000         0.000000    
 hkr27c08        25.15338         1.000000         0.000000    
 hkr27c09       0.5947512         1.000000         0.000000    
 hkr27c10        11.88173         1.000000         0.000000    
 hkr27c11        8.727786         1.000000         0.000000    
 hkr27c12        1.834904         1.000000         0.000000    
 hkr27c13        7.164647         1.000000         0.000000    
 hkr27c14       0.5947512         1.000000         0.000000    
 hkr27c15       0.5947512         1.000000         0.000000    
 hkr27c16        7.821222         1.000000         0.000000    
 hkr27c17        1.618973         1.000000         0.000000    
 hkr27c18        12.29730         1.000000         0.000000    
 hkr27c19        14.34512         1.000000         0.000000    
 hkr28c00       0.5947512         1.000000         0.000000    
 hkr28c01        22.87357         1.000000         0.000000    
 hkr28c02       0.5947512         1.000000         0.000000    
 hkr28c03        9.229051         1.000000         0.000000    
 hkr28c04       0.5947512         1.000000         0.000000    
 hkr28c05       0.5947512         1.000000         0.000000    
 hkr28c06       0.5947512         1.000000         0.000000    
 hkr28c07        5.728123         1.000000         0.000000    
 hkr28c08        1.663230         1.000000         0.000000    
 hkr28c09        9.597691         1.000000         0.000000    
 hkr28c10        23.34445         1.000000         0.000000    
 hkr28c11        23.61319         1.000000         0.000000    
 hkr28c12        12.78121         1.000000         0.000000    
 hkr28c13        11.42466         1.000000         0.000000    
 hkr28c14        11.50332         1.000000         0.000000    
 hkr28c15        4.341104         1.000000         0.000000    
 hkr28c16        17.39481         1.000000         0.000000    
 hkr28c17        6.276570         1.000000         0.000000    
 hkr28c18       0.5947512         1.000000         0.000000    
 hkr28c19        23.11788         1.000000         0.000000    
 hkr29c00       0.5947512         1.000000         0.000000    
 hkr29c01        14.20257         1.000000         0.000000    
 hkr29c02        22.69609         1.000000         0.000000    
 hkr29c03       0.5947512         1.000000         0.000000    
 hkr29c04       0.5947512         1.000000         0.000000    
 hkr29c05        9.682538         1.000000         0.000000    
 hkr29c06        20.66803         1.000000         0.000000    
 hkr29c07        5.983148         1.000000         0.000000    
 hkr29c08        30.16988         1.000000         0.000000    
 hkr29c09        6.058824         1.000000         0.000000    
 hkr29c10        7.898285         1.000000         0.000000    
 hkr29c11       0.5947512         1.000000         0.000000    
 hkr29c12       0.7511691         1.000000         0.000000    
 hkr29c13       0.5947512         1.000000         0.000000    
 hkr29c14       0.5947512         1.000000         0.000000    
 hkr29c15       0.5947512         1.000000         0.000000    
 hkr29c16        5.608975         1.000000         0.000000    
 hkr29c17        24.06948         1.000000         0.000000    
 hkr29c18        8.009993         1.000000         0.000000    
 hkr29c19        9.829986         1.000000         0.000000    
 hkr30c00        33.95573         1.000000         0.000000    
 hkr30c01        1.861740         1.000000         0.000000    
 hkr30c02        29.32968         1.000000         0.000000    
 hkr30c03        3.862111         1.000000         0.000000    
 hkr30c04        4.059220         1.000000         0.000000    
 hkr30c05        17.41253         1.000000         0.000000    
 hkr30c06       0.5947512         1.000000         0.000000    
 hkr30c07       0.5947512         1.000000         0.000000    
 hkr30c08       0.5947512         1.000000         0.000000    
 hkr30c09        10.87701         1.000000         0.000000    
 hkr30c10        19.90032         1.000000         0.000000    
 hkr30c11       0.5947512         1.000000         0.000000    
 hkr30c12        8.862539         1.000000         0.000000    
 hkr30c13        10.43230         1.000000         0.000000    
 hkr30c14        17.59230         1.000000         0.000000    
 hkr30c15       0.5947512         1.000000         0.000000    
 hkr30c16        24.90414         1.000000         0.000000    
 hkr30c17       0.5947512         1.000000         0.000000    
 hkr30c18        24.24219         1.000000         0.000000    
 hkr30c19        12.06797         1.000000         0.000000    
 hkr31c00        30.90520         1.000000         0.000000    
 hkr31c01        11.04701         1.000000         0.000000    
 hkr31c02        17.05118         1.000000         0.000000    
 hkr31c03       0.5947512         1.000000         0.000000    
 hkr31c04        35.82798         1.000000         0.000000    
 hkr31c05       0.5947512         1.000000         0.000000    
 hkr31c06        4.492667         1.000000         0.000000    
 hkr31c07        29.93846         1.000000         0.000000    
 hkr31c08        6.524672         1.000000         0.000000    
 hkr31c09        6.427707         1.000000         0.000000    
 hkr31c10        26.21876         1.000000         0.000000    
 hkr31c11        26.28887         1.000000         0.000000    
 hkr31c12        38.84989         1.000000         0.000000    
 hkr31c13        17.58054         1.000000         0.000000    
 hkr31c14        7.505105         1.000000         0.000000    
 hkr31c15       0.5947512         1.000000         0.000000    
 hkr31c16       0.5947512         1.000000         0.000000    
 hkr31c17        18.83034         1.000000         0.000000    
 hkr31c18        20.05758         1.000000         0.000000    
 hkr31c19        12.77825         1.000000         0.000000    
 hkr32c01        4.188970         1.000000         0.000000    
 hkr32c02        24.62394         1.000000         0.000000    
 hkr32c03        18.93622         1.000000         0.000000    
 hkr32c04        49.09414         1.000000         0.000000    
 hkr32c05        16.22838         1.000000         0.000000    
 hkr32c06        25.60007         1.000000         0.000000    
 hkr32c07        1.238190         1.000000         0.000000    
 hkr32c08        37.58545         1.000000         0.000000    
 hkr32c09        5.492989         1.000000         0.000000    
 hkr32c10        8.749345         1.000000         0.000000    
 hkr32c11       0.5947512         1.000000         0.000000    
 hkr32c12        28.64249         1.000000         0.000000    
 hkr32c13        23.21924         1.000000         0.000000    
 hkr32c14       0.5947512         1.000000         0.000000    
 hkr32c15        26.92726         1.000000         0.000000    
 hkr32c16        3.662475         1.000000         0.000000    
 hkr32c17       0.5947512         1.000000         0.000000    
 hkr32c18       0.5947512         1.000000         0.000000    
 hkr32c19       0.5947512         1.000000         0.000000    
 hkr33c02       0.5947512         1.000000         0.000000    
 hkr33c03        51.24996         1.000000         0.000000    
 hkr33c04        16.16487         1.000000         0.000000    
 hkr33c05        17.16847         1.000000         0.000000    
 hkr33c06        18.22296         1.000000         0.000000    
 hkr33c07        17.85081         1.000000         0.000000    
 hkr33c08        4.720632         1.000000         0.000000    
 hkr33c09       0.5947512         1.000000         0.000000    
 hkr33c10        21.66758         1.000000         0.000000    
 hkr33c11       0.5947512         1.000000         0.000000    
 hkr33c12        10.15183         1.000000         0.000000    
 hkr33c13        3.537959         1.000000         0.000000    
 hkr33c14        8.164302         1.000000         0.000000    
 hkr33c15       0.5947512         1.000000         0.000000    
 hkr33c16       0.5947512         1.000000         0.000000    
 hkr33c17       0.5947512         1.000000         0.000000    
 hkr33c18        14.14309         1.000000         0.000000    
 hkr33c19        9.245329         1.000000         0.000000    
 hkr34c03       0.5947512         1.000000         0.000000    
 hkr34c04       0.5947512         1.000000         0.000000    
 hkr34c05        16.42613         1.000000         0.000000    
 hkr34c06        11.72289         1.000000         0.000000    
 hkr34c07       0.5947512         1.000000         0.000000    
 hkr34c08       0.5947512         1.000000         0.000000    
 hkr34c09        7.311860         1.000000         0.000000    
 hkr34c10        13.15853         1.000000         0.000000    
 hkr34c11       0.5947512         1.000000         0.000000    
 hkr34c12       0.5947512         1.000000         0.000000    
 hkr34c13        8.419803         1.000000         0.000000    
 hkr34c14       0.5947512         1.000000         0.000000    
 hkr34c15       0.5947512         1.000000         0.000000    
 hkr34c16        19.70839         1.000000         0.000000    
 hkr34c17        8.568136         1.000000         0.000000    
 hkr34c18        35.34470         1.000000         0.000000    
 hkr34c19        38.76751         1.000000         0.000000    
 hkr35c04        35.17749         1.000000         0.000000    
 hkr35c05        7.933913         1.000000         0.000000    
 hkr35c06        28.21907         1.000000         0.000000    
 hkr35c07        16.93412         1.000000         0.000000    
 hkr35c08        13.48370         1.000000         0.000000    
 hkr35c09        7.317203         1.000000         0.000000    
 hkr35c10       0.5947512         1.000000         0.000000    
 hkr35c11       0.9941983         1.000000         0.000000    
 hkr35c12        4.747836         1.000000         0.000000    
 hkr35c13       0.5947512         1.000000         0.000000    
 hkr35c14        12.12734         1.000000         0.000000    
 hkr35c15       0.5947512         1.000000         0.000000    
 hkr35c16       0.5947512         1.000000         0.000000    
 hkr35c17        10.10940         1.000000         0.000000    
 hkr35c18        17.45179         1.000000         0.000000    
 hkr36c04        7.760621         1.000000         0.000000    
 hkr36c05        19.10140         1.000000         0.000000    
 hkr36c06       0.5947512         1.000000         0.000000    
 hkr36c07        47.44815         1.000000         0.000000    
 hkr36c08        11.38212         1.000000         0.000000    
 hkr36c09        20.55805         1.000000         0.000000    
 hkr36c10       0.5947512         1.000000         0.000000    
 hkr36c11       0.5947512         1.000000         0.000000    
 hkr36c12        17.71392         1.000000         0.000000    
 hkr36c13       0.5947512         1.000000         0.000000    
 hkr36c14        16.78640         1.000000         0.000000    
 hkr36c15       0.5947512         1.000000         0.000000    
 hkr36c16        8.253100         1.000000         0.000000    
 hkr36c17        1.393084         1.000000         0.000000    
 hkr36c18        14.47861         1.000000         0.000000    
 hkr37c05        11.65480         1.000000         0.000000    
 hkr37c06       0.5947512         1.000000         0.000000    
 hkr37c07        30.69704         1.000000         0.000000    
 hkr37c08        7.074732         1.000000         0.000000    
 hkr37c09       0.5947512         1.000000         0.000000    
 hkr37c10       0.5947512         1.000000         0.000000    
 hkr37c11        14.83425         1.000000         0.000000    
 hkr37c12        9.584523         1.000000         0.000000    
 hkr37c13       0.5947512         1.000000         0.000000    
 hkr37c14        10.35846         1.000000         0.000000    
 hkr37c15       0.5947512         1.000000         0.000000    
 hkr37c16       0.5947512         1.000000         0.000000    
 hkr37c17        4.604179         1.000000         0.000000    
 hkr38c05        8.410848         1.000000         0.000000    
 hkr38c06        18.58326         1.000000         0.000000    
 hkr38c07       0.5947512         1.000000         0.000000    
 hkr38c08       0.5947512         1.000000         0.000000    
 hkr38c09        16.01220         1.000000         0.000000    
 hkr38c10        12.21991         1.000000         0.000000    
 hkr38c11        24.84939         1.000000         0.000000    
 hkr38c12        22.14117         1.000000         0.000000    
 hkr38c13        22.62443         1.000000         0.000000    
 hkr38c14        9.369814         1.000000         0.000000    
 hkr38c15       0.5947512         1.000000         0.000000    
 hkr38c16        2.646726         1.000000         0.000000    
 hkr39c05        16.50538         1.000000         0.000000    
 hkr39c06        3.620206         1.000000         0.000000    
 hkr39c07       0.5947512         1.000000         0.000000    
 hkr39c08        24.90179         1.000000         0.000000    
 hkr39c09        2.393881         1.000000         0.000000    
 hkr39c10        10.54763         1.000000         0.000000    
 hkr39c11       0.5947512         1.000000         0.000000    
 hkr39c12        8.411657         1.000000         0.000000    
 hkr39c13        10.05997         1.000000         0.000000    
 hkr39c14       0.5947512         1.000000         0.000000    
