single point
 rch_1           1.100000         1.000000         0.000000    
 rch_2          0.8749150         1.000000         0.000000    
 rcond00         490.4372         1.000000         0.000000    
 rcond01         2190.140         1.000000         0.000000    
 rcond02         15613.20         1.000000         0.000000    
 rcond03         490.4372         1.000000         0.000000    
 rcond04         8271.130         1.000000         0.000000    
 rcond05         5264.850         1.000000         0.000000    
 rcond06         490.4372         1.000000         0.000000    
 rcond07         8118.150         1.000000         0.000000    
 rcond08         3871.120         1.000000         0.000000    
 rcond09         5932.550         1.000000         0.000000    
 rcond10         4132.610         1.000000         0.000000    
 rcond11         6256.150         1.000000         0.000000    
 rcond12         11312.30         1.000000         0.000000    
 rcond13         490.4372         1.000000         0.000000    
 rcond14         18831.70         1.000000         0.000000    
 rcond15         9512.720         1.000000         0.000000    
 rcond16         34893.40         1.000000         0.000000    
 rcond17         21661.50         1.000000         0.000000    
 rcond18         10776.70         1.000000         0.000000    
 rcond19         490.4372         1.000000         0.000000    
 rcond20         2146.350         1.000000         0.000000    
 rcond21         10665.80         1.000000         0.000000    
 rcond22         490.4372         1.000000         0.000000    
 rcond23         12287.60         1.000000         0.000000    
 rcond24         12174.50         1.000000         0.000000    
 rcond25         490.4372         1.000000         0.000000    
 rcond26         9732.940         1.000000         0.000000    
 rcond27         490.4372         1.000000         0.000000    
 rcond28         490.4372         1.000000         0.000000    
 rcond29         14194.20         1.000000         0.000000    
 rcond30         5026.500         1.000000         0.000000    
 rcond31         9827.270         1.000000         0.000000    
 rcond32         490.4372         1.000000         0.000000    
 rcond33         13405.90         1.000000         0.000000    
 rcond34         6624.770         1.000000         0.000000    
 rcond35         490.4372         1.000000         0.000000    
 rcond36         5973.020         1.000000         0.000000    
 rcond37         32865.80         1.000000         0.000000    
 rcond38         490.4372         1.000000         0.000000    
 rcond39         3575.490         1.000000         0.000000    
 ss             1.0000000E-06     1.000000         0.000000    
 sy             2.3638900E-02     1.000000         0.000000    
 wf1_1           726.5696         1.000000         0.000000    
 wf2_1           350.9159         1.000000         0.000000    
 wf3_1           322.0340         1.000000         0.000000    
 wf4_1           72.70453         1.000000         0.000000    
 wf5_1           65.02815         1.000000         0.000000    
 wf6_1           386.6772         1.000000         0.000000    
 wf1_2           783.4220         1.000000         0.000000    
 wf2_2           661.2500         1.000000         0.000000    
 wf3_2           525.3830         1.000000         0.000000    
 wf4_2           104.5070         1.000000         0.000000    
 wf5_2           99.07080         1.000000         0.000000    
 wf6_2           469.4890         1.000000         0.000000    
 hkr00c00        26.76332         1.000000         0.000000    
 hkr00c01       0.5947512         1.000000         0.000000    
 hkr00c02       0.5947512         1.000000         0.000000    
 hkr00c03        21.48110         1.000000         0.000000    
 hkr00c04        5.563727         1.000000         0.000000    
 hkr00c05        35.38299         1.000000         0.000000    
 hkr00c06        14.00183         1.000000         0.000000    
 hkr00c07        20.96632         1.000000         0.000000    
 hkr00c08        9.538188         1.000000         0.000000    
 hkr00c09        26.67857         1.000000         0.000000    
 hkr00c10       0.5947512         1.000000         0.000000    
 hkr00c11        9.475934         1.000000         0.000000    
 hkr00c12        29.88176         1.000000         0.000000    
 hkr00c13        8.707043         1.000000         0.000000    
 hkr00c14        17.19888         1.000000         0.000000    
 hkr00c15        12.43626         1.000000         0.000000    
 hkr00c16       0.9037296         1.000000         0.000000    
 hkr00c17        59.43069         1.000000         0.000000    
 hkr00c18       0.5947512         1.000000         0.000000    
 hkr00c19       0.5947512         1.000000         0.000000    
 hkr01c00       0.5947512         1.000000         0.000000    
 hkr01c01       0.5947512         1.000000         0.000000    
 hkr01c02        1.803037         1.000000         0.000000    
 hkr01c03        16.05269         1.000000         0.000000    
 hkr01c04       0.5947512         1.000000         0.000000    
 hkr01c05        32.39054         1.000000         0.000000    
 hkr01c06        9.327293         1.000000         0.000000    
 hkr01c07        12.07114         1.000000         0.000000    
 hkr01c08        4.372195         1.000000         0.000000    
 hkr01c09        13.15837         1.000000         0.000000    
 hkr01c10       0.5947512         1.000000         0.000000    
 hkr01c11       0.5947512         1.000000         0.000000    
 hkr01c12        2.226381         1.000000         0.000000    
 hkr01c13        26.41283         1.000000         0.000000    
 hkr01c14       0.5947512         1.000000         0.000000    
 hkr01c15       0.5947512         1.000000         0.000000    
 hkr01c16        21.82049         1.000000         0.000000    
 hkr01c17       0.5947512         1.000000         0.000000    
 hkr01c18       0.5947512         1.000000         0.000000    
 hkr01c19       0.5947512         1.000000         0.000000    
 hkr02c00        15.29664         1.000000         0.000000    
 hkr02c01        15.66878         1.000000         0.000000    
 hkr02c02        5.432929         1.000000         0.000000    
 hkr02c03        20.17387         1.000000         0.000000    
 hkr02c04        8.253059         1.000000         0.000000    
 hkr02c05       0.5947512         1.000000         0.000000    
 hkr02c06        11.68817         1.000000         0.000000    
 hkr02c07        21.84022         1.000000         0.000000    
 hkr02c08        32.26897         1.000000         0.000000    
 hkr02c09       0.5947512         1.000000         0.000000    
 hkr02c10        9.023273         1.000000         0.000000    
 hkr02c11        9.762197         1.000000         0.000000    
 hkr02c12        22.56916         1.000000         0.000000    
 hkr02c13       0.5947512         1.000000         0.000000    
 hkr02c14        10.08670         1.000000         0.000000    
 hkr02c15        2.068632         1.000000         0.000000    
 hkr02c16       0.5947512         1.000000         0.000000    
 hkr02c17        17.38435         1.000000         0.000000    
 hkr02c18       0.9140838         1.000000         0.000000    
 hkr02c19       0.5947512         1.000000         0.000000    
 hkr03c00        29.81603         1.000000         0.000000    
 hkr03c01        20.81393         1.000000         0.000000    
 hkr03c02        38.61974         1.000000         0.000000    
 hkr03c03       0.5947512         1.000000         0.000000    
 hkr03c04       0.5947512         1.000000         0.000000    
 hkr03c05        9.540129         1.000000         0.000000    
 hkr03c06        11.49755         1.000000         0.000000    
 hkr03c07        20.77155         1.000000         0.000000    
 hkr03c08       0.5947512         1.000000         0.000000    
 hkr03c09        5.326032         1.000000         0.000000    
 hkr03c10        18.91669         1.000000         0.000000    
 hkr03c11        34.72859         1.000000         0.000000    
 hkr03c12       0.5947512         1.000000         0.000000    
 hkr03c13        5.821767         1.000000         0.000000    
 hkr03c14        4.907253         1.000000         0.000000    
 hkr03c15        7.986486         1.000000         0.000000    
 hkr03c16        17.44133         1.000000         0.000000    
 hkr03c17        13.31476         1.000000         0.000000    
 hkr03c18       0.5947512         1.000000         0.000000    
 hkr03c19        19.44059         1.000000         0.000000    
 hkr04c00        25.39103         1.000000         0.000000    
 hkr04c01        8.321834         1.000000         0.000000    
 hkr04c02       0.5947512         1.000000         0.000000    
 hkr04c03        1.570328         1.000000         0.000000    
 hkr04c04        3.316219         1.000000         0.000000    
 hkr04c05       0.5947512         1.000000         0.000000    
 hkr04c06        17.01394         1.000000         0.000000    
 hkr04c07       0.5947512         1.000000         0.000000    
 hkr04c08        5.902842         1.000000         0.000000    
 hkr04c09        14.10612         1.000000         0.000000    
 hkr04c10       0.5947512         1.000000         0.000000    
 hkr04c11        14.92895         1.000000         0.000000    
 hkr04c12        32.58342         1.000000         0.000000    
 hkr04c13       0.5947512         1.000000         0.000000    
 hkr04c14        2.080171         1.000000         0.000000    
 hkr04c15        28.48168         1.000000         0.000000    
 hkr04c16        10.59057         1.000000         0.000000    
 hkr04c17        5.616546         1.000000         0.000000    
 hkr04c18       0.5947512         1.000000         0.000000    
 hkr04c19        4.053477         1.000000         0.000000    
 hkr05c00        16.85436         1.000000         0.000000    
 hkr05c01       0.5947512         1.000000         0.000000    
 hkr05c02        14.07774         1.000000         0.000000    
 hkr05c03        1.166561         1.000000         0.000000    
 hkr05c04        15.87182         1.000000         0.000000    
 hkr05c05        10.89575         1.000000         0.000000    
 hkr05c06       0.5947512         1.000000         0.000000    
 hkr05c07       0.5947512         1.000000         0.000000    
 hkr05c08        14.35652         1.000000         0.000000    
 hkr05c09       0.5947512         1.000000         0.000000    
 hkr05c10       0.5947512         1.000000         0.000000    
 hkr05c11        29.64736         1.000000         0.000000    
 hkr05c12        21.51754         1.000000         0.000000    
 hkr05c13       0.5947512         1.000000         0.000000    
 hkr05c14        11.60591         1.000000         0.000000    
 hkr05c15       0.5947512         1.000000         0.000000    
 hkr05c16       0.5947512         1.000000         0.000000    
 hkr05c17       0.5947512         1.000000         0.000000    
 hkr05c18       0.5947512         1.000000         0.000000    
 hkr05c19        5.087257         1.000000         0.000000    
 hkr06c00        17.03592         1.000000         0.000000    
 hkr06c01        9.554942         1.000000         0.000000    
 hkr06c02       0.5947512         1.000000         0.000000    
 hkr06c03        11.90697         1.000000         0.000000    
 hkr06c04        28.15179         1.000000         0.000000    
 hkr06c05        9.477396         1.000000         0.000000    
 hkr06c06        5.487125         1.000000         0.000000    
 hkr06c07        23.65851         1.000000         0.000000    
 hkr06c08        11.67764         1.000000         0.000000    
 hkr06c09        26.73497         1.000000         0.000000    
 hkr06c10        3.314166         1.000000         0.000000    
 hkr06c11        6.412680         1.000000         0.000000    
 hkr06c12        14.70110         1.000000         0.000000    
 hkr06c13        21.67041         1.000000         0.000000    
 hkr06c14        8.147863         1.000000         0.000000    
 hkr06c15        1.428544         1.000000         0.000000    
 hkr06c16       0.5947512         1.000000         0.000000    
 hkr06c17        4.377334         1.000000         0.000000    
 hkr06c18        11.47455         1.000000         0.000000    
 hkr06c19       0.5947512         1.000000         0.000000    
 hkr07c00        27.67008         1.000000         0.000000    
 hkr07c01        29.64855         1.000000         0.000000    
 hkr07c02        9.287593         1.000000         0.000000    
 hkr07c03       0.5947512         1.000000         0.000000    
 hkr07c04        10.66379         1.000000         0.000000    
 hkr07c05        25.15602         1.000000         0.000000    
 hkr07c06       0.5947512         1.000000         0.000000    
 hkr07c07        16.80214         1.000000         0.000000    
 hkr07c08        4.729779         1.000000         0.000000    
 hkr07c09        3.543035         1.000000         0.000000    
 hkr07c10        4.093638         1.000000         0.000000    
 hkr07c11        15.87278         1.000000         0.000000    
 hkr07c12        21.73943         1.000000         0.000000    
 hkr07c13       0.5947512         1.000000         0.000000    
 hkr07c14        24.59007         1.000000         0.000000    
 hkr07c15        22.20637         1.000000         0.000000    
 hkr07c16        9.803661         1.000000         0.000000    
 hkr07c17        11.13662         1.000000         0.000000    
 hkr07c18        3.680131         1.000000         0.000000    
 hkr07c19        5.957954         1.000000         0.000000    
 hkr08c00        31.36470         1.000000         0.000000    
 hkr08c01        2.734487         1.000000         0.000000    
 hkr08c02       0.5947512         1.000000         0.000000    
 hkr08c03       0.5947512         1.000000         0.000000    
 hkr08c07       0.5947512         1.000000         0.000000    
 hkr08c08        8.485088         1.000000         0.000000    
 hkr08c09        9.094553         1.000000         0.000000    
 hkr08c10       0.5947512         1.000000         0.000000    
 hkr08c11       0.5947512         1.000000         0.000000    
 hkr08c12        37.35529         1.000000         0.000000    
 hkr08c13        14.23642         1.000000         0.000000    
 hkr08c14        1.308628         1.000000         0.000000    
 hkr08c15        7.044051         1.000000         0.000000    
 hkr08c16       0.5947512         1.000000         0.000000    
 hkr08c17        20.54080         1.000000         0.000000    
 hkr08c18       0.5947512         1.000000         0.000000    
 hkr08c19        13.09449         1.000000         0.000000    
 hkr09c00       0.5947512         1.000000         0.000000    
 hkr09c01        13.12894         1.000000         0.000000    
 hkr09c02        5.431576         1.000000         0.000000    
 hkr09c03       0.5947512         1.000000         0.000000    
 hkr09c08        40.02140         1.000000         0.000000    
 hkr09c09        2.803740         1.000000         0.000000    
 hkr09c10        8.275905         1.000000         0.000000    
 hkr09c11        10.55780         1.000000         0.000000    
 hkr09c12        14.36088         1.000000         0.000000    
 hkr09c13        2.464187         1.000000         0.000000    
 hkr09c14        6.178088         1.000000         0.000000    
 hkr09c15       0.5947512         1.000000         0.000000    
 hkr09c16        11.93483         1.000000         0.000000    
 hkr09c17        16.44625         1.000000         0.000000    
 hkr09c18        2.457434         1.000000         0.000000    
 hkr09c19        12.10751         1.000000         0.000000    
 hkr10c00        14.00323         1.000000         0.000000    
 hkr10c01        14.64022         1.000000         0.000000    
 hkr10c02       0.5947512         1.000000         0.000000    
 hkr10c03        13.71135         1.000000         0.000000    
 hkr10c08        18.09304         1.000000         0.000000    
 hkr10c09        24.59636         1.000000         0.000000    
 hkr10c10        7.191519         1.000000         0.000000    
 hkr10c11       0.5947512         1.000000         0.000000    
 hkr10c12       0.5947512         1.000000         0.000000    
 hkr10c13        19.60911         1.000000         0.000000    
 hkr10c14       0.5947512         1.000000         0.000000    
 hkr10c15       0.5947512         1.000000         0.000000    
 hkr10c16        1.166465         1.000000         0.000000    
 hkr10c17       0.5947512         1.000000         0.000000    
 hkr10c18       0.5947512         1.000000         0.000000    
 hkr10c19       0.5947512         1.000000         0.000000    
 hkr11c00        16.82330         1.000000         0.000000    
 hkr11c01       0.5947512         1.000000         0.000000    
 hkr11c02       0.5947512         1.000000         0.000000    
 hkr11c03        16.06605         1.000000         0.000000    
 hkr11c08        1.453704         1.000000         0.000000    
 hkr11c09       0.5947512         1.000000         0.000000    
 hkr11c10        1.681292         1.000000         0.000000    
 hkr11c11        1.158841         1.000000         0.000000    
 hkr11c12       0.5947512         1.000000         0.000000    
 hkr11c13        3.965973         1.000000         0.000000    
 hkr11c14        19.00405         1.000000         0.000000    
 hkr11c15        9.652276         1.000000         0.000000    
 hkr11c16       0.5947512         1.000000         0.000000    
 hkr11c17        19.43288         1.000000         0.000000    
 hkr11c18        15.87020         1.000000         0.000000    
 hkr11c19        18.32892         1.000000         0.000000    
 hkr12c00        29.68978         1.000000         0.000000    
 hkr12c01       0.5947512         1.000000         0.000000    
 hkr12c02        19.12713         1.000000         0.000000    
 hkr12c03        24.83023         1.000000         0.000000    
 hkr12c08       0.5947512         1.000000         0.000000    
 hkr12c09        23.04875         1.000000         0.000000    
 hkr12c10        20.20260         1.000000         0.000000    
 hkr12c11        34.67890         1.000000         0.000000    
 hkr12c12        2.851623         1.000000         0.000000    
 hkr12c13        6.499742         1.000000         0.000000    
 hkr12c14        25.66988         1.000000         0.000000    
 hkr12c15       0.5947512         1.000000         0.000000    
 hkr12c16        17.47624         1.000000         0.000000    
 hkr12c17        13.14578         1.000000         0.000000    
 hkr12c18        18.16692         1.000000         0.000000    
 hkr12c19       0.5947512         1.000000         0.000000    
 hkr13c00       0.5947512         1.000000         0.000000    
 hkr13c01        15.59029         1.000000         0.000000    
 hkr13c02        1.715859         1.000000         0.000000    
 hkr13c03        10.07358         1.000000         0.000000    
 hkr13c08        4.100626         1.000000         0.000000    
 hkr13c09        14.78246         1.000000         0.000000    
 hkr13c10        16.36381         1.000000         0.000000    
 hkr13c11        3.489084         1.000000         0.000000    
 hkr13c12       0.5947512         1.000000         0.000000    
 hkr13c13        22.13439         1.000000         0.000000    
 hkr13c14        15.74249         1.000000         0.000000    
 hkr13c15       0.6143283         1.000000         0.000000    
 hkr13c16        2.579610         1.000000         0.000000    
 hkr13c17        4.777092         1.000000         0.000000    
 hkr13c18        7.277357         1.000000         0.000000    
 hkr13c19        19.74285         1.000000         0.000000    
 hkr14c00        11.28510         1.000000         0.000000    
 hkr14c01        11.62415         1.000000         0.000000    
 hkr14c02        11.33669         1.000000         0.000000    
 hkr14c03       0.5947512         1.000000         0.000000    
 hkr14c08        22.50840         1.000000         0.000000    
 hkr14c09        16.98258         1.000000         0.000000    
 hkr14c10       0.5947512         1.000000         0.000000    
 hkr14c11        27.43250         1.000000         0.000000    
 hkr14c12        10.01348         1.000000         0.000000    
 hkr14c13        6.954697         1.000000         0.000000    
 hkr14c14        1.080119         1.000000         0.000000    
 hkr14c15       0.5947512         1.000000         0.000000    
 hkr14c16        20.87979         1.000000         0.000000    
 hkr14c17        12.15454         1.000000         0.000000    
 hkr14c18        4.597944         1.000000         0.000000    
 hkr14c19        3.157414         1.000000         0.000000    
 hkr15c00        15.18135         1.000000         0.000000    
 hkr15c01        4.445445         1.000000         0.000000    
 hkr15c02       0.5947512         1.000000         0.000000    
 hkr15c03        42.92611         1.000000         0.000000    
 hkr15c08        1.566165         1.000000         0.000000    
 hkr15c09        8.495873         1.000000         0.000000    
 hkr15c10        3.930771         1.000000         0.000000    
 hkr15c11       0.5947512         1.000000         0.000000    
 hkr15c12       0.5947512         1.000000         0.000000    
 hkr15c13        8.348939         1.000000         0.000000    
 hkr15c14       0.5947512         1.000000         0.000000    
 hkr15c15        10.76210         1.000000         0.000000    
 hkr15c16        6.678657         1.000000         0.000000    
 hkr15c17        8.767550         1.000000         0.000000    
 hkr15c18        37.26191         1.000000         0.000000    
 hkr15c19       0.5947512         1.000000         0.000000    
 hkr16c00        12.59175         1.000000         0.000000    
 hkr16c01       0.5947512         1.000000         0.000000    
 hkr16c02        28.90150         1.000000         0.000000    
 hkr16c03        12.22728         1.000000         0.000000    
 hkr16c08        10.09847         1.000000         0.000000    
 hkr16c09       0.5947512         1.000000         0.000000    
 hkr16c10       0.5947512         1.000000         0.000000    
 hkr16c11       0.5947512         1.000000         0.000000    
 hkr16c12        42.44614         1.000000         0.000000    
 hkr16c13       0.5947512         1.000000         0.000000    
 hkr16c14       0.5947512         1.000000         0.000000    
 hkr16c15        19.74807         1.000000         0.000000    
 hkr16c16        7.046131         1.000000         0.000000    
 hkr16c17       0.5947512         1.000000         0.000000    
 hkr16c18        9.260625         1.000000         0.000000    
 hkr16c19       0.5947512         1.000000         0.000000    
 hkr17c00        18.48191         1.000000         0.000000    
 hkr17c01        6.425499         1.000000         0.000000    
 hkr17c02       0.5947512         1.000000         0.000000    
 hkr17c03        14.15726         1.000000         0.000000    
 hkr17c08        8.685243         1.000000         0.000000    
 hkr17c09        5.933978         1.000000         0.000000    
 hkr17c10        14.86362         1.000000         0.000000    
 hkr17c11        24.05421         1.000000         0.000000    
 hkr17c12        9.852618         1.000000         0.000000    
 hkr17c13       0.5947512         1.000000         0.000000    
 hkr17c14        16.44929         1.000000         0.000000    
 hkr17c15        10.17579         1.000000         0.000000    
 hkr17c16       0.5947512         1.000000         0.000000    
 hkr17c17        24.76445         1.000000         0.000000    
 hkr17c18       0.5947512         1.000000         0.000000    
 hkr17c19       0.5947512         1.000000         0.000000    
 hkr18c00        19.61873         1.000000         0.000000    
 hkr18c01        2.003972         1.000000         0.000000    
 hkr18c02       0.5947512         1.000000         0.000000    
 hkr18c03        3.237037         1.000000         0.000000    
 hkr18c08        1.579139         1.000000         0.000000    
 hkr18c09        18.39838         1.000000         0.000000    
 hkr18c10        32.46765         1.000000         0.000000    
 hkr18c11        10.99727         1.000000         0.000000    
 hkr18c12        10.76719         1.000000         0.000000    
 hkr18c13        1.788369         1.000000         0.000000    
 hkr18c14       0.5947512         1.000000         0.000000    
 hkr18c15        24.59745         1.000000         0.000000    
 hkr18c16       0.5947512         1.000000         0.000000    
 hkr18c17       0.5947512         1.000000         0.000000    
 hkr18c18        24.74992         1.000000         0.000000    
 hkr18c19        17.39107         1.000000         0.000000    
 hkr19c00       0.5947512         1.000000         0.000000    
 hkr19c01       0.5947512         1.000000         0.000000    
 hkr19c02        3.646431         1.000000         0.000000    
 hkr19c03        6.877867         1.000000         0.000000    
 hkr19c08        13.01697         1.000000         0.000000    
 hkr19c09        28.74427         1.000000         0.000000    
 hkr19c10        5.837779         1.000000         0.000000    
 hkr19c11       0.5947512         1.000000         0.000000    
 hkr19c12       0.5947512         1.000000         0.000000    
 hkr19c13       0.5947512         1.000000         0.000000    
 hkr19c14        8.952024         1.000000         0.000000    
 hkr19c15        1.540508         1.000000         0.000000    
 hkr19c16        11.07407         1.000000         0.000000    
 hkr19c17        6.555560         1.000000         0.000000    
 hkr19c18        11.53335         1.000000         0.000000    
 hkr19c19        15.78340         1.000000         0.000000    
 hkr20c00        2.882900         1.000000         0.000000    
 hkr20c01       0.5947512         1.000000         0.000000    
 hkr20c02        8.868727         1.000000         0.000000    
 hkr20c03       0.5947512         1.000000         0.000000    
 hkr20c08       0.5947512         1.000000         0.000000    
 hkr20c09        11.24298         1.000000         0.000000    
 hkr20c10       0.5947512         1.000000         0.000000    
 hkr20c11        12.11287         1.000000         0.000000    
 hkr20c12        22.52338         1.000000         0.000000    
 hkr20c13        59.47512         1.000000         0.000000    
 hkr20c14       0.5947512         1.000000         0.000000    
 hkr20c15        33.36890         1.000000         0.000000    
 hkr20c16        12.08341         1.000000         0.000000    
 hkr20c17       0.5947512         1.000000         0.000000    
 hkr20c18        2.184243         1.000000         0.000000    
 hkr20c19        11.77331         1.000000         0.000000    
 hkr21c00        13.71139         1.000000         0.000000    
 hkr21c01        14.61170         1.000000         0.000000    
 hkr21c02        36.48117         1.000000         0.000000    
 hkr21c03       0.5947512         1.000000         0.000000    
 hkr21c06       0.5947512         1.000000         0.000000    
 hkr21c07        11.82297         1.000000         0.000000    
 hkr21c08       0.5947512         1.000000         0.000000    
 hkr21c09        20.50091         1.000000         0.000000    
 hkr21c10        6.874176         1.000000         0.000000    
 hkr21c11        16.31991         1.000000         0.000000    
 hkr21c12       0.7463200         1.000000         0.000000    
 hkr21c13       0.5947512         1.000000         0.000000    
 hkr21c14        4.634672         1.000000         0.000000    
 hkr21c15        23.66476         1.000000         0.000000    
 hkr21c16        5.042792         1.000000         0.000000    
 hkr21c17        4.977988         1.000000         0.000000    
 hkr21c18       0.5947512         1.000000         0.000000    
 hkr21c19        9.093285         1.000000         0.000000    
 hkr22c00       0.5947512         1.000000         0.000000    
 hkr22c01       0.5947512         1.000000         0.000000    
 hkr22c02        16.51135         1.000000         0.000000    
 hkr22c03        5.685229         1.000000         0.000000    
 hkr22c04       0.5947512         1.000000         0.000000    
 hkr22c06        35.16587         1.000000         0.000000    
 hkr22c07        2.373247         1.000000         0.000000    
 hkr22c08        14.20070         1.000000         0.000000    
 hkr22c09        12.63243         1.000000         0.000000    
 hkr22c10        14.97694         1.000000         0.000000    
 hkr22c11       0.5947512         1.000000         0.000000    
 hkr22c12       0.5947512         1.000000         0.000000    
 hkr22c13        2.159046         1.000000         0.000000    
 hkr22c14        14.77226         1.000000         0.000000    
 hkr22c15       0.5947512         1.000000         0.000000    
 hkr22c16        3.616881         1.000000         0.000000    
 hkr22c17       0.5947512         1.000000         0.000000    
 hkr22c18        1.907722         1.000000         0.000000    
 hkr22c19        6.028921         1.000000         0.000000    
 hkr23c00        2.990158         1.000000         0.000000    
 hkr23c01        9.164841         1.000000         0.000000    
 hkr23c02        18.24044         1.000000         0.000000    
 hkr23c03        10.32110         1.000000         0.000000    
 hkr23c04        30.84344         1.000000         0.000000    
 hkr23c05        15.87827         1.000000         0.000000    
 hkr23c06        8.790342         1.000000         0.000000    
 hkr23c07        28.96589         1.000000         0.000000    
 hkr23c08        21.82167         1.000000         0.000000    
 hkr23c09        10.28280         1.000000         0.000000    
 hkr23c10       0.5947512         1.000000         0.000000    
 hkr23c11        15.30942         1.000000         0.000000    
 hkr23c12       0.5947512         1.000000         0.000000    
 hkr23c13        2.111035         1.000000         0.000000    
 hkr23c14       0.5947512         1.000000         0.000000    
 hkr23c15       0.5947512         1.000000         0.000000    
 hkr23c16       0.5947512         1.000000         0.000000    
 hkr23c17        22.21449         1.000000         0.000000    
 hkr23c18        16.79165         1.000000         0.000000    
 hkr23c19       0.5947512         1.000000         0.000000    
 hkr24c00       0.5947512         1.000000         0.000000    
 hkr24c01       0.5947512         1.000000         0.000000    
 hkr24c02        12.39162         1.000000         0.000000    
 hkr24c03        9.617612         1.000000         0.000000    
 hkr24c04        3.350511         1.000000         0.000000    
 hkr24c05       0.5947512         1.000000         0.000000    
 hkr24c06        1.052592         1.000000         0.000000    
 hkr24c07        25.45652         1.000000         0.000000    
 hkr24c08       0.5947512         1.000000         0.000000    
 hkr24c09        26.60740         1.000000         0.000000    
 hkr24c10        6.334759         1.000000         0.000000    
 hkr24c11        24.23447         1.000000         0.000000    
 hkr24c12       0.5947512         1.000000         0.000000    
 hkr24c13        2.841702         1.000000         0.000000    
 hkr24c14       0.5947512         1.000000         0.000000    
 hkr24c15       0.5947512         1.000000         0.000000    
 hkr24c16       0.5947512         1.000000         0.000000    
 hkr24c17        31.15170         1.000000         0.000000    
 hkr24c18        12.17023         1.000000         0.000000    
 hkr24c19       0.5947512         1.000000         0.000000    
 hkr25c00        1.233364         1.000000         0.000000    
 hkr25c01        1.077495         1.000000         0.000000    
 hkr25c02        28.52646         1.000000         0.000000    
 hkr25c03        1.635999         1.000000         0.000000    
 hkr25c04       0.5947512         1.000000         0.000000    
 hkr25c05        1.985194         1.000000         0.000000    
 hkr25c06        19.81926         1.000000         0.000000    
 hkr25c07       0.5947512         1.000000         0.000000    
 hkr25c08       0.5947512         1.000000         0.000000    
 hkr25c09        2.928252         1.000000         0.000000    
 hkr25c10        19.79738         1.000000         0.000000    
 hkr25c11       0.5947512         1.000000         0.000000    
 hkr25c12        15.04473         1.000000         0.000000    
 hkr25c13       0.5947512         1.000000         0.000000    
 hkr25c14       0.5947512         1.000000         0.000000    
 hkr25c15        2.642387         1.000000         0.000000    
 hkr25c16       0.5947512         1.000000         0.000000    
 hkr25c17        19.13687         1.000000         0.000000    
 hkr25c18        16.31020         1.000000         0.000000    
 hkr25c19        2.855634         1.000000         0.000000    
 hkr26c00        29.97655         1.000000         0.000000    
 hkr26c01        22.63649         1.000000         0.000000    
 hkr26c02        3.134814         1.000000         0.000000    
 hkr26c03        19.79125         1.000000         0.000000    
 hkr26c04       0.5947512         1.000000         0.000000    
 hkr26c05        15.56313         1.000000         0.000000    
 hkr26c06       0.5947512         1.000000         0.000000    
 hkr26c07       0.5947512         1.000000         0.000000    
 hkr26c08        31.29780         1.000000         0.000000    
 hkr26c09        8.126383         1.000000         0.000000    
 hkr26c10        4.982391         1.000000         0.000000    
 hkr26c11        21.76568         1.000000         0.000000    
 hkr26c12       0.5947512         1.000000         0.000000    
 hkr26c13        16.60553         1.000000         0.000000    
 hkr26c14       0.5947512         1.000000         0.000000    
 hkr26c15        10.35359         1.000000         0.000000    
 hkr26c16        8.078603         1.000000         0.000000    
 hkr26c17        29.92476         1.000000         0.000000    
 hkr26c18        8.229883         1.000000         0.000000    
 hkr26c19       0.5947512         1.000000         0.000000    
 hkr27c00        19.39321         1.000000         0.000000    
 hkr27c01        16.87663         1.000000         0.000000    
 hkr27c02       0.5947512         1.000000         0.000000    
 hkr27c03        9.928290         1.000000         0.000000    
 hkr27c04        3.580254         1.000000         0.000000    
 hkr27c05        2.480990         1.000000         0.000000    
 hkr27c06        8.067960         1.000000         0.000000    
 hkr27c07       0.5947512         1.000000         0.000000    
 hkr27c08        19.38894         1.000000         0.000000    
 hkr27c09       0.5947512         1.000000         0.000000    
 hkr27c10        17.68321         1.000000         0.000000    
 hkr27c11       0.5947512         1.000000         0.000000    
 hkr27c12        23.73467         1.000000         0.000000    
 hkr27c13       0.5947512         1.000000         0.000000    
 hkr27c14       0.5947512         1.000000         0.000000    
 hkr27c15       0.5947512         1.000000         0.000000    
 hkr27c16        9.311667         1.000000         0.000000    
 hkr27c17       0.5947512         1.000000         0.000000    
 hkr27c18        5.613946         1.000000         0.000000    
 hkr27c19       0.5947512         1.000000         0.000000    
 hkr28c00        14.30379         1.000000         0.000000    
 hkr28c01       0.5947512         1.000000         0.000000    
 hkr28c02        14.95818         1.000000         0.000000    
 hkr28c03        18.13957         1.000000         0.000000    
 hkr28c04        14.33422         1.000000         0.000000    
 hkr28c05        19.64676         1.000000         0.000000    
 hkr28c06        21.59222         1.000000         0.000000    
 hkr28c07        3.010629         1.000000         0.000000    
 hkr28c08        16.31653         1.000000         0.000000    
 hkr28c09        14.83551         1.000000         0.000000    
 hkr28c10       0.5947512         1.000000         0.000000    
 hkr28c11        15.93589         1.000000         0.000000    
 hkr28c12        28.26738         1.000000         0.000000    
 hkr28c13       0.5947512         1.000000         0.000000    
 hkr28c14       0.5947512         1.000000         0.000000    
 hkr28c15       0.5947512         1.000000         0.000000    
 hkr28c16        8.800064         1.000000         0.000000    
 hkr28c17       0.5947512         1.000000         0.000000    
 hkr28c18        5.206538         1.000000         0.000000    
 hkr28c19        26.20309         1.000000         0.000000    
 hkr29c00       0.5947512         1.000000         0.000000    
 hkr29c01        5.909762         1.000000         0.000000    
 hkr29c02       0.5947512         1.000000         0.000000    
 hkr29c03       0.5947512         1.000000         0.000000    
 hkr29c04        13.34120         1.000000         0.000000    
 hkr29c05        11.93490         1.000000         0.000000    
 hkr29c06        15.80807         1.000000         0.000000    
 hkr29c07        9.825680         1.000000         0.000000    
 hkr29c08        8.616614         1.000000         0.000000    
 hkr29c09       0.5947512         1.000000         0.000000    
 hkr29c10        30.24320         1.000000         0.000000    
 hkr29c11        22.03819         1.000000         0.000000    
 hkr29c12        6.376803         1.000000         0.000000    
 hkr29c13       0.5947512         1.000000         0.000000    
 hkr29c14       0.5947512         1.000000         0.000000    
 hkr29c15       0.5947512         1.000000         0.000000    
 hkr29c16        29.64960         1.000000         0.000000    
 hkr29c17        13.97386         1.000000         0.000000    
 hkr29c18       0.5947512         1.000000         0.000000    
 hkr29c19       0.5947512         1.000000         0.000000    
 hkr30c00        1.211373         1.000000         0.000000    
 hkr30c01       0.5947512         1.000000         0.000000    
 hkr30c02        15.55671         1.000000         0.000000    
 hkr30c03        3.861018         1.000000         0.000000    
 hkr30c04        9.791340         1.000000         0.000000    
 hkr30c05       0.5947512         1.000000         0.000000    
 hkr30c06        16.78711         1.000000         0.000000    
 hkr30c07        15.88324         1.000000         0.000000    
 hkr30c08       0.5947512         1.000000         0.000000    
 hkr30c09       0.5947512         1.000000         0.000000    
 hkr30c10        11.78330         1.000000         0.000000    
 hkr30c11        26.31954         1.000000         0.000000    
 hkr30c12       0.5947512         1.000000         0.000000    
 hkr30c13        13.23891         1.000000         0.000000    
 hkr30c14       0.5947512         1.000000         0.000000    
 hkr30c15        9.850455         1.000000         0.000000    
 hkr30c16        1.446043         1.000000         0.000000    
 hkr30c17        23.04209         1.000000         0.000000    
 hkr30c18       0.5947512         1.000000         0.000000    
 hkr30c19       0.5947512         1.000000         0.000000    
 hkr31c00        3.565466         1.000000         0.000000    
 hkr31c01        16.70526         1.000000         0.000000    
 hkr31c02       0.5947512         1.000000         0.000000    
 hkr31c03       0.5947512         1.000000         0.000000    
 hkr31c04        9.706396         1.000000         0.000000    
 hkr31c05       0.5947512         1.000000         0.000000    
 hkr31c06        18.86128         1.000000         0.000000    
 hkr31c07       0.5947512         1.000000         0.000000    
 hkr31c08       0.5947512         1.000000         0.000000    
 hkr31c09        1.637740         1.000000         0.000000    
 hkr31c10       0.5947512         1.000000         0.000000    
 hkr31c11        9.248140         1.000000         0.000000    
 hkr31c12        16.88066         1.000000         0.000000    
 hkr31c13        35.04545         1.000000         0.000000    
 hkr31c14        31.91190         1.000000         0.000000    
 hkr31c15        38.58744         1.000000         0.000000    
 hkr31c16        8.023147         1.000000         0.000000    
 hkr31c17       0.5947512         1.000000         0.000000    
 hkr31c18        12.94167         1.000000         0.000000    
 hkr31c19        15.35297         1.000000         0.000000    
 hkr32c01       0.5947512         1.000000         0.000000    
 hkr32c02       0.5947512         1.000000         0.000000    
 hkr32c03        15.21565         1.000000         0.000000    
 hkr32c04        26.34639         1.000000         0.000000    
 hkr32c05        9.702177         1.000000         0.000000    
 hkr32c06        2.340633         1.000000         0.000000    
 hkr32c07        6.266328         1.000000         0.000000    
 hkr32c08       0.5947512         1.000000         0.000000    
 hkr32c09        13.18533         1.000000         0.000000    
 hkr32c10       0.5947512         1.000000         0.000000    
 hkr32c11       0.5947512         1.000000         0.000000    
 hkr32c12        10.86277         1.000000         0.000000    
 hkr32c13        6.336814         1.000000         0.000000    
 hkr32c14        24.96411         1.000000         0.000000    
 hkr32c15        2.982567         1.000000         0.000000    
 hkr32c16        16.97997         1.000000         0.000000    
 hkr32c17        42.74150         1.000000         0.000000    
 hkr32c18       0.5947512         1.000000         0.000000    
 hkr32c19        3.547236         1.000000         0.000000    
 hkr33c02        16.07440         1.000000         0.000000    
 hkr33c03        5.636139         1.000000         0.000000    
 hkr33c04        12.13284         1.000000         0.000000    
 hkr33c05       0.5947512         1.000000         0.000000    
 hkr33c06        33.12110         1.000000         0.000000    
 hkr33c07        22.98052         1.000000         0.000000    
 hkr33c08       0.5947512         1.000000         0.000000    
 hkr33c09        11.66753         1.000000         0.000000    
 hkr33c10        26.38707         1.000000         0.000000    
 hkr33c11       0.5947512         1.000000         0.000000    
 hkr33c12       0.5947512         1.000000         0.000000    
 hkr33c13       0.5947512         1.000000         0.000000    
 hkr33c14        15.64594         1.000000         0.000000    
 hkr33c15        5.842104         1.000000         0.000000    
 hkr33c16        30.34325         1.000000         0.000000    
 hkr33c17       0.5947512         1.000000         0.000000    
 hkr33c18       0.5947512         1.000000         0.000000    
 hkr33c19       0.5947512         1.000000         0.000000    
 hkr34c03        10.63948         1.000000         0.000000    
 hkr34c04        8.175393         1.000000         0.000000    
 hkr34c05        25.64153         1.000000         0.000000    
 hkr34c06        1.056001         1.000000         0.000000    
 hkr34c07        23.00159         1.000000         0.000000    
 hkr34c08        8.785310         1.000000         0.000000    
 hkr34c09        2.940777         1.000000         0.000000    
 hkr34c10       0.5947512         1.000000         0.000000    
 hkr34c11        16.00930         1.000000         0.000000    
 hkr34c12        12.02662         1.000000         0.000000    
 hkr34c13       0.5947512         1.000000         0.000000    
 hkr34c14       0.5947512         1.000000         0.000000    
 hkr34c15        23.87177         1.000000         0.000000    
 hkr34c16       0.5947512         1.000000         0.000000    
 hkr34c17        5.210461         1.000000         0.000000    
 hkr34c18        28.75194         1.000000         0.000000    
 hkr34c19        2.579653         1.000000         0.000000    
 hkr35c04        20.42640         1.000000         0.000000    
 hkr35c05       0.9993422         1.000000         0.000000    
 hkr35c06        1.658366         1.000000         0.000000    
 hkr35c07       0.5947512         1.000000         0.000000    
 hkr35c08        7.516044         1.000000         0.000000    
 hkr35c09        52.55084         1.000000         0.000000    
 hkr35c10        8.246081         1.000000         0.000000    
 hkr35c11        12.51400         1.000000         0.000000    
 hkr35c12        24.89936         1.000000         0.000000    
 hkr35c13       0.5947512         1.000000         0.000000    
 hkr35c14        7.978058         1.000000         0.000000    
 hkr35c15       0.5947512         1.000000         0.000000    
 hkr35c16       0.5947512         1.000000         0.000000    
 hkr35c17       0.5947512         1.000000         0.000000    
 hkr35c18       0.5947512         1.000000         0.000000    
 hkr36c04        9.359777         1.000000         0.000000    
 hkr36c05        2.671407         1.000000         0.000000    
 hkr36c06       0.5947512         1.000000         0.000000    
 hkr36c07        14.52638         1.000000         0.000000    
 hkr36c08        9.433485         1.000000         0.000000    
 hkr36c09        22.11619         1.000000         0.000000    
 hkr36c10        2.412675         1.000000         0.000000    
 hkr36c11        22.72355         1.000000         0.000000    
 hkr36c12       0.5947512         1.000000         0.000000    
 hkr36c13        24.79400         1.000000         0.000000    
 hkr36c14       0.5947512         1.000000         0.000000    
 hkr36c15       0.5947512         1.000000         0.000000    
 hkr36c16        13.13054         1.000000         0.000000    
 hkr36c17       0.5947512         1.000000         0.000000    
 hkr36c18        14.66118         1.000000         0.000000    
 hkr37c05        18.24288         1.000000         0.000000    
 hkr37c06       0.5947512         1.000000         0.000000    
 hkr37c07       0.5947512         1.000000         0.000000    
 hkr37c08        4.370550         1.000000         0.000000    
 hkr37c09        24.55093         1.000000         0.000000    
 hkr37c10       0.5947512         1.000000         0.000000    
 hkr37c11       0.5947512         1.000000         0.000000    
 hkr37c12       0.5947512         1.000000         0.000000    
 hkr37c13        25.54974         1.000000         0.000000    
 hkr37c14        7.912481         1.000000         0.000000    
 hkr37c15        12.96635         1.000000         0.000000    
 hkr37c16       0.5947512         1.000000         0.000000    
 hkr37c17        7.666993         1.000000         0.000000    
 hkr38c05        22.55702         1.000000         0.000000    
 hkr38c06        28.24066         1.000000         0.000000    
 hkr38c07        10.04561         1.000000         0.000000    
 hkr38c08        5.483668         1.000000         0.000000    
 hkr38c09        28.72502         1.000000         0.000000    
 hkr38c10       0.5947512         1.000000         0.000000    
 hkr38c11       0.5947512         1.000000         0.000000    
 hkr38c12        4.659749         1.000000         0.000000    
 hkr38c13       0.5947512         1.000000         0.000000    
 hkr38c14        7.409974         1.000000         0.000000    
 hkr38c15       0.5947512         1.000000         0.000000    
 hkr38c16       0.5947512         1.000000         0.000000    
 hkr39c05       0.5947512         1.000000         0.000000    
 hkr39c06       0.5947512         1.000000         0.000000    
 hkr39c07       0.5947512         1.000000         0.000000    
 hkr39c08       0.5947512         1.000000         0.000000    
 hkr39c09        4.821924         1.000000         0.000000    
 hkr39c10       0.5947512         1.000000         0.000000    
 hkr39c11        31.19726         1.000000         0.000000    
 hkr39c12       0.5947512         1.000000         0.000000    
 hkr39c13        20.74184         1.000000         0.000000    
 hkr39c14       0.5947512         1.000000         0.000000    
