  single point
         rch_1     1.000000000000000         1.000000         0.000000    
         rch_2     1.000000000000000         1.000000         0.000000    
       rcond00     4904.372000000000         1.000000         0.000000    
       rcond01     4904.372000000000         1.000000         0.000000    
       rcond02     4904.372000000000         1.000000         0.000000    
       rcond03     4904.372000000000         1.000000         0.000000    
       rcond04     4904.372000000000         1.000000         0.000000    
       rcond05     4904.372000000000         1.000000         0.000000    
       rcond06     4904.372000000000         1.000000         0.000000    
       rcond07     4904.372000000000         1.000000         0.000000    
       rcond08     4904.372000000000         1.000000         0.000000    
       rcond09     4904.372000000000         1.000000         0.000000    
       rcond10     4904.372000000000         1.000000         0.000000    
       rcond11     4904.372000000000         1.000000         0.000000    
       rcond12     4904.372000000000         1.000000         0.000000    
       rcond13     4904.372000000000         1.000000         0.000000    
       rcond14     4904.372000000000         1.000000         0.000000    
       rcond15     4904.372000000000         1.000000         0.000000    
       rcond16     4904.372000000000         1.000000         0.000000    
       rcond17     4904.372000000000         1.000000         0.000000    
       rcond18     4904.372000000000         1.000000         0.000000    
       rcond19     4904.372000000000         1.000000         0.000000    
       rcond20     4904.372000000000         1.000000         0.000000    
       rcond21     4904.372000000000         1.000000         0.000000    
       rcond22     4904.372000000000         1.000000         0.000000    
       rcond23     4904.372000000000         1.000000         0.000000    
       rcond24     4904.372000000000         1.000000         0.000000    
       rcond25     4904.372000000000         1.000000         0.000000    
       rcond26     4904.372000000000         1.000000         0.000000    
       rcond27     4904.372000000000         1.000000         0.000000    
       rcond28     4904.372000000000         1.000000         0.000000    
       rcond29     4904.372000000000         1.000000         0.000000    
       rcond30     4904.372000000000         1.000000         0.000000    
       rcond31     4904.372000000000         1.000000         0.000000    
       rcond32     4904.372000000000         1.000000         0.000000    
       rcond33     4904.372000000000         1.000000         0.000000    
       rcond34     4904.372000000000         1.000000         0.000000    
       rcond35     4904.372000000000         1.000000         0.000000    
       rcond36     4904.372000000000         1.000000         0.000000    
       rcond37     4904.372000000000         1.000000         0.000000    
       rcond38     4904.372000000000         1.000000         0.000000    
       rcond39     4904.372000000000         1.000000         0.000000    
            ss    1.0000000000000001E-05     1.000000         0.000000    
            sy    9.9999990000000000E-03     1.000000         0.000000    
         wf1_1     708.4800000000000         1.000000         0.000000    
         wf2_1     354.2400000000000         1.000000         0.000000    
         wf3_1     336.9600000000000         1.000000         0.000000    
         wf4_1     71.71200000000000         1.000000         0.000000    
         wf5_1     62.20800000000000         1.000000         0.000000    
         wf6_1     371.5200000000000         1.000000         0.000000    
         wf1_2     885.6000000000000         1.000000         0.000000    
         wf2_2     442.8000000000000         1.000000         0.000000    
         wf3_2     421.2000000000000         1.000000         0.000000    
         wf4_2     89.64000000000000         1.000000         0.000000    
         wf5_2     77.76000000000002         1.000000         0.000000    
         wf6_2     464.4000000000000         1.000000         0.000000    
      hkr00c00     5.947512000000000         1.000000         0.000000    
      hkr00c01     5.947512000000000         1.000000         0.000000    
      hkr00c02     5.947512000000000         1.000000         0.000000    
      hkr00c03     5.947512000000000         1.000000         0.000000    
      hkr00c04     5.947512000000000         1.000000         0.000000    
      hkr00c05     5.947512000000000         1.000000         0.000000    
      hkr00c06     5.947512000000000         1.000000         0.000000    
      hkr00c07     5.947512000000000         1.000000         0.000000    
      hkr00c08     5.947512000000000         1.000000         0.000000    
      hkr00c09     5.947512000000000         1.000000         0.000000    
      hkr00c10     5.947512000000000         1.000000         0.000000    
      hkr00c11     5.947512000000000         1.000000         0.000000    
      hkr00c12     5.947512000000000         1.000000         0.000000    
      hkr00c13     5.947512000000000         1.000000         0.000000    
      hkr00c14     5.947512000000000         1.000000         0.000000    
      hkr00c15     5.947512000000000         1.000000         0.000000    
      hkr00c16     5.947512000000000         1.000000         0.000000    
      hkr00c17     5.947512000000000         1.000000         0.000000    
      hkr00c18     5.947512000000000         1.000000         0.000000    
      hkr00c19     5.947512000000000         1.000000         0.000000    
      hkr01c00     5.947512000000000         1.000000         0.000000    
      hkr01c01     5.947512000000000         1.000000         0.000000    
      hkr01c02     5.947512000000000         1.000000         0.000000    
      hkr01c03     5.947512000000000         1.000000         0.000000    
      hkr01c04     5.947512000000000         1.000000         0.000000    
      hkr01c05     5.947512000000000         1.000000         0.000000    
      hkr01c06     5.947512000000000         1.000000         0.000000    
      hkr01c07     5.947512000000000         1.000000         0.000000    
      hkr01c08     5.947512000000000         1.000000         0.000000    
      hkr01c09     5.947512000000000         1.000000         0.000000    
      hkr01c10     5.947512000000000         1.000000         0.000000    
      hkr01c11     5.947512000000000         1.000000         0.000000    
      hkr01c12     5.947512000000000         1.000000         0.000000    
      hkr01c13     5.947512000000000         1.000000         0.000000    
      hkr01c14     5.947512000000000         1.000000         0.000000    
      hkr01c15     5.947512000000000         1.000000         0.000000    
      hkr01c16     5.947512000000000         1.000000         0.000000    
      hkr01c17     5.947512000000000         1.000000         0.000000    
      hkr01c18     5.947512000000000         1.000000         0.000000    
      hkr01c19     5.947512000000000         1.000000         0.000000    
      hkr02c00     5.947512000000000         1.000000         0.000000    
      hkr02c01     5.947512000000000         1.000000         0.000000    
      hkr02c02     5.947512000000000         1.000000         0.000000    
      hkr02c03     5.947512000000000         1.000000         0.000000    
      hkr02c04     5.947512000000000         1.000000         0.000000    
      hkr02c05     5.947512000000000         1.000000         0.000000    
      hkr02c06     5.947512000000000         1.000000         0.000000    
      hkr02c07     5.947512000000000         1.000000         0.000000    
      hkr02c08     5.947512000000000         1.000000         0.000000    
      hkr02c09     5.947512000000000         1.000000         0.000000    
      hkr02c10     5.947512000000000         1.000000         0.000000    
      hkr02c11     5.947512000000000         1.000000         0.000000    
      hkr02c12     5.947512000000000         1.000000         0.000000    
      hkr02c13     5.947512000000000         1.000000         0.000000    
      hkr02c14     5.947512000000000         1.000000         0.000000    
      hkr02c15     5.947512000000000         1.000000         0.000000    
      hkr02c16     5.947512000000000         1.000000         0.000000    
      hkr02c17     5.947512000000000         1.000000         0.000000    
      hkr02c18     5.947512000000000         1.000000         0.000000    
      hkr02c19     5.947512000000000         1.000000         0.000000    
      hkr03c00     5.947512000000000         1.000000         0.000000    
      hkr03c01     5.947512000000000         1.000000         0.000000    
      hkr03c02     5.947512000000000         1.000000         0.000000    
      hkr03c03     5.947512000000000         1.000000         0.000000    
      hkr03c04     5.947512000000000         1.000000         0.000000    
      hkr03c05     5.947512000000000         1.000000         0.000000    
      hkr03c06     5.947512000000000         1.000000         0.000000    
      hkr03c07     5.947512000000000         1.000000         0.000000    
      hkr03c08     5.947512000000000         1.000000         0.000000    
      hkr03c09     5.947512000000000         1.000000         0.000000    
      hkr03c10     5.947512000000000         1.000000         0.000000    
      hkr03c11     5.947512000000000         1.000000         0.000000    
      hkr03c12     5.947512000000000         1.000000         0.000000    
      hkr03c13     5.947512000000000         1.000000         0.000000    
      hkr03c14     5.947512000000000         1.000000         0.000000    
      hkr03c15     5.947512000000000         1.000000         0.000000    
      hkr03c16     5.947512000000000         1.000000         0.000000    
      hkr03c17     5.947512000000000         1.000000         0.000000    
      hkr03c18     5.947512000000000         1.000000         0.000000    
      hkr03c19     5.947512000000000         1.000000         0.000000    
      hkr04c00     5.947512000000000         1.000000         0.000000    
      hkr04c01     5.947512000000000         1.000000         0.000000    
      hkr04c02     5.947512000000000         1.000000         0.000000    
      hkr04c03     5.947512000000000         1.000000         0.000000    
      hkr04c04     5.947512000000000         1.000000         0.000000    
      hkr04c05     5.947512000000000         1.000000         0.000000    
      hkr04c06     5.947512000000000         1.000000         0.000000    
      hkr04c07     5.947512000000000         1.000000         0.000000    
      hkr04c08     5.947512000000000         1.000000         0.000000    
      hkr04c09     5.947512000000000         1.000000         0.000000    
      hkr04c10     5.947512000000000         1.000000         0.000000    
      hkr04c11     5.947512000000000         1.000000         0.000000    
      hkr04c12     5.947512000000000         1.000000         0.000000    
      hkr04c13     5.947512000000000         1.000000         0.000000    
      hkr04c14     5.947512000000000         1.000000         0.000000    
      hkr04c15     5.947512000000000         1.000000         0.000000    
      hkr04c16     5.947512000000000         1.000000         0.000000    
      hkr04c17     5.947512000000000         1.000000         0.000000    
      hkr04c18     5.947512000000000         1.000000         0.000000    
      hkr04c19     5.947512000000000         1.000000         0.000000    
      hkr05c00     5.947512000000000         1.000000         0.000000    
      hkr05c01     5.947512000000000         1.000000         0.000000    
      hkr05c02     5.947512000000000         1.000000         0.000000    
      hkr05c03     5.947512000000000         1.000000         0.000000    
      hkr05c04     5.947512000000000         1.000000         0.000000    
      hkr05c05     5.947512000000000         1.000000         0.000000    
      hkr05c06     5.947512000000000         1.000000         0.000000    
      hkr05c07     5.947512000000000         1.000000         0.000000    
      hkr05c08     5.947512000000000         1.000000         0.000000    
      hkr05c09     5.947512000000000         1.000000         0.000000    
      hkr05c10     5.947512000000000         1.000000         0.000000    
      hkr05c11     5.947512000000000         1.000000         0.000000    
      hkr05c12     5.947512000000000         1.000000         0.000000    
      hkr05c13     5.947512000000000         1.000000         0.000000    
      hkr05c14     5.947512000000000         1.000000         0.000000    
      hkr05c15     5.947512000000000         1.000000         0.000000    
      hkr05c16     5.947512000000000         1.000000         0.000000    
      hkr05c17     5.947512000000000         1.000000         0.000000    
      hkr05c18     5.947512000000000         1.000000         0.000000    
      hkr05c19     5.947512000000000         1.000000         0.000000    
      hkr06c00     5.947512000000000         1.000000         0.000000    
      hkr06c01     5.947512000000000         1.000000         0.000000    
      hkr06c02     5.947512000000000         1.000000         0.000000    
      hkr06c03     5.947512000000000         1.000000         0.000000    
      hkr06c04     5.947512000000000         1.000000         0.000000    
      hkr06c05     5.947512000000000         1.000000         0.000000    
      hkr06c06     5.947512000000000         1.000000         0.000000    
      hkr06c07     5.947512000000000         1.000000         0.000000    
      hkr06c08     5.947512000000000         1.000000         0.000000    
      hkr06c09     5.947512000000000         1.000000         0.000000    
      hkr06c10     5.947512000000000         1.000000         0.000000    
      hkr06c11     5.947512000000000         1.000000         0.000000    
      hkr06c12     5.947512000000000         1.000000         0.000000    
      hkr06c13     5.947512000000000         1.000000         0.000000    
      hkr06c14     5.947512000000000         1.000000         0.000000    
      hkr06c15     5.947512000000000         1.000000         0.000000    
      hkr06c16     5.947512000000000         1.000000         0.000000    
      hkr06c17     5.947512000000000         1.000000         0.000000    
      hkr06c18     5.947512000000000         1.000000         0.000000    
      hkr06c19     5.947512000000000         1.000000         0.000000    
      hkr07c00     5.947512000000000         1.000000         0.000000    
      hkr07c01     5.947512000000000         1.000000         0.000000    
      hkr07c02     5.947512000000000         1.000000         0.000000    
      hkr07c03     5.947512000000000         1.000000         0.000000    
      hkr07c04     5.947512000000000         1.000000         0.000000    
      hkr07c05     5.947512000000000         1.000000         0.000000    
      hkr07c06     5.947512000000000         1.000000         0.000000    
      hkr07c07     5.947512000000000         1.000000         0.000000    
      hkr07c08     5.947512000000000         1.000000         0.000000    
      hkr07c09     5.947512000000000         1.000000         0.000000    
      hkr07c10     5.947512000000000         1.000000         0.000000    
      hkr07c11     5.947512000000000         1.000000         0.000000    
      hkr07c12     5.947512000000000         1.000000         0.000000    
      hkr07c13     5.947512000000000         1.000000         0.000000    
      hkr07c14     5.947512000000000         1.000000         0.000000    
      hkr07c15     5.947512000000000         1.000000         0.000000    
      hkr07c16     5.947512000000000         1.000000         0.000000    
      hkr07c17     5.947512000000000         1.000000         0.000000    
      hkr07c18     5.947512000000000         1.000000         0.000000    
      hkr07c19     5.947512000000000         1.000000         0.000000    
      hkr08c00     5.947512000000000         1.000000         0.000000    
      hkr08c01     5.947512000000000         1.000000         0.000000    
      hkr08c02     5.947512000000000         1.000000         0.000000    
      hkr08c03     5.947512000000000         1.000000         0.000000    
      hkr08c07     5.947512000000000         1.000000         0.000000    
      hkr08c08     5.947512000000000         1.000000         0.000000    
      hkr08c09     5.947512000000000         1.000000         0.000000    
      hkr08c10     5.947512000000000         1.000000         0.000000    
      hkr08c11     5.947512000000000         1.000000         0.000000    
      hkr08c12     5.947512000000000         1.000000         0.000000    
      hkr08c13     5.947512000000000         1.000000         0.000000    
      hkr08c14     5.947512000000000         1.000000         0.000000    
      hkr08c15     5.947512000000000         1.000000         0.000000    
      hkr08c16     5.947512000000000         1.000000         0.000000    
      hkr08c17     5.947512000000000         1.000000         0.000000    
      hkr08c18     5.947512000000000         1.000000         0.000000    
      hkr08c19     5.947512000000000         1.000000         0.000000    
      hkr09c00     5.947512000000000         1.000000         0.000000    
      hkr09c01     5.947512000000000         1.000000         0.000000    
      hkr09c02     5.947512000000000         1.000000         0.000000    
      hkr09c03     5.947512000000000         1.000000         0.000000    
      hkr09c08     5.947512000000000         1.000000         0.000000    
      hkr09c09     5.947512000000000         1.000000         0.000000    
      hkr09c10     5.947512000000000         1.000000         0.000000    
      hkr09c11     5.947512000000000         1.000000         0.000000    
      hkr09c12     5.947512000000000         1.000000         0.000000    
      hkr09c13     5.947512000000000         1.000000         0.000000    
      hkr09c14     5.947512000000000         1.000000         0.000000    
      hkr09c15     5.947512000000000         1.000000         0.000000    
      hkr09c16     5.947512000000000         1.000000         0.000000    
      hkr09c17     5.947512000000000         1.000000         0.000000    
      hkr09c18     5.947512000000000         1.000000         0.000000    
      hkr09c19     5.947512000000000         1.000000         0.000000    
      hkr10c00     5.947512000000000         1.000000         0.000000    
      hkr10c01     5.947512000000000         1.000000         0.000000    
      hkr10c02     5.947512000000000         1.000000         0.000000    
      hkr10c03     5.947512000000000         1.000000         0.000000    
      hkr10c08     5.947512000000000         1.000000         0.000000    
      hkr10c09     5.947512000000000         1.000000         0.000000    
      hkr10c10     5.947512000000000         1.000000         0.000000    
      hkr10c11     5.947512000000000         1.000000         0.000000    
      hkr10c12     5.947512000000000         1.000000         0.000000    
      hkr10c13     5.947512000000000         1.000000         0.000000    
      hkr10c14     5.947512000000000         1.000000         0.000000    
      hkr10c15     5.947512000000000         1.000000         0.000000    
      hkr10c16     5.947512000000000         1.000000         0.000000    
      hkr10c17     5.947512000000000         1.000000         0.000000    
      hkr10c18     5.947512000000000         1.000000         0.000000    
      hkr10c19     5.947512000000000         1.000000         0.000000    
      hkr11c00     5.947512000000000         1.000000         0.000000    
      hkr11c01     5.947512000000000         1.000000         0.000000    
      hkr11c02     5.947512000000000         1.000000         0.000000    
      hkr11c03     5.947512000000000         1.000000         0.000000    
      hkr11c08     5.947512000000000         1.000000         0.000000    
      hkr11c09     5.947512000000000         1.000000         0.000000    
      hkr11c10     5.947512000000000         1.000000         0.000000    
      hkr11c11     5.947512000000000         1.000000         0.000000    
      hkr11c12     5.947512000000000         1.000000         0.000000    
      hkr11c13     5.947512000000000         1.000000         0.000000    
      hkr11c14     5.947512000000000         1.000000         0.000000    
      hkr11c15     5.947512000000000         1.000000         0.000000    
      hkr11c16     5.947512000000000         1.000000         0.000000    
      hkr11c17     5.947512000000000         1.000000         0.000000    
      hkr11c18     5.947512000000000         1.000000         0.000000    
      hkr11c19     5.947512000000000         1.000000         0.000000    
      hkr12c00     5.947512000000000         1.000000         0.000000    
      hkr12c01     5.947512000000000         1.000000         0.000000    
      hkr12c02     5.947512000000000         1.000000         0.000000    
      hkr12c03     5.947512000000000         1.000000         0.000000    
      hkr12c08     5.947512000000000         1.000000         0.000000    
      hkr12c09     5.947512000000000         1.000000         0.000000    
      hkr12c10     5.947512000000000         1.000000         0.000000    
      hkr12c11     5.947512000000000         1.000000         0.000000    
      hkr12c12     5.947512000000000         1.000000         0.000000    
      hkr12c13     5.947512000000000         1.000000         0.000000    
      hkr12c14     5.947512000000000         1.000000         0.000000    
      hkr12c15     5.947512000000000         1.000000         0.000000    
      hkr12c16     5.947512000000000         1.000000         0.000000    
      hkr12c17     5.947512000000000         1.000000         0.000000    
      hkr12c18     5.947512000000000         1.000000         0.000000    
      hkr12c19     5.947512000000000         1.000000         0.000000    
      hkr13c00     5.947512000000000         1.000000         0.000000    
      hkr13c01     5.947512000000000         1.000000         0.000000    
      hkr13c02     5.947512000000000         1.000000         0.000000    
      hkr13c03     5.947512000000000         1.000000         0.000000    
      hkr13c08     5.947512000000000         1.000000         0.000000    
      hkr13c09     5.947512000000000         1.000000         0.000000    
      hkr13c10     5.947512000000000         1.000000         0.000000    
      hkr13c11     5.947512000000000         1.000000         0.000000    
      hkr13c12     5.947512000000000         1.000000         0.000000    
      hkr13c13     5.947512000000000         1.000000         0.000000    
      hkr13c14     5.947512000000000         1.000000         0.000000    
      hkr13c15     5.947512000000000         1.000000         0.000000    
      hkr13c16     5.947512000000000         1.000000         0.000000    
      hkr13c17     5.947512000000000         1.000000         0.000000    
      hkr13c18     5.947512000000000         1.000000         0.000000    
      hkr13c19     5.947512000000000         1.000000         0.000000    
      hkr14c00     5.947512000000000         1.000000         0.000000    
      hkr14c01     5.947512000000000         1.000000         0.000000    
      hkr14c02     5.947512000000000         1.000000         0.000000    
      hkr14c03     5.947512000000000         1.000000         0.000000    
      hkr14c08     5.947512000000000         1.000000         0.000000    
      hkr14c09     5.947512000000000         1.000000         0.000000    
      hkr14c10     5.947512000000000         1.000000         0.000000    
      hkr14c11     5.947512000000000         1.000000         0.000000    
      hkr14c12     5.947512000000000         1.000000         0.000000    
      hkr14c13     5.947512000000000         1.000000         0.000000    
      hkr14c14     5.947512000000000         1.000000         0.000000    
      hkr14c15     5.947512000000000         1.000000         0.000000    
      hkr14c16     5.947512000000000         1.000000         0.000000    
      hkr14c17     5.947512000000000         1.000000         0.000000    
      hkr14c18     5.947512000000000         1.000000         0.000000    
      hkr14c19     5.947512000000000         1.000000         0.000000    
      hkr15c00     5.947512000000000         1.000000         0.000000    
      hkr15c01     5.947512000000000         1.000000         0.000000    
      hkr15c02     5.947512000000000         1.000000         0.000000    
      hkr15c03     5.947512000000000         1.000000         0.000000    
      hkr15c08     5.947512000000000         1.000000         0.000000    
      hkr15c09     5.947512000000000         1.000000         0.000000    
      hkr15c10     5.947512000000000         1.000000         0.000000    
      hkr15c11     5.947512000000000         1.000000         0.000000    
      hkr15c12     5.947512000000000         1.000000         0.000000    
      hkr15c13     5.947512000000000         1.000000         0.000000    
      hkr15c14     5.947512000000000         1.000000         0.000000    
      hkr15c15     5.947512000000000         1.000000         0.000000    
      hkr15c16     5.947512000000000         1.000000         0.000000    
      hkr15c17     5.947512000000000         1.000000         0.000000    
      hkr15c18     5.947512000000000         1.000000         0.000000    
      hkr15c19     5.947512000000000         1.000000         0.000000    
      hkr16c00     5.947512000000000         1.000000         0.000000    
      hkr16c01     5.947512000000000         1.000000         0.000000    
      hkr16c02     5.947512000000000         1.000000         0.000000    
      hkr16c03     5.947512000000000         1.000000         0.000000    
      hkr16c08     5.947512000000000         1.000000         0.000000    
      hkr16c09     5.947512000000000         1.000000         0.000000    
      hkr16c10     5.947512000000000         1.000000         0.000000    
      hkr16c11     5.947512000000000         1.000000         0.000000    
      hkr16c12     5.947512000000000         1.000000         0.000000    
      hkr16c13     5.947512000000000         1.000000         0.000000    
      hkr16c14     5.947512000000000         1.000000         0.000000    
      hkr16c15     5.947512000000000         1.000000         0.000000    
      hkr16c16     5.947512000000000         1.000000         0.000000    
      hkr16c17     5.947512000000000         1.000000         0.000000    
      hkr16c18     5.947512000000000         1.000000         0.000000    
      hkr16c19     5.947512000000000         1.000000         0.000000    
      hkr17c00     5.947512000000000         1.000000         0.000000    
      hkr17c01     5.947512000000000         1.000000         0.000000    
      hkr17c02     5.947512000000000         1.000000         0.000000    
      hkr17c03     5.947512000000000         1.000000         0.000000    
      hkr17c08     5.947512000000000         1.000000         0.000000    
      hkr17c09     5.947512000000000         1.000000         0.000000    
      hkr17c10     5.947512000000000         1.000000         0.000000    
      hkr17c11     5.947512000000000         1.000000         0.000000    
      hkr17c12     5.947512000000000         1.000000         0.000000    
      hkr17c13     5.947512000000000         1.000000         0.000000    
      hkr17c14     5.947512000000000         1.000000         0.000000    
      hkr17c15     5.947512000000000         1.000000         0.000000    
      hkr17c16     5.947512000000000         1.000000         0.000000    
      hkr17c17     5.947512000000000         1.000000         0.000000    
      hkr17c18     5.947512000000000         1.000000         0.000000    
      hkr17c19     5.947512000000000         1.000000         0.000000    
      hkr18c00     5.947512000000000         1.000000         0.000000    
      hkr18c01     5.947512000000000         1.000000         0.000000    
      hkr18c02     5.947512000000000         1.000000         0.000000    
      hkr18c03     5.947512000000000         1.000000         0.000000    
      hkr18c08     5.947512000000000         1.000000         0.000000    
      hkr18c09     5.947512000000000         1.000000         0.000000    
      hkr18c10     5.947512000000000         1.000000         0.000000    
      hkr18c11     5.947512000000000         1.000000         0.000000    
      hkr18c12     5.947512000000000         1.000000         0.000000    
      hkr18c13     5.947512000000000         1.000000         0.000000    
      hkr18c14     5.947512000000000         1.000000         0.000000    
      hkr18c15     5.947512000000000         1.000000         0.000000    
      hkr18c16     5.947512000000000         1.000000         0.000000    
      hkr18c17     5.947512000000000         1.000000         0.000000    
      hkr18c18     5.947512000000000         1.000000         0.000000    
      hkr18c19     5.947512000000000         1.000000         0.000000    
      hkr19c00     5.947512000000000         1.000000         0.000000    
      hkr19c01     5.947512000000000         1.000000         0.000000    
      hkr19c02     5.947512000000000         1.000000         0.000000    
      hkr19c03     5.947512000000000         1.000000         0.000000    
      hkr19c08     5.947512000000000         1.000000         0.000000    
      hkr19c09     5.947512000000000         1.000000         0.000000    
      hkr19c10     5.947512000000000         1.000000         0.000000    
      hkr19c11     5.947512000000000         1.000000         0.000000    
      hkr19c12     5.947512000000000         1.000000         0.000000    
      hkr19c13     5.947512000000000         1.000000         0.000000    
      hkr19c14     5.947512000000000         1.000000         0.000000    
      hkr19c15     5.947512000000000         1.000000         0.000000    
      hkr19c16     5.947512000000000         1.000000         0.000000    
      hkr19c17     5.947512000000000         1.000000         0.000000    
      hkr19c18     5.947512000000000         1.000000         0.000000    
      hkr19c19     5.947512000000000         1.000000         0.000000    
      hkr20c00     5.947512000000000         1.000000         0.000000    
      hkr20c01     5.947512000000000         1.000000         0.000000    
      hkr20c02     5.947512000000000         1.000000         0.000000    
      hkr20c03     5.947512000000000         1.000000         0.000000    
      hkr20c08     5.947512000000000         1.000000         0.000000    
      hkr20c09     5.947512000000000         1.000000         0.000000    
      hkr20c10     5.947512000000000         1.000000         0.000000    
      hkr20c11     5.947512000000000         1.000000         0.000000    
      hkr20c12     5.947512000000000         1.000000         0.000000    
      hkr20c13     5.947512000000000         1.000000         0.000000    
      hkr20c14     5.947512000000000         1.000000         0.000000    
      hkr20c15     5.947512000000000         1.000000         0.000000    
      hkr20c16     5.947512000000000         1.000000         0.000000    
      hkr20c17     5.947512000000000         1.000000         0.000000    
      hkr20c18     5.947512000000000         1.000000         0.000000    
      hkr20c19     5.947512000000000         1.000000         0.000000    
      hkr21c00     5.947512000000000         1.000000         0.000000    
      hkr21c01     5.947512000000000         1.000000         0.000000    
      hkr21c02     5.947512000000000         1.000000         0.000000    
      hkr21c03     5.947512000000000         1.000000         0.000000    
      hkr21c06     5.947512000000000         1.000000         0.000000    
      hkr21c07     5.947512000000000         1.000000         0.000000    
      hkr21c08     5.947512000000000         1.000000         0.000000    
      hkr21c09     5.947512000000000         1.000000         0.000000    
      hkr21c10     5.947512000000000         1.000000         0.000000    
      hkr21c11     5.947512000000000         1.000000         0.000000    
      hkr21c12     5.947512000000000         1.000000         0.000000    
      hkr21c13     5.947512000000000         1.000000         0.000000    
      hkr21c14     5.947512000000000         1.000000         0.000000    
      hkr21c15     5.947512000000000         1.000000         0.000000    
      hkr21c16     5.947512000000000         1.000000         0.000000    
      hkr21c17     5.947512000000000         1.000000         0.000000    
      hkr21c18     5.947512000000000         1.000000         0.000000    
      hkr21c19     5.947512000000000         1.000000         0.000000    
      hkr22c00     5.947512000000000         1.000000         0.000000    
      hkr22c01     5.947512000000000         1.000000         0.000000    
      hkr22c02     5.947512000000000         1.000000         0.000000    
      hkr22c03     5.947512000000000         1.000000         0.000000    
      hkr22c04     5.947512000000000         1.000000         0.000000    
      hkr22c06     5.947512000000000         1.000000         0.000000    
      hkr22c07     5.947512000000000         1.000000         0.000000    
      hkr22c08     5.947512000000000         1.000000         0.000000    
      hkr22c09     5.947512000000000         1.000000         0.000000    
      hkr22c10     5.947512000000000         1.000000         0.000000    
      hkr22c11     5.947512000000000         1.000000         0.000000    
      hkr22c12     5.947512000000000         1.000000         0.000000    
      hkr22c13     5.947512000000000         1.000000         0.000000    
      hkr22c14     5.947512000000000         1.000000         0.000000    
      hkr22c15     5.947512000000000         1.000000         0.000000    
      hkr22c16     5.947512000000000         1.000000         0.000000    
      hkr22c17     5.947512000000000         1.000000         0.000000    
      hkr22c18     5.947512000000000         1.000000         0.000000    
      hkr22c19     5.947512000000000         1.000000         0.000000    
      hkr23c00     5.947512000000000         1.000000         0.000000    
      hkr23c01     5.947512000000000         1.000000         0.000000    
      hkr23c02     5.947512000000000         1.000000         0.000000    
      hkr23c03     5.947512000000000         1.000000         0.000000    
      hkr23c04     5.947512000000000         1.000000         0.000000    
      hkr23c05     5.947512000000000         1.000000         0.000000    
      hkr23c06     5.947512000000000         1.000000         0.000000    
      hkr23c07     5.947512000000000         1.000000         0.000000    
      hkr23c08     5.947512000000000         1.000000         0.000000    
      hkr23c09     5.947512000000000         1.000000         0.000000    
      hkr23c10     5.947512000000000         1.000000         0.000000    
      hkr23c11     5.947512000000000         1.000000         0.000000    
      hkr23c12     5.947512000000000         1.000000         0.000000    
      hkr23c13     5.947512000000000         1.000000         0.000000    
      hkr23c14     5.947512000000000         1.000000         0.000000    
      hkr23c15     5.947512000000000         1.000000         0.000000    
      hkr23c16     5.947512000000000         1.000000         0.000000    
      hkr23c17     5.947512000000000         1.000000         0.000000    
      hkr23c18     5.947512000000000         1.000000         0.000000    
      hkr23c19     5.947512000000000         1.000000         0.000000    
      hkr24c00     5.947512000000000         1.000000         0.000000    
      hkr24c01     5.947512000000000         1.000000         0.000000    
      hkr24c02     5.947512000000000         1.000000         0.000000    
      hkr24c03     5.947512000000000         1.000000         0.000000    
      hkr24c04     5.947512000000000         1.000000         0.000000    
      hkr24c05     5.947512000000000         1.000000         0.000000    
      hkr24c06     5.947512000000000         1.000000         0.000000    
      hkr24c07     5.947512000000000         1.000000         0.000000    
      hkr24c08     5.947512000000000         1.000000         0.000000    
      hkr24c09     5.947512000000000         1.000000         0.000000    
      hkr24c10     5.947512000000000         1.000000         0.000000    
      hkr24c11     5.947512000000000         1.000000         0.000000    
      hkr24c12     5.947512000000000         1.000000         0.000000    
      hkr24c13     5.947512000000000         1.000000         0.000000    
      hkr24c14     5.947512000000000         1.000000         0.000000    
      hkr24c15     5.947512000000000         1.000000         0.000000    
      hkr24c16     5.947512000000000         1.000000         0.000000    
      hkr24c17     5.947512000000000         1.000000         0.000000    
      hkr24c18     5.947512000000000         1.000000         0.000000    
      hkr24c19     5.947512000000000         1.000000         0.000000    
      hkr25c00     5.947512000000000         1.000000         0.000000    
      hkr25c01     5.947512000000000         1.000000         0.000000    
      hkr25c02     5.947512000000000         1.000000         0.000000    
      hkr25c03     5.947512000000000         1.000000         0.000000    
      hkr25c04     5.947512000000000         1.000000         0.000000    
      hkr25c05     5.947512000000000         1.000000         0.000000    
      hkr25c06     5.947512000000000         1.000000         0.000000    
      hkr25c07     5.947512000000000         1.000000         0.000000    
      hkr25c08     5.947512000000000         1.000000         0.000000    
      hkr25c09     5.947512000000000         1.000000         0.000000    
      hkr25c10     5.947512000000000         1.000000         0.000000    
      hkr25c11     5.947512000000000         1.000000         0.000000    
      hkr25c12     5.947512000000000         1.000000         0.000000    
      hkr25c13     5.947512000000000         1.000000         0.000000    
      hkr25c14     5.947512000000000         1.000000         0.000000    
      hkr25c15     5.947512000000000         1.000000         0.000000    
      hkr25c16     5.947512000000000         1.000000         0.000000    
      hkr25c17     5.947512000000000         1.000000         0.000000    
      hkr25c18     5.947512000000000         1.000000         0.000000    
      hkr25c19     5.947512000000000         1.000000         0.000000    
      hkr26c00     5.947512000000000         1.000000         0.000000    
      hkr26c01     5.947512000000000         1.000000         0.000000    
      hkr26c02     5.947512000000000         1.000000         0.000000    
      hkr26c03     5.947512000000000         1.000000         0.000000    
      hkr26c04     5.947512000000000         1.000000         0.000000    
      hkr26c05     5.947512000000000         1.000000         0.000000    
      hkr26c06     5.947512000000000         1.000000         0.000000    
      hkr26c07     5.947512000000000         1.000000         0.000000    
      hkr26c08     5.947512000000000         1.000000         0.000000    
      hkr26c09     5.947512000000000         1.000000         0.000000    
      hkr26c10     5.947512000000000         1.000000         0.000000    
      hkr26c11     5.947512000000000         1.000000         0.000000    
      hkr26c12     5.947512000000000         1.000000         0.000000    
      hkr26c13     5.947512000000000         1.000000         0.000000    
      hkr26c14     5.947512000000000         1.000000         0.000000    
      hkr26c15     5.947512000000000         1.000000         0.000000    
      hkr26c16     5.947512000000000         1.000000         0.000000    
      hkr26c17     5.947512000000000         1.000000         0.000000    
      hkr26c18     5.947512000000000         1.000000         0.000000    
      hkr26c19     5.947512000000000         1.000000         0.000000    
      hkr27c00     5.947512000000000         1.000000         0.000000    
      hkr27c01     5.947512000000000         1.000000         0.000000    
      hkr27c02     5.947512000000000         1.000000         0.000000    
      hkr27c03     5.947512000000000         1.000000         0.000000    
      hkr27c04     5.947512000000000         1.000000         0.000000    
      hkr27c05     5.947512000000000         1.000000         0.000000    
      hkr27c06     5.947512000000000         1.000000         0.000000    
      hkr27c07     5.947512000000000         1.000000         0.000000    
      hkr27c08     5.947512000000000         1.000000         0.000000    
      hkr27c09     5.947512000000000         1.000000         0.000000    
      hkr27c10     5.947512000000000         1.000000         0.000000    
      hkr27c11     5.947512000000000         1.000000         0.000000    
      hkr27c12     5.947512000000000         1.000000         0.000000    
      hkr27c13     5.947512000000000         1.000000         0.000000    
      hkr27c14     5.947512000000000         1.000000         0.000000    
      hkr27c15     5.947512000000000         1.000000         0.000000    
      hkr27c16     5.947512000000000         1.000000         0.000000    
      hkr27c17     5.947512000000000         1.000000         0.000000    
      hkr27c18     5.947512000000000         1.000000         0.000000    
      hkr27c19     5.947512000000000         1.000000         0.000000    
      hkr28c00     5.947512000000000         1.000000         0.000000    
      hkr28c01     5.947512000000000         1.000000         0.000000    
      hkr28c02     5.947512000000000         1.000000         0.000000    
      hkr28c03     5.947512000000000         1.000000         0.000000    
      hkr28c04     5.947512000000000         1.000000         0.000000    
      hkr28c05     5.947512000000000         1.000000         0.000000    
      hkr28c06     5.947512000000000         1.000000         0.000000    
      hkr28c07     5.947512000000000         1.000000         0.000000    
      hkr28c08     5.947512000000000         1.000000         0.000000    
      hkr28c09     5.947512000000000         1.000000         0.000000    
      hkr28c10     5.947512000000000         1.000000         0.000000    
      hkr28c11     5.947512000000000         1.000000         0.000000    
      hkr28c12     5.947512000000000         1.000000         0.000000    
      hkr28c13     5.947512000000000         1.000000         0.000000    
      hkr28c14     5.947512000000000         1.000000         0.000000    
      hkr28c15     5.947512000000000         1.000000         0.000000    
      hkr28c16     5.947512000000000         1.000000         0.000000    
      hkr28c17     5.947512000000000         1.000000         0.000000    
      hkr28c18     5.947512000000000         1.000000         0.000000    
      hkr28c19     5.947512000000000         1.000000         0.000000    
      hkr29c00     5.947512000000000         1.000000         0.000000    
      hkr29c01     5.947512000000000         1.000000         0.000000    
      hkr29c02     5.947512000000000         1.000000         0.000000    
      hkr29c03     5.947512000000000         1.000000         0.000000    
      hkr29c04     5.947512000000000         1.000000         0.000000    
      hkr29c05     5.947512000000000         1.000000         0.000000    
      hkr29c06     5.947512000000000         1.000000         0.000000    
      hkr29c07     5.947512000000000         1.000000         0.000000    
      hkr29c08     5.947512000000000         1.000000         0.000000    
      hkr29c09     5.947512000000000         1.000000         0.000000    
      hkr29c10     5.947512000000000         1.000000         0.000000    
      hkr29c11     5.947512000000000         1.000000         0.000000    
      hkr29c12     5.947512000000000         1.000000         0.000000    
      hkr29c13     5.947512000000000         1.000000         0.000000    
      hkr29c14     5.947512000000000         1.000000         0.000000    
      hkr29c15     5.947512000000000         1.000000         0.000000    
      hkr29c16     5.947512000000000         1.000000         0.000000    
      hkr29c17     5.947512000000000         1.000000         0.000000    
      hkr29c18     5.947512000000000         1.000000         0.000000    
      hkr29c19     5.947512000000000         1.000000         0.000000    
      hkr30c00     5.947512000000000         1.000000         0.000000    
      hkr30c01     5.947512000000000         1.000000         0.000000    
      hkr30c02     5.947512000000000         1.000000         0.000000    
      hkr30c03     5.947512000000000         1.000000         0.000000    
      hkr30c04     5.947512000000000         1.000000         0.000000    
      hkr30c05     5.947512000000000         1.000000         0.000000    
      hkr30c06     5.947512000000000         1.000000         0.000000    
      hkr30c07     5.947512000000000         1.000000         0.000000    
      hkr30c08     5.947512000000000         1.000000         0.000000    
      hkr30c09     5.947512000000000         1.000000         0.000000    
      hkr30c10     5.947512000000000         1.000000         0.000000    
      hkr30c11     5.947512000000000         1.000000         0.000000    
      hkr30c12     5.947512000000000         1.000000         0.000000    
      hkr30c13     5.947512000000000         1.000000         0.000000    
      hkr30c14     5.947512000000000         1.000000         0.000000    
      hkr30c15     5.947512000000000         1.000000         0.000000    
      hkr30c16     5.947512000000000         1.000000         0.000000    
      hkr30c17     5.947512000000000         1.000000         0.000000    
      hkr30c18     5.947512000000000         1.000000         0.000000    
      hkr30c19     5.947512000000000         1.000000         0.000000    
      hkr31c00     5.947512000000000         1.000000         0.000000    
      hkr31c01     5.947512000000000         1.000000         0.000000    
      hkr31c02     5.947512000000000         1.000000         0.000000    
      hkr31c03     5.947512000000000         1.000000         0.000000    
      hkr31c04     5.947512000000000         1.000000         0.000000    
      hkr31c05     5.947512000000000         1.000000         0.000000    
      hkr31c06     5.947512000000000         1.000000         0.000000    
      hkr31c07     5.947512000000000         1.000000         0.000000    
      hkr31c08     5.947512000000000         1.000000         0.000000    
      hkr31c09     5.947512000000000         1.000000         0.000000    
      hkr31c10     5.947512000000000         1.000000         0.000000    
      hkr31c11     5.947512000000000         1.000000         0.000000    
      hkr31c12     5.947512000000000         1.000000         0.000000    
      hkr31c13     5.947512000000000         1.000000         0.000000    
      hkr31c14     5.947512000000000         1.000000         0.000000    
      hkr31c15     5.947512000000000         1.000000         0.000000    
      hkr31c16     5.947512000000000         1.000000         0.000000    
      hkr31c17     5.947512000000000         1.000000         0.000000    
      hkr31c18     5.947512000000000         1.000000         0.000000    
      hkr31c19     5.947512000000000         1.000000         0.000000    
      hkr32c01     5.947512000000000         1.000000         0.000000    
      hkr32c02     5.947512000000000         1.000000         0.000000    
      hkr32c03     5.947512000000000         1.000000         0.000000    
      hkr32c04     5.947512000000000         1.000000         0.000000    
      hkr32c05     5.947512000000000         1.000000         0.000000    
      hkr32c06     5.947512000000000         1.000000         0.000000    
      hkr32c07     5.947512000000000         1.000000         0.000000    
      hkr32c08     5.947512000000000         1.000000         0.000000    
      hkr32c09     5.947512000000000         1.000000         0.000000    
      hkr32c10     5.947512000000000         1.000000         0.000000    
      hkr32c11     5.947512000000000         1.000000         0.000000    
      hkr32c12     5.947512000000000         1.000000         0.000000    
      hkr32c13     5.947512000000000         1.000000         0.000000    
      hkr32c14     5.947512000000000         1.000000         0.000000    
      hkr32c15     5.947512000000000         1.000000         0.000000    
      hkr32c16     5.947512000000000         1.000000         0.000000    
      hkr32c17     5.947512000000000         1.000000         0.000000    
      hkr32c18     5.947512000000000         1.000000         0.000000    
      hkr32c19     5.947512000000000         1.000000         0.000000    
      hkr33c02     5.947512000000000         1.000000         0.000000    
      hkr33c03     5.947512000000000         1.000000         0.000000    
      hkr33c04     5.947512000000000         1.000000         0.000000    
      hkr33c05     5.947512000000000         1.000000         0.000000    
      hkr33c06     5.947512000000000         1.000000         0.000000    
      hkr33c07     5.947512000000000         1.000000         0.000000    
      hkr33c08     5.947512000000000         1.000000         0.000000    
      hkr33c09     5.947512000000000         1.000000         0.000000    
      hkr33c10     5.947512000000000         1.000000         0.000000    
      hkr33c11     5.947512000000000         1.000000         0.000000    
      hkr33c12     5.947512000000000         1.000000         0.000000    
      hkr33c13     5.947512000000000         1.000000         0.000000    
      hkr33c14     5.947512000000000         1.000000         0.000000    
      hkr33c15     5.947512000000000         1.000000         0.000000    
      hkr33c16     5.947512000000000         1.000000         0.000000    
      hkr33c17     5.947512000000000         1.000000         0.000000    
      hkr33c18     5.947512000000000         1.000000         0.000000    
      hkr33c19     5.947512000000000         1.000000         0.000000    
      hkr34c03     5.947512000000000         1.000000         0.000000    
      hkr34c04     5.947512000000000         1.000000         0.000000    
      hkr34c05     5.947512000000000         1.000000         0.000000    
      hkr34c06     5.947512000000000         1.000000         0.000000    
      hkr34c07     5.947512000000000         1.000000         0.000000    
      hkr34c08     5.947512000000000         1.000000         0.000000    
      hkr34c09     5.947512000000000         1.000000         0.000000    
      hkr34c10     5.947512000000000         1.000000         0.000000    
      hkr34c11     5.947512000000000         1.000000         0.000000    
      hkr34c12     5.947512000000000         1.000000         0.000000    
      hkr34c13     5.947512000000000         1.000000         0.000000    
      hkr34c14     5.947512000000000         1.000000         0.000000    
      hkr34c15     5.947512000000000         1.000000         0.000000    
      hkr34c16     5.947512000000000         1.000000         0.000000    
      hkr34c17     5.947512000000000         1.000000         0.000000    
      hkr34c18     5.947512000000000         1.000000         0.000000    
      hkr34c19     5.947512000000000         1.000000         0.000000    
      hkr35c04     5.947512000000000         1.000000         0.000000    
      hkr35c05     5.947512000000000         1.000000         0.000000    
      hkr35c06     5.947512000000000         1.000000         0.000000    
      hkr35c07     5.947512000000000         1.000000         0.000000    
      hkr35c08     5.947512000000000         1.000000         0.000000    
      hkr35c09     5.947512000000000         1.000000         0.000000    
      hkr35c10     5.947512000000000         1.000000         0.000000    
      hkr35c11     5.947512000000000         1.000000         0.000000    
      hkr35c12     5.947512000000000         1.000000         0.000000    
      hkr35c13     5.947512000000000         1.000000         0.000000    
      hkr35c14     5.947512000000000         1.000000         0.000000    
      hkr35c15     5.947512000000000         1.000000         0.000000    
      hkr35c16     5.947512000000000         1.000000         0.000000    
      hkr35c17     5.947512000000000         1.000000         0.000000    
      hkr35c18     5.947512000000000         1.000000         0.000000    
      hkr36c04     5.947512000000000         1.000000         0.000000    
      hkr36c05     5.947512000000000         1.000000         0.000000    
      hkr36c06     5.947512000000000         1.000000         0.000000    
      hkr36c07     5.947512000000000         1.000000         0.000000    
      hkr36c08     5.947512000000000         1.000000         0.000000    
      hkr36c09     5.947512000000000         1.000000         0.000000    
      hkr36c10     5.947512000000000         1.000000         0.000000    
      hkr36c11     5.947512000000000         1.000000         0.000000    
      hkr36c12     5.947512000000000         1.000000         0.000000    
      hkr36c13     5.947512000000000         1.000000         0.000000    
      hkr36c14     5.947512000000000         1.000000         0.000000    
      hkr36c15     5.947512000000000         1.000000         0.000000    
      hkr36c16     5.947512000000000         1.000000         0.000000    
      hkr36c17     5.947512000000000         1.000000         0.000000    
      hkr36c18     5.947512000000000         1.000000         0.000000    
      hkr37c05     5.947512000000000         1.000000         0.000000    
      hkr37c06     5.947512000000000         1.000000         0.000000    
      hkr37c07     5.947512000000000         1.000000         0.000000    
      hkr37c08     5.947512000000000         1.000000         0.000000    
      hkr37c09     5.947512000000000         1.000000         0.000000    
      hkr37c10     5.947512000000000         1.000000         0.000000    
      hkr37c11     5.947512000000000         1.000000         0.000000    
      hkr37c12     5.947512000000000         1.000000         0.000000    
      hkr37c13     5.947512000000000         1.000000         0.000000    
      hkr37c14     5.947512000000000         1.000000         0.000000    
      hkr37c15     5.947512000000000         1.000000         0.000000    
      hkr37c16     5.947512000000000         1.000000         0.000000    
      hkr37c17     5.947512000000000         1.000000         0.000000    
      hkr38c05     5.947512000000000         1.000000         0.000000    
      hkr38c06     5.947512000000000         1.000000         0.000000    
      hkr38c07     5.947512000000000         1.000000         0.000000    
      hkr38c08     5.947512000000000         1.000000         0.000000    
      hkr38c09     5.947512000000000         1.000000         0.000000    
      hkr38c10     5.947512000000000         1.000000         0.000000    
      hkr38c11     5.947512000000000         1.000000         0.000000    
      hkr38c12     5.947512000000000         1.000000         0.000000    
      hkr38c13     5.947512000000000         1.000000         0.000000    
      hkr38c14     5.947512000000000         1.000000         0.000000    
      hkr38c15     5.947512000000000         1.000000         0.000000    
      hkr38c16     5.947512000000000         1.000000         0.000000    
      hkr39c05     5.947512000000000         1.000000         0.000000    
      hkr39c06     5.947512000000000         1.000000         0.000000    
      hkr39c07     5.947512000000000         1.000000         0.000000    
      hkr39c08     5.947512000000000         1.000000         0.000000    
      hkr39c09     5.947512000000000         1.000000         0.000000    
      hkr39c10     5.947512000000000         1.000000         0.000000    
      hkr39c11     5.947512000000000         1.000000         0.000000    
      hkr39c12     5.947512000000000         1.000000         0.000000    
      hkr39c13     5.947512000000000         1.000000         0.000000    
      hkr39c14     5.947512000000000         1.000000         0.000000    
