   44
PP_0000
PP_0001
PP_0002
PP_0003
PP_0004
PP_0005
PP_0006
PP_0007
PP_0008
PP_0009
PP_0010
PP_0011
PP_0012
PP_0013
PP_0014
PP_0015
PP_0016
PP_0017
PP_0018
PP_0019
PP_0020
PP_0021
PP_0022
PP_0023
PP_0024
PP_0025
PP_0026
PP_0027
PP_0028
PP_0029
PP_0030
PP_0031
PP_0032
PP_0033
PP_0034
PP_0035
PP_0036
PP_0037
PP_0038
PP_0039
PP_0040
PP_0041
PP_0042
PP_0043
   0.000000       1.500000       1.500000       1.500000       1.500000       1.068000       1.500000    
   1.500000       1.500000     -1.1000000E+35   1.444000       1.500000       1.500000     -1.1000000E+35
   1.500000       1.500000     -1.1000000E+35 -1.1000000E+35   1.500000       1.500000     -1.1000000E+35
 -1.1000000E+35   1.500000     -1.1000000E+35 -1.1000000E+35 -1.1000000E+35 -1.1000000E+35 -1.1000000E+35
 -1.1000000E+35 -1.1000000E+35 -1.1000000E+35 -1.1000000E+35 -1.1000000E+35 -1.1000000E+35 -1.1000000E+35
 -1.1000000E+35 -1.1000000E+35 -1.1000000E+35 -1.1000000E+35 -1.1000000E+35 -1.1000000E+35 -1.1000000E+35
 -1.1000000E+35 -1.1000000E+35
   1.500000       0.000000       1.500000       1.500000       1.500000       1.500000       1.068000    
   1.500000       1.500000       1.500000       1.500000       1.500000       1.500000       1.500000    
   1.500000       1.500000       1.500000     -1.1000000E+35   1.500000       1.500000     -1.1000000E+35
 -1.1000000E+35 -1.1000000E+35 -1.1000000E+35 -1.1000000E+35 -1.1000000E+35 -1.1000000E+35 -1.1000000E+35
 -1.1000000E+35 -1.1000000E+35 -1.1000000E+35 -1.1000000E+35 -1.1000000E+35 -1.1000000E+35 -1.1000000E+35
 -1.1000000E+35 -1.1000000E+35 -1.1000000E+35 -1.1000000E+35 -1.1000000E+35 -1.1000000E+35 -1.1000000E+35
 -1.1000000E+35 -1.1000000E+35
   1.500000       1.500000       0.000000       1.500000       1.500000       1.500000       1.500000    
   1.068000       1.500000       1.500000       1.500000       1.444000       1.500000       1.500000    
   1.500000       1.500000       1.500000       1.500000       1.500000       1.500000     -1.1000000E+35
 -1.1000000E+35 -1.1000000E+35 -1.1000000E+35 -1.1000000E+35 -1.1000000E+35 -1.1000000E+35 -1.1000000E+35
 -1.1000000E+35 -1.1000000E+35 -1.1000000E+35 -1.1000000E+35 -1.1000000E+35 -1.1000000E+35 -1.1000000E+35
 -1.1000000E+35 -1.1000000E+35 -1.1000000E+35 -1.1000000E+35 -1.1000000E+35 -1.1000000E+35 -1.1000000E+35
 -1.1000000E+35 -1.1000000E+35
   1.500000       1.500000       1.500000       0.000000       1.500000       1.500000       1.500000    
   1.500000       1.068000       1.500000       1.500000       1.500000       1.444000       1.500000    
   1.500000       1.500000       1.500000       1.500000     -1.1000000E+35 -1.1000000E+35   1.500000    
   1.500000     -1.1000000E+35 -1.1000000E+35 -1.1000000E+35 -1.1000000E+35 -1.1000000E+35 -1.1000000E+35
 -1.1000000E+35 -1.1000000E+35 -1.1000000E+35 -1.1000000E+35 -1.1000000E+35 -1.1000000E+35 -1.1000000E+35
 -1.1000000E+35 -1.1000000E+35 -1.1000000E+35 -1.1000000E+35 -1.1000000E+35 -1.1000000E+35 -1.1000000E+35
 -1.1000000E+35 -1.1000000E+35
   1.500000       1.500000       1.500000       1.500000       0.000000       1.500000       1.500000    
   1.500000       1.500000       1.068000     -1.1000000E+35   1.500000       1.500000       1.444000    
 -1.1000000E+35 -1.1000000E+35   1.500000       1.500000     -1.1000000E+35 -1.1000000E+35   1.500000    
   1.500000     -1.1000000E+35 -1.1000000E+35 -1.1000000E+35   1.500000     -1.1000000E+35 -1.1000000E+35
 -1.1000000E+35 -1.1000000E+35 -1.1000000E+35 -1.1000000E+35 -1.1000000E+35 -1.1000000E+35 -1.1000000E+35
 -1.1000000E+35 -1.1000000E+35 -1.1000000E+35 -1.1000000E+35 -1.1000000E+35 -1.1000000E+35 -1.1000000E+35
 -1.1000000E+35 -1.1000000E+35
   1.068000       1.500000       1.500000       1.500000       1.500000       0.000000       1.500000    
   1.500000       1.500000       1.500000       1.068000       1.500000       1.500000     -1.1000000E+35
   1.444000       1.500000       1.500000     -1.1000000E+35   1.500000       1.500000     -1.1000000E+35
 -1.1000000E+35   1.500000       1.500000     -1.1000000E+35 -1.1000000E+35   1.500000       1.500000    
 -1.1000000E+35 -1.1000000E+35 -1.1000000E+35 -1.1000000E+35 -1.1000000E+35 -1.1000000E+35 -1.1000000E+35
 -1.1000000E+35 -1.1000000E+35 -1.1000000E+35 -1.1000000E+35 -1.1000000E+35 -1.1000000E+35 -1.1000000E+35
 -1.1000000E+35 -1.1000000E+35
   1.500000       1.068000       1.500000       1.500000       1.500000       1.500000       0.000000    
   1.500000       1.500000       1.500000       1.500000       1.500000       1.500000       1.500000    
   1.500000       1.500000       1.500000       1.500000       1.500000       1.500000       1.500000    
 -1.1000000E+35   1.500000       1.500000     -1.1000000E+35 -1.1000000E+35 -1.1000000E+35 -1.1000000E+35
 -1.1000000E+35 -1.1000000E+35 -1.1000000E+35 -1.1000000E+35 -1.1000000E+35 -1.1000000E+35 -1.1000000E+35
 -1.1000000E+35 -1.1000000E+35 -1.1000000E+35 -1.1000000E+35 -1.1000000E+35 -1.1000000E+35 -1.1000000E+35
 -1.1000000E+35 -1.1000000E+35
   1.500000       1.500000       1.068000       1.500000       1.500000       1.500000       1.500000    
   0.000000       1.500000       1.500000       1.500000       1.068000       1.500000       1.500000    
   1.500000       1.444000       1.500000       1.500000       1.500000       1.500000       1.500000    
   1.500000       1.500000       1.500000     -1.1000000E+35 -1.1000000E+35 -1.1000000E+35 -1.1000000E+35
 -1.1000000E+35 -1.1000000E+35 -1.1000000E+35 -1.1000000E+35 -1.1000000E+35 -1.1000000E+35 -1.1000000E+35
 -1.1000000E+35 -1.1000000E+35 -1.1000000E+35 -1.1000000E+35 -1.1000000E+35 -1.1000000E+35 -1.1000000E+35
 -1.1000000E+35 -1.1000000E+35
   1.500000       1.500000       1.500000       1.068000       1.500000       1.500000       1.500000    
   1.500000       0.000000       1.500000       1.500000       1.500000       1.068000       1.500000    
   1.500000       1.500000       1.444000       1.500000     -1.1000000E+35   1.500000       1.500000    
   1.500000     -1.1000000E+35 -1.1000000E+35   1.500000       1.500000     -1.1000000E+35 -1.1000000E+35
 -1.1000000E+35 -1.1000000E+35 -1.1000000E+35 -1.1000000E+35 -1.1000000E+35 -1.1000000E+35 -1.1000000E+35
 -1.1000000E+35 -1.1000000E+35 -1.1000000E+35 -1.1000000E+35 -1.1000000E+35 -1.1000000E+35 -1.1000000E+35
 -1.1000000E+35 -1.1000000E+35
 -1.1000000E+35   1.500000       1.500000       1.500000       1.068000       1.500000       1.500000    
   1.500000       1.500000       0.000000     -1.1000000E+35   1.500000       1.500000       1.068000    
 -1.1000000E+35   1.500000       1.500000       1.444000     -1.1000000E+35 -1.1000000E+35   1.500000    
   1.500000     -1.1000000E+35 -1.1000000E+35   1.500000       1.500000     -1.1000000E+35 -1.1000000E+35
 -1.1000000E+35 -1.1000000E+35   1.500000     -1.1000000E+35 -1.1000000E+35 -1.1000000E+35 -1.1000000E+35
 -1.1000000E+35 -1.1000000E+35 -1.1000000E+35 -1.1000000E+35 -1.1000000E+35 -1.1000000E+35 -1.1000000E+35
 -1.1000000E+35 -1.1000000E+35
   1.444000       1.500000       1.500000       1.500000     -1.1000000E+35   1.068000       1.500000    
   1.500000       1.500000     -1.1000000E+35   0.000000       1.500000       1.500000     -1.1000000E+35
   1.068000       1.500000       1.500000     -1.1000000E+35   1.444000       1.500000       1.500000    
 -1.1000000E+35   1.500000       1.500000       1.500000     -1.1000000E+35   1.500000       1.500000    
   1.500000     -1.1000000E+35 -1.1000000E+35   1.500000     -1.1000000E+35 -1.1000000E+35 -1.1000000E+35
 -1.1000000E+35 -1.1000000E+35 -1.1000000E+35 -1.1000000E+35 -1.1000000E+35 -1.1000000E+35 -1.1000000E+35
 -1.1000000E+35 -1.1000000E+35
   1.500000       1.500000       1.444000       1.500000       1.500000       1.500000       1.500000    
   1.068000       1.500000       1.500000       1.500000       0.000000       1.500000       1.500000    
   1.500000       1.068000       1.500000       1.500000       1.500000       1.444000       1.500000    
   1.500000       1.500000       1.500000       1.500000       1.500000       1.500000       1.500000    
   1.500000     -1.1000000E+35 -1.1000000E+35 -1.1000000E+35 -1.1000000E+35 -1.1000000E+35 -1.1000000E+35
 -1.1000000E+35 -1.1000000E+35 -1.1000000E+35 -1.1000000E+35 -1.1000000E+35 -1.1000000E+35 -1.1000000E+35
 -1.1000000E+35 -1.1000000E+35
   1.500000       1.500000       1.500000       1.444000       1.500000       1.500000       1.500000    
   1.500000       1.068000       1.500000       1.500000       1.500000       0.000000       1.500000    
   1.500000       1.500000       1.068000       1.500000       1.500000       1.500000       1.444000    
   1.500000     -1.1000000E+35   1.500000       1.500000       1.500000     -1.1000000E+35 -1.1000000E+35
 -1.1000000E+35   1.500000       1.500000     -1.1000000E+35 -1.1000000E+35 -1.1000000E+35 -1.1000000E+35
 -1.1000000E+35 -1.1000000E+35 -1.1000000E+35 -1.1000000E+35 -1.1000000E+35 -1.1000000E+35 -1.1000000E+35
 -1.1000000E+35 -1.1000000E+35
 -1.1000000E+35   1.500000       1.500000       1.500000       1.444000     -1.1000000E+35   1.500000    
   1.500000       1.500000       1.068000     -1.1000000E+35   1.500000       1.500000       0.000000    
 -1.1000000E+35   1.500000       1.500000       1.068000     -1.1000000E+35   1.500000       1.500000    
   1.444000     -1.1000000E+35   1.500000       1.500000       1.500000     -1.1000000E+35 -1.1000000E+35
 -1.1000000E+35   1.500000       1.500000     -1.1000000E+35 -1.1000000E+35 -1.1000000E+35 -1.1000000E+35
   1.500000     -1.1000000E+35 -1.1000000E+35 -1.1000000E+35 -1.1000000E+35 -1.1000000E+35 -1.1000000E+35
 -1.1000000E+35 -1.1000000E+35
   1.500000       1.500000       1.500000       1.500000     -1.1000000E+35   1.444000       1.500000    
   1.500000       1.500000     -1.1000000E+35   1.068000       1.500000       1.500000     -1.1000000E+35
   0.000000       1.500000       1.500000       1.500000       1.068000       1.500000       1.500000    
 -1.1000000E+35   1.444000       1.500000       1.500000     -1.1000000E+35   1.500000       1.500000    
   1.500000     -1.1000000E+35 -1.1000000E+35   1.500000       1.500000       1.500000     -1.1000000E+35
 -1.1000000E+35 -1.1000000E+35 -1.1000000E+35 -1.1000000E+35 -1.1000000E+35 -1.1000000E+35 -1.1000000E+35
 -1.1000000E+35 -1.1000000E+35
   1.500000       1.500000       1.500000       1.500000     -1.1000000E+35   1.500000       1.500000    
   1.444000       1.500000       1.500000       1.500000       1.068000       1.500000       1.500000    
   1.500000       0.000000       1.500000       1.500000       1.500000       1.068000       1.500000    
   1.500000       1.500000       1.444000       1.500000       1.500000       1.500000       1.500000    
   1.500000       1.500000       1.500000       1.500000       1.500000       1.500000     -1.1000000E+35
 -1.1000000E+35 -1.1000000E+35 -1.1000000E+35 -1.1000000E+35 -1.1000000E+35 -1.1000000E+35 -1.1000000E+35
 -1.1000000E+35 -1.1000000E+35
 -1.1000000E+35   1.500000       1.500000       1.500000       1.500000       1.500000       1.500000    
   1.500000       1.444000       1.500000       1.500000       1.500000       1.068000       1.500000    
   1.500000       1.500000       0.000000       1.500000       1.500000       1.500000       1.068000    
   1.500000       1.500000       1.500000       1.444000       1.500000     -1.1000000E+35   1.500000    
   1.500000       1.500000       1.500000     -1.1000000E+35 -1.1000000E+35 -1.1000000E+35   1.500000    
   1.500000     -1.1000000E+35 -1.1000000E+35 -1.1000000E+35 -1.1000000E+35 -1.1000000E+35 -1.1000000E+35
 -1.1000000E+35 -1.1000000E+35
 -1.1000000E+35 -1.1000000E+35   1.500000       1.500000       1.500000     -1.1000000E+35   1.500000    
   1.500000       1.500000       1.444000     -1.1000000E+35   1.500000       1.500000       1.068000    
   1.500000       1.500000       1.500000       0.000000     -1.1000000E+35   1.500000       1.500000    
   1.068000     -1.1000000E+35   1.500000       1.500000       1.444000     -1.1000000E+35 -1.1000000E+35
   1.500000       1.500000       1.500000     -1.1000000E+35 -1.1000000E+35 -1.1000000E+35   1.500000    
   1.500000     -1.1000000E+35 -1.1000000E+35 -1.1000000E+35   1.500000     -1.1000000E+35 -1.1000000E+35
 -1.1000000E+35 -1.1000000E+35
   1.500000       1.500000       1.500000     -1.1000000E+35 -1.1000000E+35   1.500000       1.500000    
   1.500000     -1.1000000E+35 -1.1000000E+35   1.444000       1.500000       1.500000     -1.1000000E+35
   1.068000       1.500000       1.500000     -1.1000000E+35   0.000000       1.500000       1.500000    
   1.500000       1.068000       1.500000       1.500000     -1.1000000E+35   1.444000       1.500000    
   1.500000       1.500000     -1.1000000E+35   1.500000       1.500000       1.500000     -1.1000000E+35
 -1.1000000E+35   1.500000       1.500000     -1.1000000E+35 -1.1000000E+35 -1.1000000E+35 -1.1000000E+35
 -1.1000000E+35 -1.1000000E+35
   1.500000       1.500000       1.500000     -1.1000000E+35 -1.1000000E+35   1.500000       1.500000    
   1.500000       1.500000     -1.1000000E+35   1.500000       1.444000       1.500000       1.500000    
   1.500000       1.068000       1.500000       1.500000       1.500000       0.000000       1.500000    
   1.500000       1.500000       1.068000       1.500000       1.500000       1.500000       1.500000    
   1.444000       1.500000       1.500000       1.500000       1.500000       1.500000       1.500000    
   1.500000     -1.1000000E+35   1.500000     -1.1000000E+35 -1.1000000E+35 -1.1000000E+35 -1.1000000E+35
 -1.1000000E+35 -1.1000000E+35
 -1.1000000E+35 -1.1000000E+35 -1.1000000E+35   1.500000       1.500000     -1.1000000E+35   1.500000    
   1.500000       1.500000       1.500000       1.500000       1.500000       1.444000       1.500000    
   1.500000       1.500000       1.068000       1.500000       1.500000       1.500000       0.000000    
   1.500000       1.500000       1.500000       1.068000       1.500000       1.500000       1.500000    
   1.500000       1.444000       1.500000     -1.1000000E+35   1.500000       1.500000       1.500000    
   1.500000     -1.1000000E+35 -1.1000000E+35   1.500000       1.500000     -1.1000000E+35 -1.1000000E+35
 -1.1000000E+35 -1.1000000E+35
 -1.1000000E+35 -1.1000000E+35 -1.1000000E+35   1.500000       1.500000     -1.1000000E+35 -1.1000000E+35
   1.500000       1.500000       1.500000     -1.1000000E+35   1.500000       1.500000       1.444000    
 -1.1000000E+35   1.500000       1.500000       1.068000       1.500000       1.500000       1.500000    
   0.000000     -1.1000000E+35   1.500000       1.500000       1.068000     -1.1000000E+35   1.500000    
   1.500000       1.500000       1.444000     -1.1000000E+35 -1.1000000E+35 -1.1000000E+35   1.500000    
   1.500000     -1.1000000E+35 -1.1000000E+35   1.500000       1.500000     -1.1000000E+35 -1.1000000E+35
 -1.1000000E+35   1.500000    
   1.500000     -1.1000000E+35 -1.1000000E+35 -1.1000000E+35 -1.1000000E+35   1.500000       1.500000    
   1.500000     -1.1000000E+35 -1.1000000E+35   1.500000       1.500000     -1.1000000E+35 -1.1000000E+35
   1.444000       1.500000       1.500000     -1.1000000E+35   1.068000       1.500000       1.500000    
 -1.1000000E+35   0.000000       1.500000       1.500000     -1.1000000E+35   1.068000       1.500000    
   1.500000       1.500000     -1.1000000E+35   1.444000       1.500000       1.500000       1.500000    
 -1.1000000E+35   1.500000       1.500000     -1.1000000E+35 -1.1000000E+35   1.500000       1.500000    
 -1.1000000E+35 -1.1000000E+35
 -1.1000000E+35 -1.1000000E+35 -1.1000000E+35 -1.1000000E+35 -1.1000000E+35   1.500000       1.500000    
   1.500000     -1.1000000E+35 -1.1000000E+35   1.500000       1.500000       1.500000       1.500000    
   1.500000       1.444000       1.500000       1.500000       1.500000       1.068000       1.500000    
   1.500000       1.500000       0.000000       1.500000       1.500000       1.500000       1.500000    
   1.068000       1.500000       1.500000       1.500000       1.500000       1.444000       1.500000    
   1.500000       1.500000       1.500000       1.500000       1.500000     -1.1000000E+35 -1.1000000E+35
 -1.1000000E+35 -1.1000000E+35
 -1.1000000E+35 -1.1000000E+35 -1.1000000E+35 -1.1000000E+35 -1.1000000E+35 -1.1000000E+35 -1.1000000E+35
 -1.1000000E+35   1.500000       1.500000       1.500000       1.500000       1.500000       1.500000    
   1.500000       1.500000       1.444000       1.500000       1.500000       1.500000       1.068000    
   1.500000       1.500000       1.500000       0.000000       1.500000       1.500000       1.500000    
   1.500000       1.068000       1.500000     -1.1000000E+35   1.500000       1.500000       1.444000    
   1.500000     -1.1000000E+35   1.500000       1.500000       1.500000     -1.1000000E+35 -1.1000000E+35
   1.500000       1.500000    
 -1.1000000E+35 -1.1000000E+35 -1.1000000E+35 -1.1000000E+35   1.500000     -1.1000000E+35 -1.1000000E+35
 -1.1000000E+35   1.500000       1.500000     -1.1000000E+35   1.500000       1.500000       1.500000    
 -1.1000000E+35   1.500000       1.500000       1.444000     -1.1000000E+35   1.500000       1.500000    
   1.068000     -1.1000000E+35   1.500000       1.500000       0.000000     -1.1000000E+35   1.500000    
   1.500000       1.500000       1.068000     -1.1000000E+35 -1.1000000E+35   1.500000       1.500000    
   1.444000     -1.1000000E+35   1.500000       1.500000       1.500000     -1.1000000E+35 -1.1000000E+35
   1.500000       1.500000    
 -1.1000000E+35 -1.1000000E+35 -1.1000000E+35 -1.1000000E+35 -1.1000000E+35   1.500000     -1.1000000E+35
 -1.1000000E+35 -1.1000000E+35 -1.1000000E+35   1.500000       1.500000     -1.1000000E+35 -1.1000000E+35
   1.500000       1.500000     -1.1000000E+35 -1.1000000E+35   1.444000       1.500000       1.500000    
 -1.1000000E+35   1.068000       1.500000       1.500000     -1.1000000E+35   0.000000       1.500000    
   1.500000       1.500000     -1.1000000E+35   1.068000       1.500000       1.500000       1.500000    
 -1.1000000E+35   1.500000       1.500000       1.500000     -1.1000000E+35   1.500000       1.500000    
   1.500000     -1.1000000E+35
 -1.1000000E+35 -1.1000000E+35 -1.1000000E+35 -1.1000000E+35 -1.1000000E+35   1.500000     -1.1000000E+35
 -1.1000000E+35 -1.1000000E+35 -1.1000000E+35   1.500000       1.500000     -1.1000000E+35 -1.1000000E+35
   1.500000       1.500000       1.500000     -1.1000000E+35   1.500000       1.500000       1.500000    
   1.500000       1.500000       1.500000       1.500000       1.500000       1.500000       0.000000    
   1.500000       1.500000       1.500000       1.500000       1.068000       1.500000       1.500000    
   1.500000       1.444000       1.500000       1.500000       1.500000       1.500000       1.500000    
   1.500000     -1.1000000E+35
 -1.1000000E+35 -1.1000000E+35 -1.1000000E+35 -1.1000000E+35 -1.1000000E+35 -1.1000000E+35 -1.1000000E+35
 -1.1000000E+35 -1.1000000E+35 -1.1000000E+35   1.500000       1.500000     -1.1000000E+35 -1.1000000E+35
   1.500000       1.500000       1.500000       1.500000       1.500000       1.444000       1.500000    
   1.500000       1.500000       1.068000       1.500000       1.500000       1.500000       1.500000    
   0.000000       1.500000       1.500000       1.500000       1.500000       1.068000       1.500000    
   1.500000       1.500000       1.444000       1.500000       1.500000       1.500000       1.500000    
   1.500000       1.500000    
 -1.1000000E+35 -1.1000000E+35 -1.1000000E+35 -1.1000000E+35 -1.1000000E+35 -1.1000000E+35 -1.1000000E+35
 -1.1000000E+35 -1.1000000E+35 -1.1000000E+35 -1.1000000E+35 -1.1000000E+35   1.500000       1.500000    
 -1.1000000E+35   1.500000       1.500000       1.500000       1.500000       1.500000       1.444000    
   1.500000       1.500000       1.500000       1.068000       1.500000       1.500000       1.500000    
   1.500000       0.000000       1.500000       1.500000       1.500000       1.500000       1.068000    
   1.500000       1.500000       1.500000       1.444000       1.500000     -1.1000000E+35   1.500000    
   1.500000       1.500000    
 -1.1000000E+35 -1.1000000E+35 -1.1000000E+35 -1.1000000E+35 -1.1000000E+35 -1.1000000E+35 -1.1000000E+35
 -1.1000000E+35 -1.1000000E+35   1.500000     -1.1000000E+35 -1.1000000E+35   1.500000       1.500000    
 -1.1000000E+35   1.500000       1.500000       1.500000     -1.1000000E+35   1.500000       1.500000    
   1.444000     -1.1000000E+35   1.500000       1.500000       1.068000     -1.1000000E+35   1.500000    
   1.500000       1.500000       0.000000     -1.1000000E+35   1.500000       1.500000       1.500000    
   1.068000     -1.1000000E+35   1.500000       1.500000       1.444000       1.500000       1.500000    
   1.500000       1.500000    
 -1.1000000E+35 -1.1000000E+35 -1.1000000E+35 -1.1000000E+35 -1.1000000E+35 -1.1000000E+35 -1.1000000E+35
 -1.1000000E+35 -1.1000000E+35 -1.1000000E+35   1.500000     -1.1000000E+35 -1.1000000E+35 -1.1000000E+35
   1.500000       1.500000     -1.1000000E+35 -1.1000000E+35   1.500000       1.500000     -1.1000000E+35
 -1.1000000E+35   1.444000       1.500000     -1.1000000E+35 -1.1000000E+35   1.068000       1.500000    
   1.500000       1.500000     -1.1000000E+35   0.000000       1.500000       1.500000       1.500000    
 -1.1000000E+35   1.500000       1.500000       1.500000     -1.1000000E+35   1.500000       1.500000    
   1.500000       1.500000    
 -1.1000000E+35 -1.1000000E+35 -1.1000000E+35 -1.1000000E+35 -1.1000000E+35 -1.1000000E+35 -1.1000000E+35
 -1.1000000E+35 -1.1000000E+35 -1.1000000E+35 -1.1000000E+35 -1.1000000E+35 -1.1000000E+35 -1.1000000E+35
   1.500000       1.500000     -1.1000000E+35 -1.1000000E+35   1.500000       1.500000       1.500000    
 -1.1000000E+35   1.500000       1.500000       1.500000     -1.1000000E+35   1.500000       1.068000    
   1.500000       1.500000       1.500000       1.500000       0.000000       1.500000       1.500000    
   1.500000       1.068000       1.500000       1.500000       1.500000       1.444000       1.500000    
   1.500000       1.500000    
 -1.1000000E+35 -1.1000000E+35 -1.1000000E+35 -1.1000000E+35 -1.1000000E+35 -1.1000000E+35 -1.1000000E+35
 -1.1000000E+35 -1.1000000E+35 -1.1000000E+35 -1.1000000E+35 -1.1000000E+35 -1.1000000E+35 -1.1000000E+35
   1.500000       1.500000     -1.1000000E+35 -1.1000000E+35   1.500000       1.500000       1.500000    
 -1.1000000E+35   1.500000       1.444000       1.500000       1.500000       1.500000       1.500000    
   1.068000       1.500000       1.500000       1.500000       1.500000       0.000000       1.500000    
   1.500000       1.500000       1.068000       1.500000       1.500000       1.500000       1.444000    
   1.500000       1.500000    
 -1.1000000E+35 -1.1000000E+35 -1.1000000E+35 -1.1000000E+35 -1.1000000E+35 -1.1000000E+35 -1.1000000E+35
 -1.1000000E+35 -1.1000000E+35 -1.1000000E+35 -1.1000000E+35 -1.1000000E+35 -1.1000000E+35 -1.1000000E+35
 -1.1000000E+35 -1.1000000E+35   1.500000       1.500000     -1.1000000E+35   1.500000       1.500000    
   1.500000       1.500000       1.500000       1.444000       1.500000       1.500000       1.500000    
   1.500000       1.068000       1.500000       1.500000       1.500000       1.500000       0.000000    
   1.500000       1.500000       1.500000       1.068000       1.500000       1.500000       1.500000    
   1.444000       1.500000    
 -1.1000000E+35 -1.1000000E+35 -1.1000000E+35 -1.1000000E+35 -1.1000000E+35 -1.1000000E+35 -1.1000000E+35
 -1.1000000E+35 -1.1000000E+35 -1.1000000E+35 -1.1000000E+35 -1.1000000E+35 -1.1000000E+35   1.500000    
 -1.1000000E+35 -1.1000000E+35   1.500000       1.500000     -1.1000000E+35   1.500000       1.500000    
   1.500000     -1.1000000E+35   1.500000       1.500000       1.444000     -1.1000000E+35   1.500000    
   1.500000       1.500000       1.068000     -1.1000000E+35   1.500000       1.500000       1.500000    
   0.000000       1.500000       1.500000       1.500000       1.068000       1.500000       1.500000    
   1.500000       1.444000    
 -1.1000000E+35 -1.1000000E+35 -1.1000000E+35 -1.1000000E+35 -1.1000000E+35 -1.1000000E+35 -1.1000000E+35
 -1.1000000E+35 -1.1000000E+35 -1.1000000E+35 -1.1000000E+35 -1.1000000E+35 -1.1000000E+35 -1.1000000E+35
 -1.1000000E+35 -1.1000000E+35 -1.1000000E+35 -1.1000000E+35   1.500000     -1.1000000E+35 -1.1000000E+35
 -1.1000000E+35   1.500000       1.500000     -1.1000000E+35 -1.1000000E+35   1.500000       1.444000    
   1.500000       1.500000     -1.1000000E+35   1.500000       1.068000       1.500000       1.500000    
   1.500000       0.000000       1.500000       1.500000       1.500000       1.068000       1.500000    
   1.500000       1.500000    
 -1.1000000E+35 -1.1000000E+35 -1.1000000E+35 -1.1000000E+35 -1.1000000E+35 -1.1000000E+35 -1.1000000E+35
 -1.1000000E+35 -1.1000000E+35 -1.1000000E+35 -1.1000000E+35 -1.1000000E+35 -1.1000000E+35 -1.1000000E+35
 -1.1000000E+35 -1.1000000E+35 -1.1000000E+35 -1.1000000E+35   1.500000       1.500000     -1.1000000E+35
 -1.1000000E+35   1.500000       1.500000       1.500000       1.500000       1.500000       1.500000    
   1.444000       1.500000       1.500000       1.500000       1.500000       1.068000       1.500000    
   1.500000       1.500000       0.000000       1.500000       1.500000       1.500000       1.068000    
   1.500000       1.500000    
 -1.1000000E+35 -1.1000000E+35 -1.1000000E+35 -1.1000000E+35 -1.1000000E+35 -1.1000000E+35 -1.1000000E+35
 -1.1000000E+35 -1.1000000E+35 -1.1000000E+35 -1.1000000E+35 -1.1000000E+35 -1.1000000E+35 -1.1000000E+35
 -1.1000000E+35 -1.1000000E+35 -1.1000000E+35 -1.1000000E+35 -1.1000000E+35 -1.1000000E+35   1.500000    
   1.500000     -1.1000000E+35   1.500000       1.500000       1.500000       1.500000       1.500000    
   1.500000       1.444000       1.500000       1.500000       1.500000       1.500000       1.068000    
   1.500000       1.500000       1.500000       0.000000       1.500000       1.500000       1.500000    
   1.068000       1.500000    
 -1.1000000E+35 -1.1000000E+35 -1.1000000E+35 -1.1000000E+35 -1.1000000E+35 -1.1000000E+35 -1.1000000E+35
 -1.1000000E+35 -1.1000000E+35 -1.1000000E+35 -1.1000000E+35 -1.1000000E+35 -1.1000000E+35 -1.1000000E+35
 -1.1000000E+35 -1.1000000E+35 -1.1000000E+35   1.500000     -1.1000000E+35 -1.1000000E+35   1.500000    
   1.500000     -1.1000000E+35   1.500000       1.500000       1.500000     -1.1000000E+35   1.500000    
   1.500000       1.500000       1.444000     -1.1000000E+35   1.500000       1.500000       1.500000    
   1.068000       1.500000       1.500000       1.500000       0.000000       1.500000       1.500000    
   1.500000       1.068000    
 -1.1000000E+35 -1.1000000E+35 -1.1000000E+35 -1.1000000E+35 -1.1000000E+35 -1.1000000E+35 -1.1000000E+35
 -1.1000000E+35 -1.1000000E+35 -1.1000000E+35 -1.1000000E+35 -1.1000000E+35 -1.1000000E+35 -1.1000000E+35
 -1.1000000E+35 -1.1000000E+35 -1.1000000E+35 -1.1000000E+35 -1.1000000E+35 -1.1000000E+35 -1.1000000E+35
 -1.1000000E+35   1.500000     -1.1000000E+35 -1.1000000E+35 -1.1000000E+35   1.500000       1.500000    
   1.500000     -1.1000000E+35   1.500000       1.500000       1.444000       1.500000       1.500000    
   1.500000       1.068000       1.500000       1.500000       1.500000       0.000000       1.500000    
   1.500000       1.500000    
 -1.1000000E+35 -1.1000000E+35 -1.1000000E+35 -1.1000000E+35 -1.1000000E+35 -1.1000000E+35 -1.1000000E+35
 -1.1000000E+35 -1.1000000E+35 -1.1000000E+35 -1.1000000E+35 -1.1000000E+35 -1.1000000E+35 -1.1000000E+35
 -1.1000000E+35 -1.1000000E+35 -1.1000000E+35 -1.1000000E+35 -1.1000000E+35 -1.1000000E+35 -1.1000000E+35
 -1.1000000E+35   1.500000     -1.1000000E+35 -1.1000000E+35 -1.1000000E+35   1.500000       1.500000    
   1.500000       1.500000       1.500000       1.500000       1.500000       1.444000       1.500000    
   1.500000       1.500000       1.068000       1.500000       1.500000       1.500000       0.000000    
   1.500000       1.500000    
 -1.1000000E+35 -1.1000000E+35 -1.1000000E+35 -1.1000000E+35 -1.1000000E+35 -1.1000000E+35 -1.1000000E+35
 -1.1000000E+35 -1.1000000E+35 -1.1000000E+35 -1.1000000E+35 -1.1000000E+35 -1.1000000E+35 -1.1000000E+35
 -1.1000000E+35 -1.1000000E+35 -1.1000000E+35 -1.1000000E+35 -1.1000000E+35 -1.1000000E+35 -1.1000000E+35
 -1.1000000E+35 -1.1000000E+35 -1.1000000E+35   1.500000       1.500000       1.500000       1.500000    
   1.500000       1.500000       1.500000       1.500000       1.500000       1.500000       1.444000    
   1.500000       1.500000       1.500000       1.068000       1.500000       1.500000       1.500000    
   0.000000       1.500000    
 -1.1000000E+35 -1.1000000E+35 -1.1000000E+35 -1.1000000E+35 -1.1000000E+35 -1.1000000E+35 -1.1000000E+35
 -1.1000000E+35 -1.1000000E+35 -1.1000000E+35 -1.1000000E+35 -1.1000000E+35 -1.1000000E+35 -1.1000000E+35
 -1.1000000E+35 -1.1000000E+35 -1.1000000E+35 -1.1000000E+35 -1.1000000E+35 -1.1000000E+35 -1.1000000E+35
   1.500000     -1.1000000E+35 -1.1000000E+35   1.500000       1.500000     -1.1000000E+35 -1.1000000E+35
   1.500000       1.500000       1.500000       1.500000       1.500000       1.500000       1.500000    
   1.444000       1.500000       1.500000       1.500000       1.068000       1.500000       1.500000    
   1.500000       0.000000    
