  single point
         mult1    0.5842747500000000         1.000000         0.000000    
       kr01c01     200.0000000000000         1.000000         0.000000    
       kr01c02     200.0000000000000         1.000000         0.000000    
       kr01c03     200.0000000000000         1.000000         0.000000    
       kr01c04     200.0000000000000         1.000000         0.000000    
       kr01c05     200.0000000000000         1.000000         0.000000    
       kr01c06     200.0000000000000         1.000000         0.000000    
       kr01c07     200.0000000000000         1.000000         0.000000    
       kr01c08     200.0000000000000         1.000000         0.000000    
       kr01c09     200.0000000000000         1.000000         0.000000    
       kr01c10     200.0000000000000         1.000000         0.000000    
       kr01c11     200.0000000000000         1.000000         0.000000    
       kr01c12     200.0000000000000         1.000000         0.000000    
       kr01c13     200.0000000000000         1.000000         0.000000    
       kr01c14     200.0000000000000         1.000000         0.000000    
       kr01c15     200.0000000000000         1.000000         0.000000    
       kr01c16     199.9865300000000         1.000000         0.000000    
       kr01c17     199.9865300000000         1.000000         0.000000    
       kr01c18     199.9993400000000         1.000000         0.000000    
       kr01c19     199.9773300000000         1.000000         0.000000    
       kr01c20     199.9751500000000         1.000000         0.000000    
       kr01c21     199.9548400000000         1.000000         0.000000    
       kr01c22     199.9316400000000         1.000000         0.000000    
       kr01c23     199.9376400000000         1.000000         0.000000    
       kr01c24     199.8897100000000         1.000000         0.000000    
       kr01c25     199.8452800000000         1.000000         0.000000    
       kr01c26     199.7936600000000         1.000000         0.000000    
       kr01c27     199.6782700000000         1.000000         0.000000    
       kr01c28     199.5430300000000         1.000000         0.000000    
       kr01c29     199.3263600000000         1.000000         0.000000    
       kr01c30     199.1457300000000         1.000000         0.000000    
       kr01c31     198.9071400000000         1.000000         0.000000    
       kr01c32     198.5432200000000         1.000000         0.000000    
       kr01c33     198.1780400000000         1.000000         0.000000    
       kr01c34     197.9003000000000         1.000000         0.000000    
       kr01c35     197.6114700000000         1.000000         0.000000    
       kr01c36     197.5168500000000         1.000000         0.000000    
       kr01c37     197.3844700000000         1.000000         0.000000    
       kr01c38     197.3321800000000         1.000000         0.000000    
       kr01c39     197.3655500000000         1.000000         0.000000    
       kr01c40     197.2974300000000         1.000000         0.000000    
       kr01c41     196.9948400000000         1.000000         0.000000    
       kr01c42     196.9700000000000         1.000000         0.000000    
       kr01c43     197.1740700000000         1.000000         0.000000    
       kr01c44     197.6812800000000         1.000000         0.000000    
       kr01c45     199.2033100000000         1.000000         0.000000    
       kr01c46     201.4771200000000         1.000000         0.000000    
       kr01c47     202.6772200000000         1.000000         0.000000    
       kr01c48     202.4712200000000         1.000000         0.000000    
       kr01c49     202.4715200000000         1.000000         0.000000    
       kr01c50     204.6380200000000         1.000000         0.000000    
       kr01c51     208.9383400000000         1.000000         0.000000    
       kr01c52     211.7225000000000         1.000000         0.000000    
       kr01c53     212.6665600000000         1.000000         0.000000    
       kr01c54     213.1107500000000         1.000000         0.000000    
       kr01c55     212.8261200000000         1.000000         0.000000    
       kr01c56     210.6158300000000         1.000000         0.000000    
       kr01c57     206.2236300000000         1.000000         0.000000    
       kr01c58     200.1351000000000         1.000000         0.000000    
       kr01c59     192.6585600000000         1.000000         0.000000    
       kr01c60     190.4711500000000         1.000000         0.000000    
       kr02c01     200.0000000000000         1.000000         0.000000    
       kr02c02     200.0000000000000         1.000000         0.000000    
       kr02c03     200.0000000000000         1.000000         0.000000    
       kr02c04     200.0000000000000         1.000000         0.000000    
       kr02c05     200.0000000000000         1.000000         0.000000    
       kr02c06     200.0000000000000         1.000000         0.000000    
       kr02c07     200.0000000000000         1.000000         0.000000    
       kr02c08     200.0000000000000         1.000000         0.000000    
       kr02c09     200.0000000000000         1.000000         0.000000    
       kr02c10     200.0000000000000         1.000000         0.000000    
       kr02c11     200.0000000000000         1.000000         0.000000    
       kr02c12     200.0000000000000         1.000000         0.000000    
       kr02c13     200.0000000000000         1.000000         0.000000    
       kr02c14     200.0000000000000         1.000000         0.000000    
       kr02c15     200.0000000000000         1.000000         0.000000    
       kr02c16     199.9875800000000         1.000000         0.000000    
       kr02c17     199.9865300000000         1.000000         0.000000    
       kr02c18     199.9993400000000         1.000000         0.000000    
       kr02c19     199.9993400000000         1.000000         0.000000    
       kr02c20     199.9761400000000         1.000000         0.000000    
       kr02c21     199.9558900000000         1.000000         0.000000    
       kr02c22     199.9328400000000         1.000000         0.000000    
       kr02c23     199.9221200000000         1.000000         0.000000    
       kr02c24     199.9107400000000         1.000000         0.000000    
       kr02c25     199.8455800000000         1.000000         0.000000    
       kr02c26     199.8001000000000         1.000000         0.000000    
       kr02c27     199.7119000000000         1.000000         0.000000    
       kr02c28     199.5782100000000         1.000000         0.000000    
       kr02c29     199.4481900000000         1.000000         0.000000    
       kr02c30     199.1908000000000         1.000000         0.000000    
       kr02c31     198.9435800000000         1.000000         0.000000    
       kr02c32     198.5863500000000         1.000000         0.000000    
       kr02c33     198.2304900000000         1.000000         0.000000    
       kr02c34     197.7391200000000         1.000000         0.000000    
       kr02c35     197.4347200000000         1.000000         0.000000    
       kr02c36     197.4882600000000         1.000000         0.000000    
       kr02c37     197.3808700000000         1.000000         0.000000    
       kr02c38     197.3044800000000         1.000000         0.000000    
       kr02c39     197.4588500000000         1.000000         0.000000    
       kr02c40     197.5887100000000         1.000000         0.000000    
       kr02c41     196.6691000000000         1.000000         0.000000    
       kr02c42     196.7298600000000         1.000000         0.000000    
       kr02c43     196.8938600000000         1.000000         0.000000    
       kr02c44     196.3763800000000         1.000000         0.000000    
       kr02c45     197.7143900000000         1.000000         0.000000    
       kr02c46     203.5553800000000         1.000000         0.000000    
       kr02c47     204.2351700000000         1.000000         0.000000    
       kr02c48     202.3724600000000         1.000000         0.000000    
       kr02c49     199.8929400000000         1.000000         0.000000    
       kr02c50     201.4432000000000         1.000000         0.000000    
       kr02c51     212.4503800000000         1.000000         0.000000    
       kr02c52     214.1654500000000         1.000000         0.000000    
       kr02c53     212.7678300000000         1.000000         0.000000    
       kr02c54     213.5227000000000         1.000000         0.000000    
       kr02c55     214.0868200000000         1.000000         0.000000    
       kr02c56     210.8132600000000         1.000000         0.000000    
       kr02c57     204.9658400000000         1.000000         0.000000    
       kr02c58     196.9955900000000         1.000000         0.000000    
       kr02c59     188.8835000000000         1.000000         0.000000    
       kr02c60     189.2696200000000         1.000000         0.000000    
       kr03c01     200.0000000000000         1.000000         0.000000    
       kr03c02     200.0000000000000         1.000000         0.000000    
       kr03c03     200.0000000000000         1.000000         0.000000    
       kr03c04     200.0000000000000         1.000000         0.000000    
       kr03c05     200.0000000000000         1.000000         0.000000    
       kr03c06     200.0000000000000         1.000000         0.000000    
       kr03c07     200.0000000000000         1.000000         0.000000    
       kr03c08     200.0000000000000         1.000000         0.000000    
       kr03c09     200.0000000000000         1.000000         0.000000    
       kr03c10     200.0000000000000         1.000000         0.000000    
       kr03c11     200.0000000000000         1.000000         0.000000    
       kr03c12     200.0000000000000         1.000000         0.000000    
       kr03c13     200.0000000000000         1.000000         0.000000    
       kr03c14     200.0000000000000         1.000000         0.000000    
       kr03c15     200.0000000000000         1.000000         0.000000    
       kr03c16     200.0000000000000         1.000000         0.000000    
       kr03c17     199.9875800000000         1.000000         0.000000    
       kr03c18     199.9865300000000         1.000000         0.000000    
       kr03c19     199.9993400000000         1.000000         0.000000    
       kr03c20     199.9773300000000         1.000000         0.000000    
       kr03c21     199.9785500000000         1.000000         0.000000    
       kr03c22     199.9558900000000         1.000000         0.000000    
       kr03c23     199.9260900000000         1.000000         0.000000    
       kr03c24     199.9357100000000         1.000000         0.000000    
       kr03c25     199.8902100000000         1.000000         0.000000    
       kr03c26     199.8311200000000         1.000000         0.000000    
       kr03c27     199.7580900000000         1.000000         0.000000    
       kr03c28     199.6817500000000         1.000000         0.000000    
       kr03c29     199.5313800000000         1.000000         0.000000    
       kr03c30     199.2905800000000         1.000000         0.000000    
       kr03c31     199.0581800000000         1.000000         0.000000    
       kr03c32     198.7588700000000         1.000000         0.000000    
       kr03c33     198.2739500000000         1.000000         0.000000    
       kr03c34     197.7053400000000         1.000000         0.000000    
       kr03c35     197.2176700000000         1.000000         0.000000    
       kr03c36     197.3888500000000         1.000000         0.000000    
       kr03c37     197.0735400000000         1.000000         0.000000    
       kr03c38     196.8324000000000         1.000000         0.000000    
       kr03c39     197.2771800000000         1.000000         0.000000    
       kr03c40     197.6799800000000         1.000000         0.000000    
       kr03c41     196.6052700000000         1.000000         0.000000    
       kr03c42     196.9962600000000         1.000000         0.000000    
       kr03c43     197.1800600000000         1.000000         0.000000    
       kr03c44     195.9942700000000         1.000000         0.000000    
       kr03c45     196.5982100000000         1.000000         0.000000    
       kr03c46     205.4755600000000         1.000000         0.000000    
       kr03c47     205.6246000000000         1.000000         0.000000    
       kr03c48     202.7456600000000         1.000000         0.000000    
       kr03c49     198.5126200000000         1.000000         0.000000    
       kr03c50     197.5562600000000         1.000000         0.000000    
       kr03c51     213.3315100000000         1.000000         0.000000    
       kr03c52     213.4379900000000         1.000000         0.000000    
       kr03c53     210.8241300000000         1.000000         0.000000    
       kr03c54     213.4027000000000         1.000000         0.000000    
       kr03c55     217.4493100000000         1.000000         0.000000    
       kr03c56     213.1945200000000         1.000000         0.000000    
       kr03c57     202.7734100000000         1.000000         0.000000    
       kr03c58     190.4992000000000         1.000000         0.000000    
       kr03c59     181.7952700000000         1.000000         0.000000    
       kr03c60     186.0443200000000         1.000000         0.000000    
       kr04c01     200.0000000000000         1.000000         0.000000    
       kr04c02     200.0000000000000         1.000000         0.000000    
       kr04c03     200.0000000000000         1.000000         0.000000    
       kr04c04     200.0000000000000         1.000000         0.000000    
       kr04c05     200.0000000000000         1.000000         0.000000    
       kr04c06     200.0000000000000         1.000000         0.000000    
       kr04c07     200.0000000000000         1.000000         0.000000    
       kr04c08     200.0000000000000         1.000000         0.000000    
       kr04c09     200.0000000000000         1.000000         0.000000    
       kr04c10     200.0000000000000         1.000000         0.000000    
       kr04c11     200.0000000000000         1.000000         0.000000    
       kr04c12     200.0000000000000         1.000000         0.000000    
       kr04c13     200.0000000000000         1.000000         0.000000    
       kr04c14     200.0000000000000         1.000000         0.000000    
       kr04c15     200.0000000000000         1.000000         0.000000    
       kr04c16     200.0000000000000         1.000000         0.000000    
       kr04c17     200.0000000000000         1.000000         0.000000    
       kr04c18     200.0000000000000         1.000000         0.000000    
       kr04c19     199.9865300000000         1.000000         0.000000    
       kr04c20     199.9993400000000         1.000000         0.000000    
       kr04c21     199.9993400000000         1.000000         0.000000    
       kr04c22     199.9693800000000         1.000000         0.000000    
       kr04c23     199.9491400000000         1.000000         0.000000    
       kr04c24     199.9260900000000         1.000000         0.000000    
       kr04c25     199.8841500000000         1.000000         0.000000    
       kr04c26     199.9021200000000         1.000000         0.000000    
       kr04c27     199.8531600000000         1.000000         0.000000    
       kr04c28     199.7872400000000         1.000000         0.000000    
       kr04c29     199.6809800000000         1.000000         0.000000    
       kr04c30     199.5164500000000         1.000000         0.000000    
       kr04c31     199.2814100000000         1.000000         0.000000    
       kr04c32     198.9267300000000         1.000000         0.000000    
       kr04c33     198.5856800000000         1.000000         0.000000    
       kr04c34     197.9288300000000         1.000000         0.000000    
       kr04c35     197.3719100000000         1.000000         0.000000    
       kr04c36     196.7092100000000         1.000000         0.000000    
       kr04c37     196.2585600000000         1.000000         0.000000    
       kr04c38     195.9275000000000         1.000000         0.000000    
       kr04c39     196.0372900000000         1.000000         0.000000    
       kr04c40     196.7548900000000         1.000000         0.000000    
       kr04c41     197.4687300000000         1.000000         0.000000    
       kr04c42     198.1363200000000         1.000000         0.000000    
       kr04c43     198.3760100000000         1.000000         0.000000    
       kr04c44     198.3252500000000         1.000000         0.000000    
       kr04c45     199.8611400000000         1.000000         0.000000    
       kr04c46     203.6800200000000         1.000000         0.000000    
       kr04c47     204.9372500000000         1.000000         0.000000    
       kr04c48     203.8243300000000         1.000000         0.000000    
       kr04c49     202.1546900000000         1.000000         0.000000    
       kr04c50     202.4064100000000         1.000000         0.000000    
       kr04c51     206.1891300000000         1.000000         0.000000    
       kr04c52     206.0808100000000         1.000000         0.000000    
       kr04c53     205.1447600000000         1.000000         0.000000    
       kr04c54     211.9730900000000         1.000000         0.000000    
       kr04c55     225.6177700000000         1.000000         0.000000    
       kr04c56     222.2046100000000         1.000000         0.000000    
       kr04c57     199.5886800000000         1.000000         0.000000    
       kr04c58     179.9175400000000         1.000000         0.000000    
       kr04c59     171.8131900000000         1.000000         0.000000    
       kr04c60     181.6102700000000         1.000000         0.000000    
       kr05c01     200.0000000000000         1.000000         0.000000    
       kr05c02     200.0000000000000         1.000000         0.000000    
       kr05c03     200.0000000000000         1.000000         0.000000    
       kr05c04     200.0000000000000         1.000000         0.000000    
       kr05c05     200.0000000000000         1.000000         0.000000    
       kr05c06     200.0000000000000         1.000000         0.000000    
       kr05c07     200.0000000000000         1.000000         0.000000    
       kr05c08     200.0000000000000         1.000000         0.000000    
       kr05c09     200.0000000000000         1.000000         0.000000    
       kr05c10     200.0000000000000         1.000000         0.000000    
       kr05c11     200.0000000000000         1.000000         0.000000    
       kr05c12     200.0000000000000         1.000000         0.000000    
       kr05c13     200.0000000000000         1.000000         0.000000    
       kr05c14     200.0000000000000         1.000000         0.000000    
       kr05c15     200.0000000000000         1.000000         0.000000    
       kr05c16     200.0000000000000         1.000000         0.000000    
       kr05c17     200.0000000000000         1.000000         0.000000    
       kr05c18     200.0000000000000         1.000000         0.000000    
       kr05c19     200.0000000000000         1.000000         0.000000    
       kr05c20     200.0000000000000         1.000000         0.000000    
       kr05c21     200.0000000000000         1.000000         0.000000    
       kr05c22     199.9808300000000         1.000000         0.000000    
       kr05c23     199.9797800000000         1.000000         0.000000    
       kr05c24     199.9925900000000         1.000000         0.000000    
       kr05c25     199.9705800000000         1.000000         0.000000    
       kr05c26     199.9525400000000         1.000000         0.000000    
       kr05c27     199.9142700000000         1.000000         0.000000    
       kr05c28     199.8749500000000         1.000000         0.000000    
       kr05c29     199.8526900000000         1.000000         0.000000    
       kr05c30     199.7638700000000         1.000000         0.000000    
       kr05c31     199.5744100000000         1.000000         0.000000    
       kr05c32     199.3212100000000         1.000000         0.000000    
       kr05c33     198.9619100000000         1.000000         0.000000    
       kr05c34     198.4467300000000         1.000000         0.000000    
       kr05c35     197.5071200000000         1.000000         0.000000    
       kr05c36     196.0104000000000         1.000000         0.000000    
       kr05c37     195.0978700000000         1.000000         0.000000    
       kr05c38     194.5226500000000         1.000000         0.000000    
       kr05c39     194.1411800000000         1.000000         0.000000    
       kr05c40     195.3892800000000         1.000000         0.000000    
       kr05c41     199.0205600000000         1.000000         0.000000    
       kr05c42     200.1621100000000         1.000000         0.000000    
       kr05c43     199.7332600000000         1.000000         0.000000    
       kr05c44     199.4500700000000         1.000000         0.000000    
       kr05c45     200.9832100000000         1.000000         0.000000    
       kr05c46     204.9133500000000         1.000000         0.000000    
       kr05c47     206.2512400000000         1.000000         0.000000    
       kr05c48     205.4935400000000         1.000000         0.000000    
       kr05c49     204.5051900000000         1.000000         0.000000    
       kr05c50     204.7014100000000         1.000000         0.000000    
       kr05c51     205.1107700000000         1.000000         0.000000    
       kr05c52     199.7925700000000         1.000000         0.000000    
       kr05c53     193.8703900000000         1.000000         0.000000    
       kr05c54     206.3736200000000         1.000000         0.000000    
       kr05c55     253.1651800000000         1.000000         0.000000    
       kr05c56     245.4176400000000         1.000000         0.000000    
       kr05c57     187.3002500000000         1.000000         0.000000    
       kr05c58     161.7031900000000         1.000000         0.000000    
       kr05c59     161.0288800000000         1.000000         0.000000    
       kr05c60     179.6052300000000         1.000000         0.000000    
       kr06c01     200.0000000000000         1.000000         0.000000    
       kr06c02     200.0000000000000         1.000000         0.000000    
       kr06c03     200.0000000000000         1.000000         0.000000    
       kr06c04     200.0000000000000         1.000000         0.000000    
       kr06c05     200.0000000000000         1.000000         0.000000    
       kr06c06     200.0000000000000         1.000000         0.000000    
       kr06c07     200.0000000000000         1.000000         0.000000    
       kr06c08     200.0000000000000         1.000000         0.000000    
       kr06c09     200.0000000000000         1.000000         0.000000    
       kr06c10     200.0000000000000         1.000000         0.000000    
       kr06c11     200.0000000000000         1.000000         0.000000    
       kr06c12     200.0000000000000         1.000000         0.000000    
       kr06c13     200.0000000000000         1.000000         0.000000    
       kr06c14     200.0000000000000         1.000000         0.000000    
       kr06c15     200.0000000000000         1.000000         0.000000    
       kr06c16     200.0000000000000         1.000000         0.000000    
       kr06c17     200.0000000000000         1.000000         0.000000    
       kr06c18     200.0000000000000         1.000000         0.000000    
       kr06c19     200.0000000000000         1.000000         0.000000    
       kr06c20     200.0220100000000         1.000000         0.000000    
       kr06c21     200.0220100000000         1.000000         0.000000    
       kr06c22     200.0164500000000         1.000000         0.000000    
       kr06c23     200.0164500000000         1.000000         0.000000    
       kr06c24     200.0210400000000         1.000000         0.000000    
       kr06c25     200.0220900000000         1.000000         0.000000    
       kr06c26     200.0482800000000         1.000000         0.000000    
       kr06c27     200.0473800000000         1.000000         0.000000    
       kr06c28     200.0403200000000         1.000000         0.000000    
       kr06c29     200.0069500000000         1.000000         0.000000    
       kr06c30     199.9885200000000         1.000000         0.000000    
       kr06c31     199.9065500000000         1.000000         0.000000    
       kr06c32     199.7926900000000         1.000000         0.000000    
       kr06c33     199.5027600000000         1.000000         0.000000    
       kr06c34     199.1928400000000         1.000000         0.000000    
       kr06c35     198.1780900000000         1.000000         0.000000    
       kr06c36     194.8487900000000         1.000000         0.000000    
       kr06c37     193.6921300000000         1.000000         0.000000    
       kr06c38     193.1151000000000         1.000000         0.000000    
       kr06c39     191.3519500000000         1.000000         0.000000    
       kr06c40     191.9027500000000         1.000000         0.000000    
       kr06c41     202.5890000000000         1.000000         0.000000    
       kr06c42     203.2041100000000         1.000000         0.000000    
       kr06c43     201.0261100000000         1.000000         0.000000    
       kr06c44     199.0642000000000         1.000000         0.000000    
       kr06c45     199.4301300000000         1.000000         0.000000    
       kr06c46     208.4987900000000         1.000000         0.000000    
       kr06c47     208.9625800000000         1.000000         0.000000    
       kr06c48     207.2442100000000         1.000000         0.000000    
       kr06c49     205.6537800000000         1.000000         0.000000    
       kr06c50     205.4004400000000         1.000000         0.000000    
       kr06c51     209.0866600000000         1.000000         0.000000    
       kr06c52     195.7852800000000         1.000000         0.000000    
       kr06c53     171.3417300000000         1.000000         0.000000    
       kr06c54     140.9410400000000         1.000000         0.000000    
       kr06c55     154.1549200000000         1.000000         0.000000    
       kr06c56     198.3898500000000         1.000000         0.000000    
       kr06c57     144.1386700000000         1.000000         0.000000    
       kr06c58     138.3261900000000         1.000000         0.000000    
       kr06c59     157.6044600000000         1.000000         0.000000    
       kr06c60     185.2369200000000         1.000000         0.000000    
       kr07c01     200.0000000000000         1.000000         0.000000    
       kr07c02     200.0000000000000         1.000000         0.000000    
       kr07c03     200.0000000000000         1.000000         0.000000    
       kr07c04     200.0000000000000         1.000000         0.000000    
       kr07c05     200.0000000000000         1.000000         0.000000    
       kr07c06     200.0000000000000         1.000000         0.000000    
       kr07c07     200.0000000000000         1.000000         0.000000    
       kr07c08     200.0000000000000         1.000000         0.000000    
       kr07c09     200.0000000000000         1.000000         0.000000    
       kr07c10     200.0000000000000         1.000000         0.000000    
       kr07c11     200.0000000000000         1.000000         0.000000    
       kr07c12     200.0000000000000         1.000000         0.000000    
       kr07c13     200.0000000000000         1.000000         0.000000    
       kr07c14     200.0000000000000         1.000000         0.000000    
       kr07c15     200.0000000000000         1.000000         0.000000    
       kr07c16     200.0000000000000         1.000000         0.000000    
       kr07c17     200.0220100000000         1.000000         0.000000    
       kr07c18     200.0232100000000         1.000000         0.000000    
       kr07c19     200.0232100000000         1.000000         0.000000    
       kr07c20     200.0248100000000         1.000000         0.000000    
       kr07c21     200.0248100000000         1.000000         0.000000    
       kr07c22     200.0453000000000         1.000000         0.000000    
       kr07c23     200.0673200000000         1.000000         0.000000    
       kr07c24     200.0512600000000         1.000000         0.000000    
       kr07c25     200.0912300000000         1.000000         0.000000    
       kr07c26     200.1153500000000         1.000000         0.000000    
       kr07c27     200.1405400000000         1.000000         0.000000    
       kr07c28     200.2541200000000         1.000000         0.000000    
       kr07c29     200.3287300000000         1.000000         0.000000    
       kr07c30     200.3562800000000         1.000000         0.000000    
       kr07c31     200.4230700000000         1.000000         0.000000    
       kr07c32     200.3622200000000         1.000000         0.000000    
       kr07c33     200.0585600000000         1.000000         0.000000    
       kr07c34     199.4652200000000         1.000000         0.000000    
       kr07c35     197.9452600000000         1.000000         0.000000    
       kr07c36     194.6429500000000         1.000000         0.000000    
       kr07c37     192.9598400000000         1.000000         0.000000    
       kr07c38     192.2864100000000         1.000000         0.000000    
       kr07c39     191.4455300000000         1.000000         0.000000    
       kr07c40     193.3423600000000         1.000000         0.000000    
       kr07c41     201.1525700000000         1.000000         0.000000    
       kr07c42     203.2336800000000         1.000000         0.000000    
       kr07c43     202.2913500000000         1.000000         0.000000    
       kr07c44     201.1324400000000         1.000000         0.000000    
       kr07c45     201.7784400000000         1.000000         0.000000    
       kr07c46     207.4472800000000         1.000000         0.000000    
       kr07c47     208.8399200000000         1.000000         0.000000    
       kr07c48     208.8994200000000         1.000000         0.000000    
       kr07c49     209.9988200000000         1.000000         0.000000    
       kr07c50     212.7875600000000         1.000000         0.000000    
       kr07c51     215.5100000000000         1.000000         0.000000    
       kr07c52     199.2994600000000         1.000000         0.000000    
       kr07c53     159.1003600000000         1.000000         0.000000    
       kr07c54     114.9965000000000         1.000000         0.000000    
       kr07c55     135.2226600000000         1.000000         0.000000    
       kr07c56     123.3955200000000         1.000000         0.000000    
       kr07c57     97.86690000000000         1.000000         0.000000    
       kr07c58     136.6650100000000         1.000000         0.000000    
       kr07c59     178.6391500000000         1.000000         0.000000    
       kr07c60     197.5658300000000         1.000000         0.000000    
       kr08c01     200.0000000000000         1.000000         0.000000    
       kr08c02     200.0000000000000         1.000000         0.000000    
       kr08c03     200.0000000000000         1.000000         0.000000    
       kr08c04     200.0000000000000         1.000000         0.000000    
       kr08c05     200.0000000000000         1.000000         0.000000    
       kr08c06     200.0000000000000         1.000000         0.000000    
       kr08c07     200.0000000000000         1.000000         0.000000    
       kr08c08     200.0000000000000         1.000000         0.000000    
       kr08c09     200.0000000000000         1.000000         0.000000    
       kr08c10     200.0000000000000         1.000000         0.000000    
       kr08c11     200.0000000000000         1.000000         0.000000    
       kr08c12     200.0000000000000         1.000000         0.000000    
       kr08c13     200.0000000000000         1.000000         0.000000    
       kr08c14     200.0000000000000         1.000000         0.000000    
       kr08c15     200.0000000000000         1.000000         0.000000    
       kr08c16     200.0220100000000         1.000000         0.000000    
       kr08c17     200.0232100000000         1.000000         0.000000    
       kr08c18     200.0232100000000         1.000000         0.000000    
       kr08c19     200.0248100000000         1.000000         0.000000    
       kr08c20     200.0470600000000         1.000000         0.000000    
       kr08c21     200.0520600000000         1.000000         0.000000    
       kr08c22     200.0659100000000         1.000000         0.000000    
       kr08c23     200.0705300000000         1.000000         0.000000    
       kr08c24     200.0874300000000         1.000000         0.000000    
       kr08c25     200.1578400000000         1.000000         0.000000    
       kr08c26     200.2018100000000         1.000000         0.000000    
       kr08c27     200.3519500000000         1.000000         0.000000    
       kr08c28     200.4474400000000         1.000000         0.000000    
       kr08c29     200.5742400000000         1.000000         0.000000    
       kr08c30     200.7425600000000         1.000000         0.000000    
       kr08c31     200.9161500000000         1.000000         0.000000    
       kr08c32     201.0806200000000         1.000000         0.000000    
       kr08c33     201.1123300000000         1.000000         0.000000    
       kr08c34     200.3983400000000         1.000000         0.000000    
       kr08c35     197.9465100000000         1.000000         0.000000    
       kr08c36     194.2232400000000         1.000000         0.000000    
       kr08c37     191.8382800000000         1.000000         0.000000    
       kr08c38     191.2882700000000         1.000000         0.000000    
       kr08c39     191.9862600000000         1.000000         0.000000    
       kr08c40     194.9495000000000         1.000000         0.000000    
       kr08c41     199.6570800000000         1.000000         0.000000    
       kr08c42     202.8217400000000         1.000000         0.000000    
       kr08c43     203.8827600000000         1.000000         0.000000    
       kr08c44     204.2420300000000         1.000000         0.000000    
       kr08c45     204.7500500000000         1.000000         0.000000    
       kr08c46     205.8533700000000         1.000000         0.000000    
       kr08c47     207.1552700000000         1.000000         0.000000    
       kr08c48     209.3658500000000         1.000000         0.000000    
       kr08c49     214.3465900000000         1.000000         0.000000    
       kr08c50     224.7377200000000         1.000000         0.000000    
       kr08c51     234.7644500000000         1.000000         0.000000    
       kr08c52     223.5884700000000         1.000000         0.000000    
       kr08c53     180.4566400000000         1.000000         0.000000    
       kr08c54     145.8321100000000         1.000000         0.000000    
       kr08c55     150.3877700000000         1.000000         0.000000    
       kr08c56     111.1017100000000         1.000000         0.000000    
       kr08c57     125.0592000000000         1.000000         0.000000    
       kr08c58     180.1452600000000         1.000000         0.000000    
       kr08c59     194.8405200000000         1.000000         0.000000    
       kr08c60     190.6059500000000         1.000000         0.000000    
       kr09c01     200.0000000000000         1.000000         0.000000    
       kr09c02     200.0000000000000         1.000000         0.000000    
       kr09c03     200.0000000000000         1.000000         0.000000    
       kr09c04     200.0000000000000         1.000000         0.000000    
       kr09c05     200.0000000000000         1.000000         0.000000    
       kr09c06     200.0000000000000         1.000000         0.000000    
       kr09c07     200.0000000000000         1.000000         0.000000    
       kr09c08     200.0000000000000         1.000000         0.000000    
       kr09c09     200.0000000000000         1.000000         0.000000    
       kr09c10     200.0000000000000         1.000000         0.000000    
       kr09c11     200.0000000000000         1.000000         0.000000    
       kr09c12     200.0000000000000         1.000000         0.000000    
       kr09c13     200.0000000000000         1.000000         0.000000    
       kr09c14     200.0000000000000         1.000000         0.000000    
       kr09c15     200.0220100000000         1.000000         0.000000    
       kr09c16     200.0232100000000         1.000000         0.000000    
       kr09c17     200.0232100000000         1.000000         0.000000    
       kr09c18     200.0248100000000         1.000000         0.000000    
       kr09c19     200.0440800000000         1.000000         0.000000    
       kr09c20     200.0520600000000         1.000000         0.000000    
       kr09c21     200.0740800000000         1.000000         0.000000    
       kr09c22     200.0705300000000         1.000000         0.000000    
       kr09c23     200.0882500000000         1.000000         0.000000    
       kr09c24     200.1358200000000         1.000000         0.000000    
       kr09c25     200.1779200000000         1.000000         0.000000    
       kr09c26     200.3078300000000         1.000000         0.000000    
       kr09c27     200.4224600000000         1.000000         0.000000    
       kr09c28     200.5733700000000         1.000000         0.000000    
       kr09c29     200.7790400000000         1.000000         0.000000    
       kr09c30     201.0473600000000         1.000000         0.000000    
       kr09c31     201.4270000000000         1.000000         0.000000    
       kr09c32     202.0620700000000         1.000000         0.000000    
       kr09c33     202.7685100000000         1.000000         0.000000    
       kr09c34     203.2143900000000         1.000000         0.000000    
       kr09c35     199.9309200000000         1.000000         0.000000    
       kr09c36     191.9229400000000         1.000000         0.000000    
       kr09c37     188.7407900000000         1.000000         0.000000    
       kr09c38     189.1016100000000         1.000000         0.000000    
       kr09c39     190.1004700000000         1.000000         0.000000    
       kr09c40     193.7482000000000         1.000000         0.000000    
       kr09c41     200.9147200000000         1.000000         0.000000    
       kr09c42     204.8110200000000         1.000000         0.000000    
       kr09c43     206.0619300000000         1.000000         0.000000    
       kr09c44     207.0863100000000         1.000000         0.000000    
       kr09c45     206.8475600000000         1.000000         0.000000    
       kr09c46     204.7846400000000         1.000000         0.000000    
       kr09c47     205.1545300000000         1.000000         0.000000    
       kr09c48     207.5579700000000         1.000000         0.000000    
       kr09c49     212.4645500000000         1.000000         0.000000    
       kr09c50     232.3930000000000         1.000000         0.000000    
       kr09c51     269.8954800000000         1.000000         0.000000    
       kr09c52     278.1141500000000         1.000000         0.000000    
       kr09c53     243.2621700000000         1.000000         0.000000    
       kr09c54     212.2160400000000         1.000000         0.000000    
       kr09c55     178.2411400000000         1.000000         0.000000    
       kr09c56     161.8236700000000         1.000000         0.000000    
       kr09c57     182.7812100000000         1.000000         0.000000    
       kr09c58     173.2733000000000         1.000000         0.000000    
       kr09c59     156.7889600000000         1.000000         0.000000    
       kr09c60     162.4584600000000         1.000000         0.000000    
       kr10c01     200.0000000000000         1.000000         0.000000    
       kr10c02     200.0000000000000         1.000000         0.000000    
       kr10c03     200.0000000000000         1.000000         0.000000    
       kr10c04     200.0000000000000         1.000000         0.000000    
       kr10c05     200.0000000000000         1.000000         0.000000    
       kr10c06     200.0000000000000         1.000000         0.000000    
       kr10c07     200.0000000000000         1.000000         0.000000    
       kr10c08     200.0000000000000         1.000000         0.000000    
       kr10c09     200.0000000000000         1.000000         0.000000    
       kr10c10     200.0000000000000         1.000000         0.000000    
       kr10c11     200.0000000000000         1.000000         0.000000    
       kr10c12     200.0000000000000         1.000000         0.000000    
       kr10c13     200.0000000000000         1.000000         0.000000    
       kr10c14     200.0220100000000         1.000000         0.000000    
       kr10c15     200.0220100000000         1.000000         0.000000    
       kr10c16     200.0232100000000         1.000000         0.000000    
       kr10c17     200.0232100000000         1.000000         0.000000    
       kr10c18     200.0248100000000         1.000000         0.000000    
       kr10c19     200.0470600000000         1.000000         0.000000    
       kr10c20     200.0520600000000         1.000000         0.000000    
       kr10c21     200.0726600000000         1.000000         0.000000    
       kr10c22     200.0705300000000         1.000000         0.000000    
       kr10c23     200.1075200000000         1.000000         0.000000    
       kr10c24     200.1450200000000         1.000000         0.000000    
       kr10c25     200.2204300000000         1.000000         0.000000    
       kr10c26     200.3677500000000         1.000000         0.000000    
       kr10c27     200.4853900000000         1.000000         0.000000    
       kr10c28     200.6539900000000         1.000000         0.000000    
       kr10c29     200.9114200000000         1.000000         0.000000    
       kr10c30     201.2786700000000         1.000000         0.000000    
       kr10c31     201.8246700000000         1.000000         0.000000    
       kr10c32     202.9170400000000         1.000000         0.000000    
       kr10c33     204.9119900000000         1.000000         0.000000    
       kr10c34     208.5611300000000         1.000000         0.000000    
       kr10c35     206.1964700000000         1.000000         0.000000    
       kr10c36     185.8674000000000         1.000000         0.000000    
       kr10c37     183.4948400000000         1.000000         0.000000    
       kr10c38     186.0444600000000         1.000000         0.000000    
       kr10c39     186.3997400000000         1.000000         0.000000    
       kr10c40     189.7530300000000         1.000000         0.000000    
       kr10c41     205.1521200000000         1.000000         0.000000    
       kr10c42     208.7013400000000         1.000000         0.000000    
       kr10c43     208.6478000000000         1.000000         0.000000    
       kr10c44     210.6433500000000         1.000000         0.000000    
       kr10c45     210.6620000000000         1.000000         0.000000    
       kr10c46     202.2444400000000         1.000000         0.000000    
       kr10c47     202.2351300000000         1.000000         0.000000    
       kr10c48     203.1134100000000         1.000000         0.000000    
       kr10c49     200.6276600000000         1.000000         0.000000    
       kr10c50     220.1007200000000         1.000000         0.000000    
       kr10c51     315.9186300000000         1.000000         0.000000    
       kr10c52     344.7819500000000         1.000000         0.000000    
       kr10c53     318.0469500000000         1.000000         0.000000    
       kr10c54     259.3096200000000         1.000000         0.000000    
       kr10c55     142.5286900000000         1.000000         0.000000    
       kr10c56     74.54122200000000         1.000000         0.000000    
       kr10c57     75.90093500000000         1.000000         0.000000    
       kr10c58     93.39680100000000         1.000000         0.000000    
       kr10c59     112.2027400000000         1.000000         0.000000    
       kr10c60     139.2479000000000         1.000000         0.000000    
