single point
rch_1                     1.01495        1.0000000E+00        0.0000000E+00
rch_2                     0.99571        1.0000000E+00        0.0000000E+00
rcond00                   1706.19        1.0000000E+00        0.0000000E+00
rcond01                   16786.9        1.0000000E+00        0.0000000E+00
rcond02                  -5122.53        1.0000000E+00        0.0000000E+00
rcond03                  -1740.84        1.0000000E+00        0.0000000E+00
rcond04                   17033.6        1.0000000E+00        0.0000000E+00
rcond05                   906.163        1.0000000E+00        0.0000000E+00
rcond06                   7463.92        1.0000000E+00        0.0000000E+00
rcond07                  -11930.9        1.0000000E+00        0.0000000E+00
rcond08                     23691        1.0000000E+00        0.0000000E+00
rcond09                   10188.8        1.0000000E+00        0.0000000E+00
rcond10                   8908.61        1.0000000E+00        0.0000000E+00
rcond11                  -3032.11        1.0000000E+00        0.0000000E+00
rcond12                   8943.21        1.0000000E+00        0.0000000E+00
rcond13                  -13227.3        1.0000000E+00        0.0000000E+00
rcond14                   26343.4        1.0000000E+00        0.0000000E+00
rcond15                   16858.9        1.0000000E+00        0.0000000E+00
rcond16                  -2273.02        1.0000000E+00        0.0000000E+00
rcond17                   16963.6        1.0000000E+00        0.0000000E+00
rcond18                  -12576.5        1.0000000E+00        0.0000000E+00
rcond19                   20898.5        1.0000000E+00        0.0000000E+00
rcond20                   15313.4        1.0000000E+00        0.0000000E+00
rcond21                     19474        1.0000000E+00        0.0000000E+00
rcond22                     18585        1.0000000E+00        0.0000000E+00
rcond23                   20702.3        1.0000000E+00        0.0000000E+00
rcond24                   24208.1        1.0000000E+00        0.0000000E+00
rcond25                   21911.3        1.0000000E+00        0.0000000E+00
rcond26                  -7263.09        1.0000000E+00        0.0000000E+00
rcond27                   3335.67        1.0000000E+00        0.0000000E+00
rcond28                     24475        1.0000000E+00        0.0000000E+00
rcond29                   14727.5        1.0000000E+00        0.0000000E+00
rcond30                   7394.61        1.0000000E+00        0.0000000E+00
rcond31                   8919.85        1.0000000E+00        0.0000000E+00
rcond32                   21882.5        1.0000000E+00        0.0000000E+00
rcond33                   5486.33        1.0000000E+00        0.0000000E+00
rcond34                  -14907.2        1.0000000E+00        0.0000000E+00
rcond35                   21767.9        1.0000000E+00        0.0000000E+00
rcond36                   31107.2        1.0000000E+00        0.0000000E+00
rcond37                  -7601.14        1.0000000E+00        0.0000000E+00
rcond38                   4259.74        1.0000000E+00        0.0000000E+00
rcond39                  -541.442        1.0000000E+00        0.0000000E+00
ss                   -3.08196e-05        1.0000000E+00        0.0000000E+00
sy                      0.0309993        1.0000000E+00        0.0000000E+00
wf1_1                     668.364        1.0000000E+00        0.0000000E+00
wf2_1                     377.938        1.0000000E+00        0.0000000E+00
wf3_1                     324.424        1.0000000E+00        0.0000000E+00
wf4_1                     69.5912        1.0000000E+00        0.0000000E+00
wf5_1                     64.3162        1.0000000E+00        0.0000000E+00
wf6_1                     382.614        1.0000000E+00        0.0000000E+00
wf1_2                     881.543        1.0000000E+00        0.0000000E+00
wf2_2                     538.596        1.0000000E+00        0.0000000E+00
wf3_2                     444.189        1.0000000E+00        0.0000000E+00
wf4_2                     108.219        1.0000000E+00        0.0000000E+00
wf5_2                     78.6594        1.0000000E+00        0.0000000E+00
wf6_2                     404.126        1.0000000E+00        0.0000000E+00
hkr00c00                  2.95953        1.0000000E+00        0.0000000E+00
hkr00c01                  5.53898        1.0000000E+00        0.0000000E+00
hkr00c02                  -22.428        1.0000000E+00        0.0000000E+00
hkr00c03                  8.92657        1.0000000E+00        0.0000000E+00
hkr00c04                  17.9911        1.0000000E+00        0.0000000E+00
hkr00c05                  12.3242        1.0000000E+00        0.0000000E+00
hkr00c06                 -2.14965        1.0000000E+00        0.0000000E+00
hkr00c07                  5.14773        1.0000000E+00        0.0000000E+00
hkr00c08                  27.3995        1.0000000E+00        0.0000000E+00
hkr00c09                  5.36914        1.0000000E+00        0.0000000E+00
hkr00c10                 -2.87737        1.0000000E+00        0.0000000E+00
hkr00c11                  7.78018        1.0000000E+00        0.0000000E+00
hkr00c12                -0.656205        1.0000000E+00        0.0000000E+00
hkr00c13                  26.6452        1.0000000E+00        0.0000000E+00
hkr00c14                  25.0679        1.0000000E+00        0.0000000E+00
hkr00c15                  20.4942        1.0000000E+00        0.0000000E+00
hkr00c16                  3.97192        1.0000000E+00        0.0000000E+00
hkr00c17                  27.1988        1.0000000E+00        0.0000000E+00
hkr00c18                  15.7377        1.0000000E+00        0.0000000E+00
hkr00c19                  14.4844        1.0000000E+00        0.0000000E+00
hkr01c00                  9.41554        1.0000000E+00        0.0000000E+00
hkr01c01                 -1.06853        1.0000000E+00        0.0000000E+00
hkr01c02                  33.3325        1.0000000E+00        0.0000000E+00
hkr01c03                  6.89595        1.0000000E+00        0.0000000E+00
hkr01c04                   16.697        1.0000000E+00        0.0000000E+00
hkr01c05                0.0250832        1.0000000E+00        0.0000000E+00
hkr01c06                  -22.841        1.0000000E+00        0.0000000E+00
hkr01c07                 -10.8978        1.0000000E+00        0.0000000E+00
hkr01c08                 0.847382        1.0000000E+00        0.0000000E+00
hkr01c09                 -4.53919        1.0000000E+00        0.0000000E+00
hkr01c10                  14.5175        1.0000000E+00        0.0000000E+00
hkr01c11                  11.5151        1.0000000E+00        0.0000000E+00
hkr01c12                 -9.70742        1.0000000E+00        0.0000000E+00
hkr01c13                 -7.17536        1.0000000E+00        0.0000000E+00
hkr01c14                   22.364        1.0000000E+00        0.0000000E+00
hkr01c15                 -5.41977        1.0000000E+00        0.0000000E+00
hkr01c16                  6.21347        1.0000000E+00        0.0000000E+00
hkr01c17                  24.4581        1.0000000E+00        0.0000000E+00
hkr01c18                  10.9506        1.0000000E+00        0.0000000E+00
hkr01c19                  12.8362        1.0000000E+00        0.0000000E+00
hkr02c00                -0.510165        1.0000000E+00        0.0000000E+00
hkr02c01                 -17.7337        1.0000000E+00        0.0000000E+00
hkr02c02                  20.1106        1.0000000E+00        0.0000000E+00
hkr02c03                 -21.7351        1.0000000E+00        0.0000000E+00
hkr02c04                 -8.15296        1.0000000E+00        0.0000000E+00
hkr02c05                 -5.56279        1.0000000E+00        0.0000000E+00
hkr02c06                  2.46734        1.0000000E+00        0.0000000E+00
hkr02c07                 -9.11872        1.0000000E+00        0.0000000E+00
hkr02c08                  19.5201        1.0000000E+00        0.0000000E+00
hkr02c09                -0.367569        1.0000000E+00        0.0000000E+00
hkr02c10                 -8.40896        1.0000000E+00        0.0000000E+00
hkr02c11                  16.2213        1.0000000E+00        0.0000000E+00
hkr02c12                 -22.9838        1.0000000E+00        0.0000000E+00
hkr02c13                  15.1991        1.0000000E+00        0.0000000E+00
hkr02c14                 -22.5602        1.0000000E+00        0.0000000E+00
hkr02c15               -0.0995683        1.0000000E+00        0.0000000E+00
hkr02c16                  -2.7519        1.0000000E+00        0.0000000E+00
hkr02c17                  17.8518        1.0000000E+00        0.0000000E+00
hkr02c18                 -12.3144        1.0000000E+00        0.0000000E+00
hkr02c19                  4.99408        1.0000000E+00        0.0000000E+00
hkr03c00                  23.3413        1.0000000E+00        0.0000000E+00
hkr03c01                  10.3782        1.0000000E+00        0.0000000E+00
hkr03c02                  9.43383        1.0000000E+00        0.0000000E+00
hkr03c03                  7.48419        1.0000000E+00        0.0000000E+00
hkr03c04                  32.8384        1.0000000E+00        0.0000000E+00
hkr03c05                 -8.99298        1.0000000E+00        0.0000000E+00
hkr03c06                  10.1604        1.0000000E+00        0.0000000E+00
hkr03c07                  22.1882        1.0000000E+00        0.0000000E+00
hkr03c08                  2.94562        1.0000000E+00        0.0000000E+00
hkr03c09                 -9.03977        1.0000000E+00        0.0000000E+00
hkr03c10                   6.8227        1.0000000E+00        0.0000000E+00
hkr03c11                 -2.74251        1.0000000E+00        0.0000000E+00
hkr03c12                  4.25175        1.0000000E+00        0.0000000E+00
hkr03c13                 -5.59076        1.0000000E+00        0.0000000E+00
hkr03c14                  20.5959        1.0000000E+00        0.0000000E+00
hkr03c15                 -17.6283        1.0000000E+00        0.0000000E+00
hkr03c16                  -1.2941        1.0000000E+00        0.0000000E+00
hkr03c17                  3.39411        1.0000000E+00        0.0000000E+00
hkr03c18                  18.3552        1.0000000E+00        0.0000000E+00
hkr03c19                  15.1277        1.0000000E+00        0.0000000E+00
hkr04c00                  20.8882        1.0000000E+00        0.0000000E+00
hkr04c01                  9.67953        1.0000000E+00        0.0000000E+00
hkr04c02                  6.82573        1.0000000E+00        0.0000000E+00
hkr04c03                 -19.5104        1.0000000E+00        0.0000000E+00
hkr04c04                  8.79647        1.0000000E+00        0.0000000E+00
hkr04c05                  19.2887        1.0000000E+00        0.0000000E+00
hkr04c06                 -3.56827        1.0000000E+00        0.0000000E+00
hkr04c07                  2.86315        1.0000000E+00        0.0000000E+00
hkr04c08                 -3.69259        1.0000000E+00        0.0000000E+00
hkr04c09                 0.103795        1.0000000E+00        0.0000000E+00
hkr04c10                 -5.81272        1.0000000E+00        0.0000000E+00
hkr04c11                  8.66015        1.0000000E+00        0.0000000E+00
hkr04c12                 -5.85768        1.0000000E+00        0.0000000E+00
hkr04c13                   10.377        1.0000000E+00        0.0000000E+00
hkr04c14                  14.8281        1.0000000E+00        0.0000000E+00
hkr04c15                  5.63862        1.0000000E+00        0.0000000E+00
hkr04c16                  31.5421        1.0000000E+00        0.0000000E+00
hkr04c17                -0.629675        1.0000000E+00        0.0000000E+00
hkr04c18                   33.773        1.0000000E+00        0.0000000E+00
hkr04c19                 -4.81487        1.0000000E+00        0.0000000E+00
hkr05c00                  41.4641        1.0000000E+00        0.0000000E+00
hkr05c01                 -7.63796        1.0000000E+00        0.0000000E+00
hkr05c02                  19.0207        1.0000000E+00        0.0000000E+00
hkr05c03                  30.1307        1.0000000E+00        0.0000000E+00
hkr05c04                 -5.78678        1.0000000E+00        0.0000000E+00
hkr05c05                  14.3351        1.0000000E+00        0.0000000E+00
hkr05c06                 -28.8891        1.0000000E+00        0.0000000E+00
hkr05c07                  8.73482        1.0000000E+00        0.0000000E+00
hkr05c08                  29.7662        1.0000000E+00        0.0000000E+00
hkr05c09                  6.16786        1.0000000E+00        0.0000000E+00
hkr05c10                  30.5865        1.0000000E+00        0.0000000E+00
hkr05c11                 -3.96745        1.0000000E+00        0.0000000E+00
hkr05c12                  22.3338        1.0000000E+00        0.0000000E+00
hkr05c13                  11.9748        1.0000000E+00        0.0000000E+00
hkr05c14                  24.3301        1.0000000E+00        0.0000000E+00
hkr05c15                  19.3415        1.0000000E+00        0.0000000E+00
hkr05c16                 -5.90623        1.0000000E+00        0.0000000E+00
hkr05c17                  1.33831        1.0000000E+00        0.0000000E+00
hkr05c18                  10.8589        1.0000000E+00        0.0000000E+00
hkr05c19                  -13.114        1.0000000E+00        0.0000000E+00
hkr06c00                  8.83823        1.0000000E+00        0.0000000E+00
hkr06c01                  7.65218        1.0000000E+00        0.0000000E+00
hkr06c02                 -6.81452        1.0000000E+00        0.0000000E+00
hkr06c03                  1.04664        1.0000000E+00        0.0000000E+00
hkr06c04                 0.378455        1.0000000E+00        0.0000000E+00
hkr06c05                  22.4067        1.0000000E+00        0.0000000E+00
hkr06c06                 -13.9187        1.0000000E+00        0.0000000E+00
hkr06c07                 -3.45251        1.0000000E+00        0.0000000E+00
hkr06c08                  7.40531        1.0000000E+00        0.0000000E+00
hkr06c09                 -17.6784        1.0000000E+00        0.0000000E+00
hkr06c10                  29.4034        1.0000000E+00        0.0000000E+00
hkr06c11                  9.35403        1.0000000E+00        0.0000000E+00
hkr06c12                 -12.4477        1.0000000E+00        0.0000000E+00
hkr06c13                 -10.2434        1.0000000E+00        0.0000000E+00
hkr06c14                 -10.7205        1.0000000E+00        0.0000000E+00
hkr06c15                  8.62999        1.0000000E+00        0.0000000E+00
hkr06c16                  23.3165        1.0000000E+00        0.0000000E+00
hkr06c17                  6.79601        1.0000000E+00        0.0000000E+00
hkr06c18                 -17.5962        1.0000000E+00        0.0000000E+00
hkr06c19                 -25.7278        1.0000000E+00        0.0000000E+00
hkr07c00                  25.1874        1.0000000E+00        0.0000000E+00
hkr07c01                  51.3971        1.0000000E+00        0.0000000E+00
hkr07c02                  14.5507        1.0000000E+00        0.0000000E+00
hkr07c03                  -18.907        1.0000000E+00        0.0000000E+00
hkr07c04                 -7.79917        1.0000000E+00        0.0000000E+00
hkr07c05                 -2.11466        1.0000000E+00        0.0000000E+00
hkr07c06                 -15.8131        1.0000000E+00        0.0000000E+00
hkr07c07                  5.77271        1.0000000E+00        0.0000000E+00
hkr07c08                 -18.1308        1.0000000E+00        0.0000000E+00
hkr07c09                  5.37342        1.0000000E+00        0.0000000E+00
hkr07c10                  21.4469        1.0000000E+00        0.0000000E+00
hkr07c11                 -17.3676        1.0000000E+00        0.0000000E+00
hkr07c12                  2.88015        1.0000000E+00        0.0000000E+00
hkr07c13                 -24.4521        1.0000000E+00        0.0000000E+00
hkr07c14                 -11.8873        1.0000000E+00        0.0000000E+00
hkr07c15                  1.83847        1.0000000E+00        0.0000000E+00
hkr07c16                  7.33102        1.0000000E+00        0.0000000E+00
hkr07c17                  5.01708        1.0000000E+00        0.0000000E+00
hkr07c18                  13.9677        1.0000000E+00        0.0000000E+00
hkr07c19                  18.6874        1.0000000E+00        0.0000000E+00
hkr08c00                  26.5198        1.0000000E+00        0.0000000E+00
hkr08c01                  27.0577        1.0000000E+00        0.0000000E+00
hkr08c02                  7.02994        1.0000000E+00        0.0000000E+00
hkr08c03                  3.49487        1.0000000E+00        0.0000000E+00
hkr08c07                  7.76161        1.0000000E+00        0.0000000E+00
hkr08c08                 -15.0815        1.0000000E+00        0.0000000E+00
hkr08c09                  7.24829        1.0000000E+00        0.0000000E+00
hkr08c10                  1.21137        1.0000000E+00        0.0000000E+00
hkr08c11                   19.254        1.0000000E+00        0.0000000E+00
hkr08c12                  7.90372        1.0000000E+00        0.0000000E+00
hkr08c13                 0.473563        1.0000000E+00        0.0000000E+00
hkr08c14                  5.15507        1.0000000E+00        0.0000000E+00
hkr08c15                  19.9705        1.0000000E+00        0.0000000E+00
hkr08c16                  8.06535        1.0000000E+00        0.0000000E+00
hkr08c17                  13.4193        1.0000000E+00        0.0000000E+00
hkr08c18                 -34.9914        1.0000000E+00        0.0000000E+00
hkr08c19                  10.0501        1.0000000E+00        0.0000000E+00
hkr09c00                  22.6799        1.0000000E+00        0.0000000E+00
hkr09c01                  8.87772        1.0000000E+00        0.0000000E+00
hkr09c02                  5.51601        1.0000000E+00        0.0000000E+00
hkr09c03                 -12.7666        1.0000000E+00        0.0000000E+00
hkr09c08                  25.7084        1.0000000E+00        0.0000000E+00
hkr09c09                 -16.1985        1.0000000E+00        0.0000000E+00
hkr09c10                  11.3859        1.0000000E+00        0.0000000E+00
hkr09c11                 -5.60302        1.0000000E+00        0.0000000E+00
hkr09c12                 -0.39431        1.0000000E+00        0.0000000E+00
hkr09c13                  19.4446        1.0000000E+00        0.0000000E+00
hkr09c14                  6.19828        1.0000000E+00        0.0000000E+00
hkr09c15                  34.1878        1.0000000E+00        0.0000000E+00
hkr09c16                 -21.5436        1.0000000E+00        0.0000000E+00
hkr09c17                 -1.18195        1.0000000E+00        0.0000000E+00
hkr09c18                  19.5967        1.0000000E+00        0.0000000E+00
hkr09c19                  2.37467        1.0000000E+00        0.0000000E+00
hkr10c00                  14.3043        1.0000000E+00        0.0000000E+00
hkr10c01                  -31.483        1.0000000E+00        0.0000000E+00
hkr10c02                 -7.79909        1.0000000E+00        0.0000000E+00
hkr10c03                  42.0042        1.0000000E+00        0.0000000E+00
hkr10c08                  15.5598        1.0000000E+00        0.0000000E+00
hkr10c09                  22.0094        1.0000000E+00        0.0000000E+00
hkr10c10                  27.5692        1.0000000E+00        0.0000000E+00
hkr10c11                  -2.7547        1.0000000E+00        0.0000000E+00
hkr10c12                  6.82111        1.0000000E+00        0.0000000E+00
hkr10c13                 -4.37542        1.0000000E+00        0.0000000E+00
hkr10c14                  -19.041        1.0000000E+00        0.0000000E+00
hkr10c15                  24.2238        1.0000000E+00        0.0000000E+00
hkr10c16                   1.4746        1.0000000E+00        0.0000000E+00
hkr10c17                 -2.95443        1.0000000E+00        0.0000000E+00
hkr10c18                 -3.92047        1.0000000E+00        0.0000000E+00
hkr10c19                  14.4984        1.0000000E+00        0.0000000E+00
hkr11c00                  3.51894        1.0000000E+00        0.0000000E+00
hkr11c01                  20.4188        1.0000000E+00        0.0000000E+00
hkr11c02                  34.9785        1.0000000E+00        0.0000000E+00
hkr11c03                 0.630272        1.0000000E+00        0.0000000E+00
hkr11c08                 0.319221        1.0000000E+00        0.0000000E+00
hkr11c09                  7.50292        1.0000000E+00        0.0000000E+00
hkr11c10                  28.6095        1.0000000E+00        0.0000000E+00
hkr11c11                  2.78616        1.0000000E+00        0.0000000E+00
hkr11c12                  13.7386        1.0000000E+00        0.0000000E+00
hkr11c13                  3.74212        1.0000000E+00        0.0000000E+00
hkr11c14                  6.81733        1.0000000E+00        0.0000000E+00
hkr11c15                  8.45053        1.0000000E+00        0.0000000E+00
hkr11c16                  28.7713        1.0000000E+00        0.0000000E+00
hkr11c17                   22.405        1.0000000E+00        0.0000000E+00
hkr11c18                  22.6571        1.0000000E+00        0.0000000E+00
hkr11c19                  22.7533        1.0000000E+00        0.0000000E+00
hkr12c00                  16.0168        1.0000000E+00        0.0000000E+00
hkr12c01                  4.17322        1.0000000E+00        0.0000000E+00
hkr12c02                 -3.97952        1.0000000E+00        0.0000000E+00
hkr12c03                  7.13726        1.0000000E+00        0.0000000E+00
hkr12c08                 -26.8296        1.0000000E+00        0.0000000E+00
hkr12c09                  1.28747        1.0000000E+00        0.0000000E+00
hkr12c10                 -7.37458        1.0000000E+00        0.0000000E+00
hkr12c11                    17.03        1.0000000E+00        0.0000000E+00
hkr12c12                 -7.73789        1.0000000E+00        0.0000000E+00
hkr12c13                -0.499404        1.0000000E+00        0.0000000E+00
hkr12c14                  18.3551        1.0000000E+00        0.0000000E+00
hkr12c15                 -4.79502        1.0000000E+00        0.0000000E+00
hkr12c16                 -25.2733        1.0000000E+00        0.0000000E+00
hkr12c17                  3.82595        1.0000000E+00        0.0000000E+00
hkr12c18                 -7.45875        1.0000000E+00        0.0000000E+00
hkr12c19                 -4.26067        1.0000000E+00        0.0000000E+00
hkr13c00                 -8.39124        1.0000000E+00        0.0000000E+00
hkr13c01                 -5.81695        1.0000000E+00        0.0000000E+00
hkr13c02                  8.45904        1.0000000E+00        0.0000000E+00
hkr13c03                  4.94013        1.0000000E+00        0.0000000E+00
hkr13c08                   32.136        1.0000000E+00        0.0000000E+00
hkr13c09                  20.5473        1.0000000E+00        0.0000000E+00
hkr13c10                  3.85725        1.0000000E+00        0.0000000E+00
hkr13c11                 -6.51922        1.0000000E+00        0.0000000E+00
hkr13c12                  3.15421        1.0000000E+00        0.0000000E+00
hkr13c13                  21.6595        1.0000000E+00        0.0000000E+00
hkr13c14                  5.79519        1.0000000E+00        0.0000000E+00
hkr13c15                   5.5922        1.0000000E+00        0.0000000E+00
hkr13c16                  31.1008        1.0000000E+00        0.0000000E+00
hkr13c17                  16.2203        1.0000000E+00        0.0000000E+00
hkr13c18                 -13.8125        1.0000000E+00        0.0000000E+00
hkr13c19                  16.9083        1.0000000E+00        0.0000000E+00
hkr14c00                 -5.99832        1.0000000E+00        0.0000000E+00
hkr14c01                   25.023        1.0000000E+00        0.0000000E+00
hkr14c02                 -22.8841        1.0000000E+00        0.0000000E+00
hkr14c03                  11.7441        1.0000000E+00        0.0000000E+00
hkr14c08                  15.0372        1.0000000E+00        0.0000000E+00
hkr14c09                  32.1375        1.0000000E+00        0.0000000E+00
hkr14c10                  14.4169        1.0000000E+00        0.0000000E+00
hkr14c11                 -11.7798        1.0000000E+00        0.0000000E+00
hkr14c12                  7.28787        1.0000000E+00        0.0000000E+00
hkr14c13                  9.19683        1.0000000E+00        0.0000000E+00
hkr14c14                  13.5406        1.0000000E+00        0.0000000E+00
hkr14c15                 -17.7143        1.0000000E+00        0.0000000E+00
hkr14c16                  11.4152        1.0000000E+00        0.0000000E+00
hkr14c17                  7.90029        1.0000000E+00        0.0000000E+00
hkr14c18                -0.170471        1.0000000E+00        0.0000000E+00
hkr14c19                  -13.373        1.0000000E+00        0.0000000E+00
hkr15c00                  17.4901        1.0000000E+00        0.0000000E+00
hkr15c01                  34.2869        1.0000000E+00        0.0000000E+00
hkr15c02                 -12.9652        1.0000000E+00        0.0000000E+00
hkr15c03                  11.8703        1.0000000E+00        0.0000000E+00
hkr15c08                 -6.69711        1.0000000E+00        0.0000000E+00
hkr15c09                  18.7684        1.0000000E+00        0.0000000E+00
hkr15c10                 -17.8192        1.0000000E+00        0.0000000E+00
hkr15c11                  26.5437        1.0000000E+00        0.0000000E+00
hkr15c12                  9.32746        1.0000000E+00        0.0000000E+00
hkr15c13                  7.25728        1.0000000E+00        0.0000000E+00
hkr15c14                 -9.13257        1.0000000E+00        0.0000000E+00
hkr15c15                 -33.7765        1.0000000E+00        0.0000000E+00
hkr15c16                  8.81557        1.0000000E+00        0.0000000E+00
hkr15c17                 -9.35426        1.0000000E+00        0.0000000E+00
hkr15c18                  7.77938        1.0000000E+00        0.0000000E+00
hkr15c19                  36.1329        1.0000000E+00        0.0000000E+00
hkr16c00                 0.243583        1.0000000E+00        0.0000000E+00
hkr16c01                  1.37817        1.0000000E+00        0.0000000E+00
hkr16c02                -0.855075        1.0000000E+00        0.0000000E+00
hkr16c03                 -1.08652        1.0000000E+00        0.0000000E+00
hkr16c08                 0.414579        1.0000000E+00        0.0000000E+00
hkr16c09                 -6.57634        1.0000000E+00        0.0000000E+00
hkr16c10                  4.73679        1.0000000E+00        0.0000000E+00
hkr16c11                  8.49587        1.0000000E+00        0.0000000E+00
hkr16c12                   3.8669        1.0000000E+00        0.0000000E+00
hkr16c13                 -1.11071        1.0000000E+00        0.0000000E+00
hkr16c14                 -11.9841        1.0000000E+00        0.0000000E+00
hkr16c15                  7.28447        1.0000000E+00        0.0000000E+00
hkr16c16                  18.6847        1.0000000E+00        0.0000000E+00
hkr16c17                    0.482        1.0000000E+00        0.0000000E+00
hkr16c18                  13.4327        1.0000000E+00        0.0000000E+00
hkr16c19                   3.6652        1.0000000E+00        0.0000000E+00
hkr17c00                 0.694723        1.0000000E+00        0.0000000E+00
hkr17c01                  16.3955        1.0000000E+00        0.0000000E+00
hkr17c02                  39.4103        1.0000000E+00        0.0000000E+00
hkr17c03                 -1.81917        1.0000000E+00        0.0000000E+00
hkr17c08                 -3.71605        1.0000000E+00        0.0000000E+00
hkr17c09                  30.5543        1.0000000E+00        0.0000000E+00
hkr17c10                  4.37892        1.0000000E+00        0.0000000E+00
hkr17c11                 -21.0458        1.0000000E+00        0.0000000E+00
hkr17c12                   5.2592        1.0000000E+00        0.0000000E+00
hkr17c13                  -13.891        1.0000000E+00        0.0000000E+00
hkr17c14                  20.8138        1.0000000E+00        0.0000000E+00
hkr17c15                  22.8221        1.0000000E+00        0.0000000E+00
hkr17c16                  8.64635        1.0000000E+00        0.0000000E+00
hkr17c17                  6.40077        1.0000000E+00        0.0000000E+00
hkr17c18                 -6.15616        1.0000000E+00        0.0000000E+00
hkr17c19                 -18.3889        1.0000000E+00        0.0000000E+00
hkr18c00                  1.52041        1.0000000E+00        0.0000000E+00
hkr18c01                  1.96413        1.0000000E+00        0.0000000E+00
hkr18c02                  10.4366        1.0000000E+00        0.0000000E+00
hkr18c03                  9.18311        1.0000000E+00        0.0000000E+00
hkr18c08                  19.8066        1.0000000E+00        0.0000000E+00
hkr18c09                  14.1265        1.0000000E+00        0.0000000E+00
hkr18c10                  17.0267        1.0000000E+00        0.0000000E+00
hkr18c11                  1.41674        1.0000000E+00        0.0000000E+00
hkr18c12                  11.7238        1.0000000E+00        0.0000000E+00
hkr18c13                  11.1816        1.0000000E+00        0.0000000E+00
hkr18c14                  29.9542        1.0000000E+00        0.0000000E+00
hkr18c15                 -11.7218        1.0000000E+00        0.0000000E+00
hkr18c16                  19.1213        1.0000000E+00        0.0000000E+00
hkr18c17                  20.1307        1.0000000E+00        0.0000000E+00
hkr18c18                  25.4142        1.0000000E+00        0.0000000E+00
hkr18c19                  20.3673        1.0000000E+00        0.0000000E+00
hkr19c00                 -10.4953        1.0000000E+00        0.0000000E+00
hkr19c01                  12.9786        1.0000000E+00        0.0000000E+00
hkr19c02                -0.225257        1.0000000E+00        0.0000000E+00
hkr19c03                 -3.47901        1.0000000E+00        0.0000000E+00
hkr19c08                   5.2015        1.0000000E+00        0.0000000E+00
hkr19c09                  1.82227        1.0000000E+00        0.0000000E+00
hkr19c10                   10.207        1.0000000E+00        0.0000000E+00
hkr19c11                 0.858886        1.0000000E+00        0.0000000E+00
hkr19c12                -0.930462        1.0000000E+00        0.0000000E+00
hkr19c13                  1.19202        1.0000000E+00        0.0000000E+00
hkr19c14                  6.34121        1.0000000E+00        0.0000000E+00
hkr19c15                 -20.2907        1.0000000E+00        0.0000000E+00
hkr19c16                 -9.20035        1.0000000E+00        0.0000000E+00
hkr19c17                 -0.73705        1.0000000E+00        0.0000000E+00
hkr19c18                -0.541753        1.0000000E+00        0.0000000E+00
hkr19c19                 -3.79723        1.0000000E+00        0.0000000E+00
hkr20c00                  22.9665        1.0000000E+00        0.0000000E+00
hkr20c01                 -11.4228        1.0000000E+00        0.0000000E+00
hkr20c02                 0.555777        1.0000000E+00        0.0000000E+00
hkr20c03                  19.7775        1.0000000E+00        0.0000000E+00
hkr20c08                  57.3511        1.0000000E+00        0.0000000E+00
hkr20c09                  8.93654        1.0000000E+00        0.0000000E+00
hkr20c10                 -2.83495        1.0000000E+00        0.0000000E+00
hkr20c11                   24.234        1.0000000E+00        0.0000000E+00
hkr20c12                  31.2833        1.0000000E+00        0.0000000E+00
hkr20c13                  1.74268        1.0000000E+00        0.0000000E+00
hkr20c14                  33.5628        1.0000000E+00        0.0000000E+00
hkr20c15                 0.156971        1.0000000E+00        0.0000000E+00
hkr20c16                 -1.91065        1.0000000E+00        0.0000000E+00
hkr20c17                  18.9519        1.0000000E+00        0.0000000E+00
hkr20c18                 -0.48241        1.0000000E+00        0.0000000E+00
hkr20c19                  14.3009        1.0000000E+00        0.0000000E+00
hkr21c00                  2.05745        1.0000000E+00        0.0000000E+00
hkr21c01                  16.6667        1.0000000E+00        0.0000000E+00
hkr21c02                  23.1625        1.0000000E+00        0.0000000E+00
hkr21c03                  16.0799        1.0000000E+00        0.0000000E+00
hkr21c06                 -10.2216        1.0000000E+00        0.0000000E+00
hkr21c07                  29.6037        1.0000000E+00        0.0000000E+00
hkr21c08                  13.6938        1.0000000E+00        0.0000000E+00
hkr21c09                  9.09529        1.0000000E+00        0.0000000E+00
hkr21c10                  8.39079        1.0000000E+00        0.0000000E+00
hkr21c11                  4.51921        1.0000000E+00        0.0000000E+00
hkr21c12                 -18.1792        1.0000000E+00        0.0000000E+00
hkr21c13                  27.5307        1.0000000E+00        0.0000000E+00
hkr21c14                 -9.87328        1.0000000E+00        0.0000000E+00
hkr21c15                 -8.56683        1.0000000E+00        0.0000000E+00
hkr21c16                  23.4133        1.0000000E+00        0.0000000E+00
hkr21c17                 -12.2455        1.0000000E+00        0.0000000E+00
hkr21c18                  45.6444        1.0000000E+00        0.0000000E+00
hkr21c19                 -7.02816        1.0000000E+00        0.0000000E+00
hkr22c00                  45.3651        1.0000000E+00        0.0000000E+00
hkr22c01                  17.0595        1.0000000E+00        0.0000000E+00
hkr22c02                  6.23398        1.0000000E+00        0.0000000E+00
hkr22c03                  -4.1292        1.0000000E+00        0.0000000E+00
hkr22c04                  20.1968        1.0000000E+00        0.0000000E+00
hkr22c06                  18.9488        1.0000000E+00        0.0000000E+00
hkr22c07                  12.8502        1.0000000E+00        0.0000000E+00
hkr22c08                   2.5348        1.0000000E+00        0.0000000E+00
hkr22c09                   13.087        1.0000000E+00        0.0000000E+00
hkr22c10                 -5.23337        1.0000000E+00        0.0000000E+00
hkr22c11                 -10.2181        1.0000000E+00        0.0000000E+00
hkr22c12                  4.10518        1.0000000E+00        0.0000000E+00
hkr22c13                 0.241494        1.0000000E+00        0.0000000E+00
hkr22c14                   12.278        1.0000000E+00        0.0000000E+00
hkr22c15                -0.907083        1.0000000E+00        0.0000000E+00
hkr22c16                  1.56798        1.0000000E+00        0.0000000E+00
hkr22c17                 -5.19148        1.0000000E+00        0.0000000E+00
hkr22c18                 -4.04999        1.0000000E+00        0.0000000E+00
hkr22c19                  8.89271        1.0000000E+00        0.0000000E+00
hkr23c00                  30.0225        1.0000000E+00        0.0000000E+00
hkr23c01                 -9.21188        1.0000000E+00        0.0000000E+00
hkr23c02                 -3.15963        1.0000000E+00        0.0000000E+00
hkr23c03                  5.64646        1.0000000E+00        0.0000000E+00
hkr23c04                   13.216        1.0000000E+00        0.0000000E+00
hkr23c05                 -7.27048        1.0000000E+00        0.0000000E+00
hkr23c06                  10.9256        1.0000000E+00        0.0000000E+00
hkr23c07                 -8.69758        1.0000000E+00        0.0000000E+00
hkr23c08                 -8.21142        1.0000000E+00        0.0000000E+00
hkr23c09                 -1.85578        1.0000000E+00        0.0000000E+00
hkr23c10                  30.0642        1.0000000E+00        0.0000000E+00
hkr23c11                  25.4333        1.0000000E+00        0.0000000E+00
hkr23c12                 -3.40654        1.0000000E+00        0.0000000E+00
hkr23c13                  11.9946        1.0000000E+00        0.0000000E+00
hkr23c14                  4.06996        1.0000000E+00        0.0000000E+00
hkr23c15                  8.38286        1.0000000E+00        0.0000000E+00
hkr23c16                  34.0222        1.0000000E+00        0.0000000E+00
hkr23c17                 -2.62715        1.0000000E+00        0.0000000E+00
hkr23c18                  9.97227        1.0000000E+00        0.0000000E+00
hkr23c19                  22.9561        1.0000000E+00        0.0000000E+00
hkr24c00                 -6.29807        1.0000000E+00        0.0000000E+00
hkr24c01                 -3.00181        1.0000000E+00        0.0000000E+00
hkr24c02                 -9.71118        1.0000000E+00        0.0000000E+00
hkr24c03                   42.837        1.0000000E+00        0.0000000E+00
hkr24c04                  10.1724        1.0000000E+00        0.0000000E+00
hkr24c05                 -2.05512        1.0000000E+00        0.0000000E+00
hkr24c06                 -4.32872        1.0000000E+00        0.0000000E+00
hkr24c07                  -13.907        1.0000000E+00        0.0000000E+00
hkr24c08                 -23.9797        1.0000000E+00        0.0000000E+00
hkr24c09                 0.568598        1.0000000E+00        0.0000000E+00
hkr24c10                  28.1349        1.0000000E+00        0.0000000E+00
hkr24c11                  6.43848        1.0000000E+00        0.0000000E+00
hkr24c12                  -26.036        1.0000000E+00        0.0000000E+00
hkr24c13                  11.6845        1.0000000E+00        0.0000000E+00
hkr24c14                 -8.80861        1.0000000E+00        0.0000000E+00
hkr24c15                  5.45348        1.0000000E+00        0.0000000E+00
hkr24c16                 -1.84542        1.0000000E+00        0.0000000E+00
hkr24c17                 -23.2322        1.0000000E+00        0.0000000E+00
hkr24c18                  2.22196        1.0000000E+00        0.0000000E+00
hkr24c19                 -16.4929        1.0000000E+00        0.0000000E+00
hkr25c00                  10.4206        1.0000000E+00        0.0000000E+00
hkr25c01                  3.69457        1.0000000E+00        0.0000000E+00
hkr25c02                 -2.82783        1.0000000E+00        0.0000000E+00
hkr25c03                 -11.8399        1.0000000E+00        0.0000000E+00
hkr25c04                 -6.76936        1.0000000E+00        0.0000000E+00
hkr25c05                   26.901        1.0000000E+00        0.0000000E+00
hkr25c06                  16.9103        1.0000000E+00        0.0000000E+00
hkr25c07                 -28.7217        1.0000000E+00        0.0000000E+00
hkr25c08                 -4.07477        1.0000000E+00        0.0000000E+00
hkr25c09                  4.40611        1.0000000E+00        0.0000000E+00
hkr25c10                  23.7611        1.0000000E+00        0.0000000E+00
hkr25c11                  16.0944        1.0000000E+00        0.0000000E+00
hkr25c12                  18.0373        1.0000000E+00        0.0000000E+00
hkr25c13                   1.3725        1.0000000E+00        0.0000000E+00
hkr25c14                  9.42441        1.0000000E+00        0.0000000E+00
hkr25c15                  20.2211        1.0000000E+00        0.0000000E+00
hkr25c16                 -5.25349        1.0000000E+00        0.0000000E+00
hkr25c17                  16.3177        1.0000000E+00        0.0000000E+00
hkr25c18                  1.54572        1.0000000E+00        0.0000000E+00
hkr25c19                 -11.7388        1.0000000E+00        0.0000000E+00
hkr26c00                  34.5841        1.0000000E+00        0.0000000E+00
hkr26c01                 -7.61633        1.0000000E+00        0.0000000E+00
hkr26c02                  11.1679        1.0000000E+00        0.0000000E+00
hkr26c03                  24.7045        1.0000000E+00        0.0000000E+00
hkr26c04                  13.6468        1.0000000E+00        0.0000000E+00
hkr26c05               -0.0973494        1.0000000E+00        0.0000000E+00
hkr26c06                  30.6355        1.0000000E+00        0.0000000E+00
hkr26c07                  24.9665        1.0000000E+00        0.0000000E+00
hkr26c08                  20.3067        1.0000000E+00        0.0000000E+00
hkr26c09                 -9.25538        1.0000000E+00        0.0000000E+00
hkr26c10                 -10.1147        1.0000000E+00        0.0000000E+00
hkr26c11                  25.6152        1.0000000E+00        0.0000000E+00
hkr26c12                 -10.4265        1.0000000E+00        0.0000000E+00
hkr26c13                  0.31092        1.0000000E+00        0.0000000E+00
hkr26c14                  9.84075        1.0000000E+00        0.0000000E+00
hkr26c15                  16.0126        1.0000000E+00        0.0000000E+00
hkr26c16                  6.49259        1.0000000E+00        0.0000000E+00
hkr26c17                  8.95803        1.0000000E+00        0.0000000E+00
hkr26c18                  29.9388        1.0000000E+00        0.0000000E+00
hkr26c19                   34.039        1.0000000E+00        0.0000000E+00
hkr27c00                  17.5323        1.0000000E+00        0.0000000E+00
hkr27c01                  7.47485        1.0000000E+00        0.0000000E+00
hkr27c02                 -1.91936        1.0000000E+00        0.0000000E+00
hkr27c03                  23.5238        1.0000000E+00        0.0000000E+00
hkr27c04                 -17.9548        1.0000000E+00        0.0000000E+00
hkr27c05                 -13.6119        1.0000000E+00        0.0000000E+00
hkr27c06                 -15.6837        1.0000000E+00        0.0000000E+00
hkr27c07                  9.32152        1.0000000E+00        0.0000000E+00
hkr27c08                  15.1759        1.0000000E+00        0.0000000E+00
hkr27c09                  8.19941        1.0000000E+00        0.0000000E+00
hkr27c10                  31.5887        1.0000000E+00        0.0000000E+00
hkr27c11                 -6.92233        1.0000000E+00        0.0000000E+00
hkr27c12                 -10.4969        1.0000000E+00        0.0000000E+00
hkr27c13                 -0.87433        1.0000000E+00        0.0000000E+00
hkr27c14                 -16.6593        1.0000000E+00        0.0000000E+00
hkr27c15                  23.3223        1.0000000E+00        0.0000000E+00
hkr27c16                  8.35432        1.0000000E+00        0.0000000E+00
hkr27c17                  12.3637        1.0000000E+00        0.0000000E+00
hkr27c18                  1.87788        1.0000000E+00        0.0000000E+00
hkr27c19                  25.0062        1.0000000E+00        0.0000000E+00
hkr28c00                 -6.02501        1.0000000E+00        0.0000000E+00
hkr28c01                  21.5341        1.0000000E+00        0.0000000E+00
hkr28c02                 -6.66093        1.0000000E+00        0.0000000E+00
hkr28c03                -0.614441        1.0000000E+00        0.0000000E+00
hkr28c04                 -17.9937        1.0000000E+00        0.0000000E+00
hkr28c05                  1.72931        1.0000000E+00        0.0000000E+00
hkr28c06                  11.7411        1.0000000E+00        0.0000000E+00
hkr28c07                   10.692        1.0000000E+00        0.0000000E+00
hkr28c08                  9.92613        1.0000000E+00        0.0000000E+00
hkr28c09                 -6.87178        1.0000000E+00        0.0000000E+00
hkr28c10                  16.2877        1.0000000E+00        0.0000000E+00
hkr28c11                  21.8031        1.0000000E+00        0.0000000E+00
hkr28c12                  23.8576        1.0000000E+00        0.0000000E+00
hkr28c13                 -8.22151        1.0000000E+00        0.0000000E+00
hkr28c14                   17.561        1.0000000E+00        0.0000000E+00
hkr28c15                  -21.447        1.0000000E+00        0.0000000E+00
hkr28c16                  26.8713        1.0000000E+00        0.0000000E+00
hkr28c17                   2.3141        1.0000000E+00        0.0000000E+00
hkr28c18                  20.2065        1.0000000E+00        0.0000000E+00
hkr28c19                  24.3893        1.0000000E+00        0.0000000E+00
hkr29c00                 -11.6978        1.0000000E+00        0.0000000E+00
hkr29c01                  37.0727        1.0000000E+00        0.0000000E+00
hkr29c02                -0.519677        1.0000000E+00        0.0000000E+00
hkr29c03                  31.1672        1.0000000E+00        0.0000000E+00
hkr29c04                 -11.3008        1.0000000E+00        0.0000000E+00
hkr29c05                  11.3156        1.0000000E+00        0.0000000E+00
hkr29c06                 0.534442        1.0000000E+00        0.0000000E+00
hkr29c07                   44.555        1.0000000E+00        0.0000000E+00
hkr29c08                  29.9521        1.0000000E+00        0.0000000E+00
hkr29c09                  27.8579        1.0000000E+00        0.0000000E+00
hkr29c10                 -9.31218        1.0000000E+00        0.0000000E+00
hkr29c11                 -20.5323        1.0000000E+00        0.0000000E+00
hkr29c12                  9.90487        1.0000000E+00        0.0000000E+00
hkr29c13                  1.08284        1.0000000E+00        0.0000000E+00
hkr29c14                  25.1305        1.0000000E+00        0.0000000E+00
hkr29c15                   27.078        1.0000000E+00        0.0000000E+00
hkr29c16                 -25.9967        1.0000000E+00        0.0000000E+00
hkr29c17                  10.7855        1.0000000E+00        0.0000000E+00
hkr29c18                 -3.51229        1.0000000E+00        0.0000000E+00
hkr29c19                  2.54602        1.0000000E+00        0.0000000E+00
hkr30c00                  6.30121        1.0000000E+00        0.0000000E+00
hkr30c01                  18.2531        1.0000000E+00        0.0000000E+00
hkr30c02                   3.6487        1.0000000E+00        0.0000000E+00
hkr30c03                 -5.13253        1.0000000E+00        0.0000000E+00
hkr30c04                 -6.01539        1.0000000E+00        0.0000000E+00
hkr30c05                   11.931        1.0000000E+00        0.0000000E+00
hkr30c06                  22.8114        1.0000000E+00        0.0000000E+00
hkr30c07                -0.479514        1.0000000E+00        0.0000000E+00
hkr30c08                  13.7173        1.0000000E+00        0.0000000E+00
hkr30c09                 -5.60788        1.0000000E+00        0.0000000E+00
hkr30c10                  5.41768        1.0000000E+00        0.0000000E+00
hkr30c11                -0.345728        1.0000000E+00        0.0000000E+00
hkr30c12                  33.3949        1.0000000E+00        0.0000000E+00
hkr30c13                 -19.3403        1.0000000E+00        0.0000000E+00
hkr30c14                  5.51428        1.0000000E+00        0.0000000E+00
hkr30c15                   5.4795        1.0000000E+00        0.0000000E+00
hkr30c16                  13.9483        1.0000000E+00        0.0000000E+00
hkr30c17                  18.7965        1.0000000E+00        0.0000000E+00
hkr30c18                  10.9397        1.0000000E+00        0.0000000E+00
hkr30c19                 -9.90906        1.0000000E+00        0.0000000E+00
hkr31c00                 -9.72194        1.0000000E+00        0.0000000E+00
hkr31c01                  16.2501        1.0000000E+00        0.0000000E+00
hkr31c02                 -10.2271        1.0000000E+00        0.0000000E+00
hkr31c03                  40.4217        1.0000000E+00        0.0000000E+00
hkr31c04                 -6.78907        1.0000000E+00        0.0000000E+00
hkr31c05                  15.1701        1.0000000E+00        0.0000000E+00
hkr31c06                 -2.85611        1.0000000E+00        0.0000000E+00
hkr31c07                  22.3909        1.0000000E+00        0.0000000E+00
hkr31c08                   12.469        1.0000000E+00        0.0000000E+00
hkr31c09                  15.7901        1.0000000E+00        0.0000000E+00
hkr31c10                  21.9407        1.0000000E+00        0.0000000E+00
hkr31c11                 -29.1301        1.0000000E+00        0.0000000E+00
hkr31c12                  15.1143        1.0000000E+00        0.0000000E+00
hkr31c13                 -2.96368        1.0000000E+00        0.0000000E+00
hkr31c14                  18.6615        1.0000000E+00        0.0000000E+00
hkr31c15                   5.8051        1.0000000E+00        0.0000000E+00
hkr31c16                 -19.3173        1.0000000E+00        0.0000000E+00
hkr31c17                 -13.9401        1.0000000E+00        0.0000000E+00
hkr31c18                 -23.7188        1.0000000E+00        0.0000000E+00
hkr31c19                  3.13235        1.0000000E+00        0.0000000E+00
hkr32c01                 0.557363        1.0000000E+00        0.0000000E+00
hkr32c02                  -27.954        1.0000000E+00        0.0000000E+00
hkr32c03                 -1.66345        1.0000000E+00        0.0000000E+00
hkr32c04                 -5.94944        1.0000000E+00        0.0000000E+00
hkr32c05                 -3.31168        1.0000000E+00        0.0000000E+00
hkr32c06                 -3.03915        1.0000000E+00        0.0000000E+00
hkr32c07                  4.15125        1.0000000E+00        0.0000000E+00
hkr32c08                  18.5895        1.0000000E+00        0.0000000E+00
hkr32c09                  23.9329        1.0000000E+00        0.0000000E+00
hkr32c10                  1.35138        1.0000000E+00        0.0000000E+00
hkr32c11                 -1.82796        1.0000000E+00        0.0000000E+00
hkr32c12                  34.3892        1.0000000E+00        0.0000000E+00
hkr32c13                  15.5642        1.0000000E+00        0.0000000E+00
hkr32c14                  4.40144        1.0000000E+00        0.0000000E+00
hkr32c15                  29.9565        1.0000000E+00        0.0000000E+00
hkr32c16                  16.9261        1.0000000E+00        0.0000000E+00
hkr32c17                 -6.36367        1.0000000E+00        0.0000000E+00
hkr32c18                  11.7268        1.0000000E+00        0.0000000E+00
hkr32c19                  18.8802        1.0000000E+00        0.0000000E+00
hkr33c02                  5.78071        1.0000000E+00        0.0000000E+00
hkr33c03                  8.39475        1.0000000E+00        0.0000000E+00
hkr33c04                  10.4541        1.0000000E+00        0.0000000E+00
hkr33c05                 -2.75097        1.0000000E+00        0.0000000E+00
hkr33c06                 -7.09539        1.0000000E+00        0.0000000E+00
hkr33c07                 -7.13075        1.0000000E+00        0.0000000E+00
hkr33c08                  -13.349        1.0000000E+00        0.0000000E+00
hkr33c09                  12.3166        1.0000000E+00        0.0000000E+00
hkr33c10                 -12.9335        1.0000000E+00        0.0000000E+00
hkr33c11                  25.3331        1.0000000E+00        0.0000000E+00
hkr33c12                  10.8894        1.0000000E+00        0.0000000E+00
hkr33c13                   15.076        1.0000000E+00        0.0000000E+00
hkr33c14                  -11.776        1.0000000E+00        0.0000000E+00
hkr33c15                  12.6959        1.0000000E+00        0.0000000E+00
hkr33c16                  40.9605        1.0000000E+00        0.0000000E+00
hkr33c17                -0.481304        1.0000000E+00        0.0000000E+00
hkr33c18                 0.817079        1.0000000E+00        0.0000000E+00
hkr33c19                  11.2218        1.0000000E+00        0.0000000E+00
hkr34c03                  20.7154        1.0000000E+00        0.0000000E+00
hkr34c04                   7.8304        1.0000000E+00        0.0000000E+00
hkr34c05                  21.1565        1.0000000E+00        0.0000000E+00
hkr34c06                 -13.6411        1.0000000E+00        0.0000000E+00
hkr34c07                  13.9356        1.0000000E+00        0.0000000E+00
hkr34c08                 -6.97896        1.0000000E+00        0.0000000E+00
hkr34c09                   8.2939        1.0000000E+00        0.0000000E+00
hkr34c10                  30.3215        1.0000000E+00        0.0000000E+00
hkr34c11                    15.06        1.0000000E+00        0.0000000E+00
hkr34c12                  14.2712        1.0000000E+00        0.0000000E+00
hkr34c13                 -5.39183        1.0000000E+00        0.0000000E+00
hkr34c14                    16.89        1.0000000E+00        0.0000000E+00
hkr34c15                 -8.19889        1.0000000E+00        0.0000000E+00
hkr34c16                 -6.38478        1.0000000E+00        0.0000000E+00
hkr34c17                  6.79064        1.0000000E+00        0.0000000E+00
hkr34c18                  13.4938        1.0000000E+00        0.0000000E+00
hkr34c19                  12.4324        1.0000000E+00        0.0000000E+00
hkr35c04                   21.962        1.0000000E+00        0.0000000E+00
hkr35c05                  3.26665        1.0000000E+00        0.0000000E+00
hkr35c06                  15.8391        1.0000000E+00        0.0000000E+00
hkr35c07                -0.272955        1.0000000E+00        0.0000000E+00
hkr35c08                 -16.1241        1.0000000E+00        0.0000000E+00
hkr35c09                  14.3127        1.0000000E+00        0.0000000E+00
hkr35c10                  24.5809        1.0000000E+00        0.0000000E+00
hkr35c11                 -3.09789        1.0000000E+00        0.0000000E+00
hkr35c12                  10.4281        1.0000000E+00        0.0000000E+00
hkr35c13                  18.3754        1.0000000E+00        0.0000000E+00
hkr35c14                 -1.73831        1.0000000E+00        0.0000000E+00
hkr35c15                 -18.4126        1.0000000E+00        0.0000000E+00
hkr35c16                 0.505073        1.0000000E+00        0.0000000E+00
hkr35c17                 -8.93648        1.0000000E+00        0.0000000E+00
hkr35c18                 -3.99815        1.0000000E+00        0.0000000E+00
hkr36c04                 -6.19649        1.0000000E+00        0.0000000E+00
hkr36c05                  17.2995        1.0000000E+00        0.0000000E+00
hkr36c06                  19.7379        1.0000000E+00        0.0000000E+00
hkr36c07                  34.0303        1.0000000E+00        0.0000000E+00
hkr36c08                  19.8975        1.0000000E+00        0.0000000E+00
hkr36c09                 -33.1417        1.0000000E+00        0.0000000E+00
hkr36c10                  30.8497        1.0000000E+00        0.0000000E+00
hkr36c11                  18.1515        1.0000000E+00        0.0000000E+00
hkr36c12                  21.0744        1.0000000E+00        0.0000000E+00
hkr36c13                 -10.1814        1.0000000E+00        0.0000000E+00
hkr36c14                  4.77293        1.0000000E+00        0.0000000E+00
hkr36c15                 -9.95411        1.0000000E+00        0.0000000E+00
hkr36c16                 -7.33892        1.0000000E+00        0.0000000E+00
hkr36c17                 -10.2685        1.0000000E+00        0.0000000E+00
hkr36c18                 -6.86331        1.0000000E+00        0.0000000E+00
hkr37c05                  15.0971        1.0000000E+00        0.0000000E+00
hkr37c06                  6.38207        1.0000000E+00        0.0000000E+00
hkr37c07                 -13.7053        1.0000000E+00        0.0000000E+00
hkr37c08                 -32.0617        1.0000000E+00        0.0000000E+00
hkr37c09                   13.865        1.0000000E+00        0.0000000E+00
hkr37c10               -0.0357921        1.0000000E+00        0.0000000E+00
hkr37c11                   11.293        1.0000000E+00        0.0000000E+00
hkr37c12                  39.3145        1.0000000E+00        0.0000000E+00
hkr37c13                  6.12927        1.0000000E+00        0.0000000E+00
hkr37c14                  20.4964        1.0000000E+00        0.0000000E+00
hkr37c15                  18.6654        1.0000000E+00        0.0000000E+00
hkr37c16                  10.0136        1.0000000E+00        0.0000000E+00
hkr37c17                  20.5234        1.0000000E+00        0.0000000E+00
hkr38c05                -0.599123        1.0000000E+00        0.0000000E+00
hkr38c06                  2.71023        1.0000000E+00        0.0000000E+00
hkr38c07                 -14.2867        1.0000000E+00        0.0000000E+00
hkr38c08                  31.7854        1.0000000E+00        0.0000000E+00
hkr38c09                 -16.8764        1.0000000E+00        0.0000000E+00
hkr38c10                  8.52774        1.0000000E+00        0.0000000E+00
hkr38c11                 -19.7357        1.0000000E+00        0.0000000E+00
hkr38c12                  6.54651        1.0000000E+00        0.0000000E+00
hkr38c13                  13.7021        1.0000000E+00        0.0000000E+00
hkr38c14                 0.191768        1.0000000E+00        0.0000000E+00
hkr38c15                  4.25358        1.0000000E+00        0.0000000E+00
hkr38c16                 -19.1715        1.0000000E+00        0.0000000E+00
hkr39c05                 -5.11663        1.0000000E+00        0.0000000E+00
hkr39c06                  19.0216        1.0000000E+00        0.0000000E+00
hkr39c07                  1.05688        1.0000000E+00        0.0000000E+00
hkr39c08                 -5.34462        1.0000000E+00        0.0000000E+00
hkr39c09                  7.06625        1.0000000E+00        0.0000000E+00
hkr39c10                  13.4136        1.0000000E+00        0.0000000E+00
hkr39c11                   -5.021        1.0000000E+00        0.0000000E+00
hkr39c12                  4.17876        1.0000000E+00        0.0000000E+00
hkr39c13                 -8.36794        1.0000000E+00        0.0000000E+00
hkr39c14                  40.6987        1.0000000E+00        0.0000000E+00
