single point
rch_1                     0.96281        1.0000000E+00        0.0000000E+00
rch_2                    0.838924        1.0000000E+00        0.0000000E+00
rcond00                   886.082        1.0000000E+00        0.0000000E+00
rcond01                   15376.2        1.0000000E+00        0.0000000E+00
rcond02                  -4440.91        1.0000000E+00        0.0000000E+00
rcond03                  -9880.21        1.0000000E+00        0.0000000E+00
rcond04                  -5182.39        1.0000000E+00        0.0000000E+00
rcond05                  -3029.31        1.0000000E+00        0.0000000E+00
rcond06                   1846.25        1.0000000E+00        0.0000000E+00
rcond07                   20670.4        1.0000000E+00        0.0000000E+00
rcond08                   12929.5        1.0000000E+00        0.0000000E+00
rcond09                   3487.95        1.0000000E+00        0.0000000E+00
rcond10                  -17743.2        1.0000000E+00        0.0000000E+00
rcond11                   18138.7        1.0000000E+00        0.0000000E+00
rcond12                   6299.37        1.0000000E+00        0.0000000E+00
rcond13                  -2779.56        1.0000000E+00        0.0000000E+00
rcond14                   6615.47        1.0000000E+00        0.0000000E+00
rcond15                   16609.8        1.0000000E+00        0.0000000E+00
rcond16                   12299.3        1.0000000E+00        0.0000000E+00
rcond17                  -12934.4        1.0000000E+00        0.0000000E+00
rcond18                   22993.1        1.0000000E+00        0.0000000E+00
rcond19                   10399.5        1.0000000E+00        0.0000000E+00
rcond20                    -11563        1.0000000E+00        0.0000000E+00
rcond21                   6741.26        1.0000000E+00        0.0000000E+00
rcond22                  -1412.68        1.0000000E+00        0.0000000E+00
rcond23                     21115        1.0000000E+00        0.0000000E+00
rcond24                  -18069.5        1.0000000E+00        0.0000000E+00
rcond25                    -11534        1.0000000E+00        0.0000000E+00
rcond26                   7687.17        1.0000000E+00        0.0000000E+00
rcond27                  -330.727        1.0000000E+00        0.0000000E+00
rcond28                   7414.69        1.0000000E+00        0.0000000E+00
rcond29                   11306.1        1.0000000E+00        0.0000000E+00
rcond30                   9345.92        1.0000000E+00        0.0000000E+00
rcond31                   2276.02        1.0000000E+00        0.0000000E+00
rcond32                   1481.42        1.0000000E+00        0.0000000E+00
rcond33                   25583.1        1.0000000E+00        0.0000000E+00
rcond34                   2390.06        1.0000000E+00        0.0000000E+00
rcond35                   19295.8        1.0000000E+00        0.0000000E+00
rcond36                   19561.8        1.0000000E+00        0.0000000E+00
rcond37                  -13344.7        1.0000000E+00        0.0000000E+00
rcond38                   8309.56        1.0000000E+00        0.0000000E+00
rcond39                   -1010.4        1.0000000E+00        0.0000000E+00
ss                    0.000104444        1.0000000E+00        0.0000000E+00
sy                     0.00831636        1.0000000E+00        0.0000000E+00
wf1_1                     709.347        1.0000000E+00        0.0000000E+00
wf2_1                     356.176        1.0000000E+00        0.0000000E+00
wf3_1                     336.442        1.0000000E+00        0.0000000E+00
wf4_1                     75.7063        1.0000000E+00        0.0000000E+00
wf5_1                     62.8268        1.0000000E+00        0.0000000E+00
wf6_1                     359.591        1.0000000E+00        0.0000000E+00
wf1_2                     1201.27        1.0000000E+00        0.0000000E+00
wf2_2                     306.948        1.0000000E+00        0.0000000E+00
wf3_2                     463.635        1.0000000E+00        0.0000000E+00
wf4_2                     87.5798        1.0000000E+00        0.0000000E+00
wf5_2                     112.833        1.0000000E+00        0.0000000E+00
wf6_2                     271.104        1.0000000E+00        0.0000000E+00
hkr00c00                  1.05582        1.0000000E+00        0.0000000E+00
hkr00c01                 -13.4036        1.0000000E+00        0.0000000E+00
hkr00c02                 -10.7218        1.0000000E+00        0.0000000E+00
hkr00c03                  9.77436        1.0000000E+00        0.0000000E+00
hkr00c04                 -1.08786        1.0000000E+00        0.0000000E+00
hkr00c05                  22.3573        1.0000000E+00        0.0000000E+00
hkr00c06                  6.30458        1.0000000E+00        0.0000000E+00
hkr00c07                  7.34125        1.0000000E+00        0.0000000E+00
hkr00c08                 -3.05924        1.0000000E+00        0.0000000E+00
hkr00c09                  17.1989        1.0000000E+00        0.0000000E+00
hkr00c10                  2.34029        1.0000000E+00        0.0000000E+00
hkr00c11                  4.79895        1.0000000E+00        0.0000000E+00
hkr00c12                 0.952722        1.0000000E+00        0.0000000E+00
hkr00c13                  20.9006        1.0000000E+00        0.0000000E+00
hkr00c14                  31.7855        1.0000000E+00        0.0000000E+00
hkr00c15                    29.88        1.0000000E+00        0.0000000E+00
hkr00c16                  8.55215        1.0000000E+00        0.0000000E+00
hkr00c17                 -15.5623        1.0000000E+00        0.0000000E+00
hkr00c18                 -21.7665        1.0000000E+00        0.0000000E+00
hkr00c19                  16.3154        1.0000000E+00        0.0000000E+00
hkr01c00                 -11.1728        1.0000000E+00        0.0000000E+00
hkr01c01                  28.2005        1.0000000E+00        0.0000000E+00
hkr01c02                  7.90245        1.0000000E+00        0.0000000E+00
hkr01c03                  22.7227        1.0000000E+00        0.0000000E+00
hkr01c04                 -2.35077        1.0000000E+00        0.0000000E+00
hkr01c05                  28.6525        1.0000000E+00        0.0000000E+00
hkr01c06                 -18.5148        1.0000000E+00        0.0000000E+00
hkr01c07                  10.9053        1.0000000E+00        0.0000000E+00
hkr01c08                 -4.55227        1.0000000E+00        0.0000000E+00
hkr01c09                  15.1878        1.0000000E+00        0.0000000E+00
hkr01c10                  19.4888        1.0000000E+00        0.0000000E+00
hkr01c11                  10.0978        1.0000000E+00        0.0000000E+00
hkr01c12                 -17.8439        1.0000000E+00        0.0000000E+00
hkr01c13                  10.5435        1.0000000E+00        0.0000000E+00
hkr01c14                  5.94837        1.0000000E+00        0.0000000E+00
hkr01c15                 -1.92804        1.0000000E+00        0.0000000E+00
hkr01c16                0.0631932        1.0000000E+00        0.0000000E+00
hkr01c17                  34.8212        1.0000000E+00        0.0000000E+00
hkr01c18                 -4.94945        1.0000000E+00        0.0000000E+00
hkr01c19                  10.6708        1.0000000E+00        0.0000000E+00
hkr02c00                   22.514        1.0000000E+00        0.0000000E+00
hkr02c01                  17.2272        1.0000000E+00        0.0000000E+00
hkr02c02                  7.25441        1.0000000E+00        0.0000000E+00
hkr02c03                  17.4605        1.0000000E+00        0.0000000E+00
hkr02c04                  17.3356        1.0000000E+00        0.0000000E+00
hkr02c05                 -15.6466        1.0000000E+00        0.0000000E+00
hkr02c06                  34.0757        1.0000000E+00        0.0000000E+00
hkr02c07                  1.70932        1.0000000E+00        0.0000000E+00
hkr02c08                  7.47533        1.0000000E+00        0.0000000E+00
hkr02c09                  14.3081        1.0000000E+00        0.0000000E+00
hkr02c10                  1.72651        1.0000000E+00        0.0000000E+00
hkr02c11                  9.31324        1.0000000E+00        0.0000000E+00
hkr02c12                 -6.91251        1.0000000E+00        0.0000000E+00
hkr02c13                  25.9135        1.0000000E+00        0.0000000E+00
hkr02c14                  34.4292        1.0000000E+00        0.0000000E+00
hkr02c15                 -14.3979        1.0000000E+00        0.0000000E+00
hkr02c16                  -15.973        1.0000000E+00        0.0000000E+00
hkr02c17                 -12.8129        1.0000000E+00        0.0000000E+00
hkr02c18                  10.6042        1.0000000E+00        0.0000000E+00
hkr02c19                  22.1914        1.0000000E+00        0.0000000E+00
hkr03c00                  8.94216        1.0000000E+00        0.0000000E+00
hkr03c01                   8.8267        1.0000000E+00        0.0000000E+00
hkr03c02                  -3.5553        1.0000000E+00        0.0000000E+00
hkr03c03                 -9.07518        1.0000000E+00        0.0000000E+00
hkr03c04                 -18.5468        1.0000000E+00        0.0000000E+00
hkr03c05                  15.6362        1.0000000E+00        0.0000000E+00
hkr03c06                  21.4079        1.0000000E+00        0.0000000E+00
hkr03c07                 -16.7419        1.0000000E+00        0.0000000E+00
hkr03c08                  24.7509        1.0000000E+00        0.0000000E+00
hkr03c09                 -4.96884        1.0000000E+00        0.0000000E+00
hkr03c10                  8.41511        1.0000000E+00        0.0000000E+00
hkr03c11                 -11.6026        1.0000000E+00        0.0000000E+00
hkr03c12                  -31.876        1.0000000E+00        0.0000000E+00
hkr03c13                  5.31107        1.0000000E+00        0.0000000E+00
hkr03c14                 -17.1699        1.0000000E+00        0.0000000E+00
hkr03c15                  3.99549        1.0000000E+00        0.0000000E+00
hkr03c16                -0.202793        1.0000000E+00        0.0000000E+00
hkr03c17                  7.28164        1.0000000E+00        0.0000000E+00
hkr03c18                  18.3927        1.0000000E+00        0.0000000E+00
hkr03c19                  19.6405        1.0000000E+00        0.0000000E+00
hkr04c00                  -3.9481        1.0000000E+00        0.0000000E+00
hkr04c01                  6.89901        1.0000000E+00        0.0000000E+00
hkr04c02                  4.90709        1.0000000E+00        0.0000000E+00
hkr04c03                  16.6485        1.0000000E+00        0.0000000E+00
hkr04c04                 -14.2233        1.0000000E+00        0.0000000E+00
hkr04c05                  6.91226        1.0000000E+00        0.0000000E+00
hkr04c06                  14.4985        1.0000000E+00        0.0000000E+00
hkr04c07                  6.59379        1.0000000E+00        0.0000000E+00
hkr04c08                 -9.92989        1.0000000E+00        0.0000000E+00
hkr04c09                 -39.9429        1.0000000E+00        0.0000000E+00
hkr04c10                 -6.97986        1.0000000E+00        0.0000000E+00
hkr04c11                  10.3137        1.0000000E+00        0.0000000E+00
hkr04c12                 -6.39581        1.0000000E+00        0.0000000E+00
hkr04c13                  7.18721        1.0000000E+00        0.0000000E+00
hkr04c14                 -6.53827        1.0000000E+00        0.0000000E+00
hkr04c15                  2.85468        1.0000000E+00        0.0000000E+00
hkr04c16                  21.3124        1.0000000E+00        0.0000000E+00
hkr04c17                 -6.22291        1.0000000E+00        0.0000000E+00
hkr04c18                  5.98878        1.0000000E+00        0.0000000E+00
hkr04c19                  9.16946        1.0000000E+00        0.0000000E+00
hkr05c00                  17.1838        1.0000000E+00        0.0000000E+00
hkr05c01                  23.6462        1.0000000E+00        0.0000000E+00
hkr05c02                  8.37688        1.0000000E+00        0.0000000E+00
hkr05c03                  -5.4679        1.0000000E+00        0.0000000E+00
hkr05c04                 -25.5408        1.0000000E+00        0.0000000E+00
hkr05c05                  25.8202        1.0000000E+00        0.0000000E+00
hkr05c06                  6.22329        1.0000000E+00        0.0000000E+00
hkr05c07                 -5.50046        1.0000000E+00        0.0000000E+00
hkr05c08                  17.0772        1.0000000E+00        0.0000000E+00
hkr05c09                  33.8925        1.0000000E+00        0.0000000E+00
hkr05c10                -0.220746        1.0000000E+00        0.0000000E+00
hkr05c11                 -27.1247        1.0000000E+00        0.0000000E+00
hkr05c12                  10.2923        1.0000000E+00        0.0000000E+00
hkr05c13                 -32.3012        1.0000000E+00        0.0000000E+00
hkr05c14                  13.9261        1.0000000E+00        0.0000000E+00
hkr05c15                  13.6783        1.0000000E+00        0.0000000E+00
hkr05c16                   15.825        1.0000000E+00        0.0000000E+00
hkr05c17                  12.8504        1.0000000E+00        0.0000000E+00
hkr05c18                  1.87476        1.0000000E+00        0.0000000E+00
hkr05c19                 -9.76941        1.0000000E+00        0.0000000E+00
hkr06c00                 -17.6008        1.0000000E+00        0.0000000E+00
hkr06c01                  4.56502        1.0000000E+00        0.0000000E+00
hkr06c02                 -6.38042        1.0000000E+00        0.0000000E+00
hkr06c03                 -16.9574        1.0000000E+00        0.0000000E+00
hkr06c04                   6.0682        1.0000000E+00        0.0000000E+00
hkr06c05                  17.1209        1.0000000E+00        0.0000000E+00
hkr06c06                  14.2257        1.0000000E+00        0.0000000E+00
hkr06c07                  1.12781        1.0000000E+00        0.0000000E+00
hkr06c08                  -7.2419        1.0000000E+00        0.0000000E+00
hkr06c09                   7.8438        1.0000000E+00        0.0000000E+00
hkr06c10                 -20.7345        1.0000000E+00        0.0000000E+00
hkr06c11                 -11.1182        1.0000000E+00        0.0000000E+00
hkr06c12                 -27.1251        1.0000000E+00        0.0000000E+00
hkr06c13                  10.0358        1.0000000E+00        0.0000000E+00
hkr06c14                  21.3104        1.0000000E+00        0.0000000E+00
hkr06c15                  9.05267        1.0000000E+00        0.0000000E+00
hkr06c16                 -16.7378        1.0000000E+00        0.0000000E+00
hkr06c17                  25.4335        1.0000000E+00        0.0000000E+00
hkr06c18                  16.2288        1.0000000E+00        0.0000000E+00
hkr06c19                  12.5332        1.0000000E+00        0.0000000E+00
hkr07c00                  13.3142        1.0000000E+00        0.0000000E+00
hkr07c01                  13.9369        1.0000000E+00        0.0000000E+00
hkr07c02                 -8.19166        1.0000000E+00        0.0000000E+00
hkr07c03                  17.4889        1.0000000E+00        0.0000000E+00
hkr07c04                  9.95134        1.0000000E+00        0.0000000E+00
hkr07c05                 -3.15761        1.0000000E+00        0.0000000E+00
hkr07c06                  9.57864        1.0000000E+00        0.0000000E+00
hkr07c07                  41.4514        1.0000000E+00        0.0000000E+00
hkr07c08                  18.5433        1.0000000E+00        0.0000000E+00
hkr07c09                  10.3244        1.0000000E+00        0.0000000E+00
hkr07c10                  30.6966        1.0000000E+00        0.0000000E+00
hkr07c11                 -3.89353        1.0000000E+00        0.0000000E+00
hkr07c12                   10.664        1.0000000E+00        0.0000000E+00
hkr07c13                 0.888079        1.0000000E+00        0.0000000E+00
hkr07c14                 -8.04108        1.0000000E+00        0.0000000E+00
hkr07c15                 -3.41888        1.0000000E+00        0.0000000E+00
hkr07c16                   9.8594        1.0000000E+00        0.0000000E+00
hkr07c17                  19.5544        1.0000000E+00        0.0000000E+00
hkr07c18                -0.163333        1.0000000E+00        0.0000000E+00
hkr07c19                 -14.5182        1.0000000E+00        0.0000000E+00
hkr08c00                -0.948588        1.0000000E+00        0.0000000E+00
hkr08c01                  5.22144        1.0000000E+00        0.0000000E+00
hkr08c02                 -5.89141        1.0000000E+00        0.0000000E+00
hkr08c03                  17.4111        1.0000000E+00        0.0000000E+00
hkr08c07                   33.768        1.0000000E+00        0.0000000E+00
hkr08c08                  2.21745        1.0000000E+00        0.0000000E+00
hkr08c09                 -2.12854        1.0000000E+00        0.0000000E+00
hkr08c10                 -1.51125        1.0000000E+00        0.0000000E+00
hkr08c11                 -21.0082        1.0000000E+00        0.0000000E+00
hkr08c12                  7.80278        1.0000000E+00        0.0000000E+00
hkr08c13                  1.48419        1.0000000E+00        0.0000000E+00
hkr08c14                  10.7175        1.0000000E+00        0.0000000E+00
hkr08c15                 -15.4426        1.0000000E+00        0.0000000E+00
hkr08c16                  26.4387        1.0000000E+00        0.0000000E+00
hkr08c17                  10.7119        1.0000000E+00        0.0000000E+00
hkr08c18                  5.90809        1.0000000E+00        0.0000000E+00
hkr08c19                   5.8039        1.0000000E+00        0.0000000E+00
hkr09c00                  16.5793        1.0000000E+00        0.0000000E+00
hkr09c01                  6.00766        1.0000000E+00        0.0000000E+00
hkr09c02                  14.6053        1.0000000E+00        0.0000000E+00
hkr09c03                  18.3977        1.0000000E+00        0.0000000E+00
hkr09c08                  18.0715        1.0000000E+00        0.0000000E+00
hkr09c09                  20.4223        1.0000000E+00        0.0000000E+00
hkr09c10                  1.15626        1.0000000E+00        0.0000000E+00
hkr09c11                 -5.26694        1.0000000E+00        0.0000000E+00
hkr09c12                -0.754261        1.0000000E+00        0.0000000E+00
hkr09c13                  32.4084        1.0000000E+00        0.0000000E+00
hkr09c14                   21.875        1.0000000E+00        0.0000000E+00
hkr09c15                  3.48687        1.0000000E+00        0.0000000E+00
hkr09c16                  8.55466        1.0000000E+00        0.0000000E+00
hkr09c17                 -18.2478        1.0000000E+00        0.0000000E+00
hkr09c18                 -18.3863        1.0000000E+00        0.0000000E+00
hkr09c19               -0.0457681        1.0000000E+00        0.0000000E+00
hkr10c00                  21.2871        1.0000000E+00        0.0000000E+00
hkr10c01                  4.18033        1.0000000E+00        0.0000000E+00
hkr10c02                  29.2812        1.0000000E+00        0.0000000E+00
hkr10c03                 -2.21869        1.0000000E+00        0.0000000E+00
hkr10c08                 -14.1883        1.0000000E+00        0.0000000E+00
hkr10c09                  12.4271        1.0000000E+00        0.0000000E+00
hkr10c10                  -6.1559        1.0000000E+00        0.0000000E+00
hkr10c11                  28.5136        1.0000000E+00        0.0000000E+00
hkr10c12                  42.9176        1.0000000E+00        0.0000000E+00
hkr10c13                 -12.0376        1.0000000E+00        0.0000000E+00
hkr10c14                 -14.2505        1.0000000E+00        0.0000000E+00
hkr10c15                  20.9811        1.0000000E+00        0.0000000E+00
hkr10c16                  12.6065        1.0000000E+00        0.0000000E+00
hkr10c17                  8.38646        1.0000000E+00        0.0000000E+00
hkr10c18                 -6.03435        1.0000000E+00        0.0000000E+00
hkr10c19                  -15.093        1.0000000E+00        0.0000000E+00
hkr11c00                  13.0667        1.0000000E+00        0.0000000E+00
hkr11c01                 -17.9848        1.0000000E+00        0.0000000E+00
hkr11c02                  9.34451        1.0000000E+00        0.0000000E+00
hkr11c03                 -3.90918        1.0000000E+00        0.0000000E+00
hkr11c08                  -4.7711        1.0000000E+00        0.0000000E+00
hkr11c09                  23.8748        1.0000000E+00        0.0000000E+00
hkr11c10                  3.22319        1.0000000E+00        0.0000000E+00
hkr11c11                  9.35088        1.0000000E+00        0.0000000E+00
hkr11c12                  3.44514        1.0000000E+00        0.0000000E+00
hkr11c13                  1.32165        1.0000000E+00        0.0000000E+00
hkr11c14                  -3.9873        1.0000000E+00        0.0000000E+00
hkr11c15                  2.07931        1.0000000E+00        0.0000000E+00
hkr11c16                  10.0015        1.0000000E+00        0.0000000E+00
hkr11c17                  28.6739        1.0000000E+00        0.0000000E+00
hkr11c18                  14.7433        1.0000000E+00        0.0000000E+00
hkr11c19                   4.2379        1.0000000E+00        0.0000000E+00
hkr12c00                 -2.53173        1.0000000E+00        0.0000000E+00
hkr12c01                  2.37835        1.0000000E+00        0.0000000E+00
hkr12c02                 0.305226        1.0000000E+00        0.0000000E+00
hkr12c03                 -8.92015        1.0000000E+00        0.0000000E+00
hkr12c08                  1.93061        1.0000000E+00        0.0000000E+00
hkr12c09                 -1.73147        1.0000000E+00        0.0000000E+00
hkr12c10                  20.9096        1.0000000E+00        0.0000000E+00
hkr12c11                  15.3516        1.0000000E+00        0.0000000E+00
hkr12c12                 -7.10984        1.0000000E+00        0.0000000E+00
hkr12c13                  2.51932        1.0000000E+00        0.0000000E+00
hkr12c14                  40.0388        1.0000000E+00        0.0000000E+00
hkr12c15                   26.533        1.0000000E+00        0.0000000E+00
hkr12c16                  5.98883        1.0000000E+00        0.0000000E+00
hkr12c17                 -18.3249        1.0000000E+00        0.0000000E+00
hkr12c18                 -5.71591        1.0000000E+00        0.0000000E+00
hkr12c19                  15.4106        1.0000000E+00        0.0000000E+00
hkr13c00                  33.9595        1.0000000E+00        0.0000000E+00
hkr13c01                 -21.1528        1.0000000E+00        0.0000000E+00
hkr13c02                  7.52142        1.0000000E+00        0.0000000E+00
hkr13c03                  7.10478        1.0000000E+00        0.0000000E+00
hkr13c08                  13.1642        1.0000000E+00        0.0000000E+00
hkr13c09                  -7.7027        1.0000000E+00        0.0000000E+00
hkr13c10                 -1.54942        1.0000000E+00        0.0000000E+00
hkr13c11                  17.8479        1.0000000E+00        0.0000000E+00
hkr13c12                  5.99828        1.0000000E+00        0.0000000E+00
hkr13c13                  18.0309        1.0000000E+00        0.0000000E+00
hkr13c14                  -17.823        1.0000000E+00        0.0000000E+00
hkr13c15                  42.0273        1.0000000E+00        0.0000000E+00
hkr13c16                 -19.6921        1.0000000E+00        0.0000000E+00
hkr13c17                 -1.33117        1.0000000E+00        0.0000000E+00
hkr13c18                  20.1322        1.0000000E+00        0.0000000E+00
hkr13c19                  17.4455        1.0000000E+00        0.0000000E+00
hkr14c00                 0.460247        1.0000000E+00        0.0000000E+00
hkr14c01                  2.56005        1.0000000E+00        0.0000000E+00
hkr14c02                 -4.31478        1.0000000E+00        0.0000000E+00
hkr14c03                  10.3568        1.0000000E+00        0.0000000E+00
hkr14c08                 -11.5412        1.0000000E+00        0.0000000E+00
hkr14c09                 -9.44977        1.0000000E+00        0.0000000E+00
hkr14c10                  11.2699        1.0000000E+00        0.0000000E+00
hkr14c11                 -24.7935        1.0000000E+00        0.0000000E+00
hkr14c12                   35.287        1.0000000E+00        0.0000000E+00
hkr14c13                 -1.55081        1.0000000E+00        0.0000000E+00
hkr14c14                  3.58376        1.0000000E+00        0.0000000E+00
hkr14c15                 -3.53941        1.0000000E+00        0.0000000E+00
hkr14c16                  19.4136        1.0000000E+00        0.0000000E+00
hkr14c17                 -9.60975        1.0000000E+00        0.0000000E+00
hkr14c18                  3.32138        1.0000000E+00        0.0000000E+00
hkr14c19                  20.6124        1.0000000E+00        0.0000000E+00
hkr15c00                -0.532061        1.0000000E+00        0.0000000E+00
hkr15c01                -0.798916        1.0000000E+00        0.0000000E+00
hkr15c02                  11.9076        1.0000000E+00        0.0000000E+00
hkr15c03                 -31.5701        1.0000000E+00        0.0000000E+00
hkr15c08                  25.0657        1.0000000E+00        0.0000000E+00
hkr15c09                 -3.80301        1.0000000E+00        0.0000000E+00
hkr15c10                  -4.8071        1.0000000E+00        0.0000000E+00
hkr15c11                  -11.132        1.0000000E+00        0.0000000E+00
hkr15c12                 -7.60702        1.0000000E+00        0.0000000E+00
hkr15c13                  18.3077        1.0000000E+00        0.0000000E+00
hkr15c14                  27.4805        1.0000000E+00        0.0000000E+00
hkr15c15                  8.20015        1.0000000E+00        0.0000000E+00
hkr15c16                  11.8041        1.0000000E+00        0.0000000E+00
hkr15c17                 -12.9701        1.0000000E+00        0.0000000E+00
hkr15c18                  6.51571        1.0000000E+00        0.0000000E+00
hkr15c19                 -2.31221        1.0000000E+00        0.0000000E+00
hkr16c00                  4.63142        1.0000000E+00        0.0000000E+00
hkr16c01                   9.5343        1.0000000E+00        0.0000000E+00
hkr16c02                 -2.98267        1.0000000E+00        0.0000000E+00
hkr16c03                 -14.5281        1.0000000E+00        0.0000000E+00
hkr16c08                 -2.09579        1.0000000E+00        0.0000000E+00
hkr16c09                  13.0792        1.0000000E+00        0.0000000E+00
hkr16c10                 -17.0674        1.0000000E+00        0.0000000E+00
hkr16c11                 -2.11816        1.0000000E+00        0.0000000E+00
hkr16c12                  5.45422        1.0000000E+00        0.0000000E+00
hkr16c13                  18.3087        1.0000000E+00        0.0000000E+00
hkr16c14                  2.18041        1.0000000E+00        0.0000000E+00
hkr16c15                  25.9182        1.0000000E+00        0.0000000E+00
hkr16c16                  18.1247        1.0000000E+00        0.0000000E+00
hkr16c17                  2.17161        1.0000000E+00        0.0000000E+00
hkr16c18                 -8.98649        1.0000000E+00        0.0000000E+00
hkr16c19                  8.20488        1.0000000E+00        0.0000000E+00
hkr17c00                  -13.513        1.0000000E+00        0.0000000E+00
hkr17c01                 -13.6972        1.0000000E+00        0.0000000E+00
hkr17c02                  37.9168        1.0000000E+00        0.0000000E+00
hkr17c03                 -8.51945        1.0000000E+00        0.0000000E+00
hkr17c08                 -30.3252        1.0000000E+00        0.0000000E+00
hkr17c09                  36.5072        1.0000000E+00        0.0000000E+00
hkr17c10                 -3.74182        1.0000000E+00        0.0000000E+00
hkr17c11                  23.5676        1.0000000E+00        0.0000000E+00
hkr17c12                   19.118        1.0000000E+00        0.0000000E+00
hkr17c13                 -10.7601        1.0000000E+00        0.0000000E+00
hkr17c14                  17.4063        1.0000000E+00        0.0000000E+00
hkr17c15                  13.6636        1.0000000E+00        0.0000000E+00
hkr17c16                -0.901661        1.0000000E+00        0.0000000E+00
hkr17c17                 -4.33805        1.0000000E+00        0.0000000E+00
hkr17c18                  9.15066        1.0000000E+00        0.0000000E+00
hkr17c19                  1.72167        1.0000000E+00        0.0000000E+00
hkr18c00                  14.7351        1.0000000E+00        0.0000000E+00
hkr18c01                  4.68457        1.0000000E+00        0.0000000E+00
hkr18c02                 -24.4904        1.0000000E+00        0.0000000E+00
hkr18c03                 -14.1693        1.0000000E+00        0.0000000E+00
hkr18c08                  17.9846        1.0000000E+00        0.0000000E+00
hkr18c09                  -9.2629        1.0000000E+00        0.0000000E+00
hkr18c10                  11.1966        1.0000000E+00        0.0000000E+00
hkr18c11                  29.7738        1.0000000E+00        0.0000000E+00
hkr18c12                   18.012        1.0000000E+00        0.0000000E+00
hkr18c13                  22.5711        1.0000000E+00        0.0000000E+00
hkr18c14                 -3.45601        1.0000000E+00        0.0000000E+00
hkr18c15                  30.3243        1.0000000E+00        0.0000000E+00
hkr18c16                  14.1703        1.0000000E+00        0.0000000E+00
hkr18c17                  19.7634        1.0000000E+00        0.0000000E+00
hkr18c18                   21.749        1.0000000E+00        0.0000000E+00
hkr18c19                 -12.6039        1.0000000E+00        0.0000000E+00
hkr19c00                  8.72137        1.0000000E+00        0.0000000E+00
hkr19c01                   13.524        1.0000000E+00        0.0000000E+00
hkr19c02                  1.33162        1.0000000E+00        0.0000000E+00
hkr19c03                  11.5965        1.0000000E+00        0.0000000E+00
hkr19c08                 -18.1652        1.0000000E+00        0.0000000E+00
hkr19c09                  1.22514        1.0000000E+00        0.0000000E+00
hkr19c10                -0.105082        1.0000000E+00        0.0000000E+00
hkr19c11                  8.98172        1.0000000E+00        0.0000000E+00
hkr19c12                  14.2314        1.0000000E+00        0.0000000E+00
hkr19c13                  -12.276        1.0000000E+00        0.0000000E+00
hkr19c14                  6.42851        1.0000000E+00        0.0000000E+00
hkr19c15                  2.17589        1.0000000E+00        0.0000000E+00
hkr19c16                 -10.9868        1.0000000E+00        0.0000000E+00
hkr19c17                  24.5642        1.0000000E+00        0.0000000E+00
hkr19c18                 -11.2434        1.0000000E+00        0.0000000E+00
hkr19c19                  10.7084        1.0000000E+00        0.0000000E+00
hkr20c00                 -28.9424        1.0000000E+00        0.0000000E+00
hkr20c01                  13.7246        1.0000000E+00        0.0000000E+00
hkr20c02                  18.2967        1.0000000E+00        0.0000000E+00
hkr20c03                 -19.9631        1.0000000E+00        0.0000000E+00
hkr20c08                  9.43584        1.0000000E+00        0.0000000E+00
hkr20c09                   14.209        1.0000000E+00        0.0000000E+00
hkr20c10                  13.1656        1.0000000E+00        0.0000000E+00
hkr20c11                  2.23258        1.0000000E+00        0.0000000E+00
hkr20c12                  13.8307        1.0000000E+00        0.0000000E+00
hkr20c13                  4.06678        1.0000000E+00        0.0000000E+00
hkr20c14                  5.35066        1.0000000E+00        0.0000000E+00
hkr20c15                  3.43973        1.0000000E+00        0.0000000E+00
hkr20c16                  10.9051        1.0000000E+00        0.0000000E+00
hkr20c17                 -25.1751        1.0000000E+00        0.0000000E+00
hkr20c18                  4.29386        1.0000000E+00        0.0000000E+00
hkr20c19                  23.4307        1.0000000E+00        0.0000000E+00
hkr21c00                  2.86754        1.0000000E+00        0.0000000E+00
hkr21c01                  23.3065        1.0000000E+00        0.0000000E+00
hkr21c02                  17.1919        1.0000000E+00        0.0000000E+00
hkr21c03                 -7.38138        1.0000000E+00        0.0000000E+00
hkr21c06                  8.28301        1.0000000E+00        0.0000000E+00
hkr21c07                  24.8598        1.0000000E+00        0.0000000E+00
hkr21c08                  5.10545        1.0000000E+00        0.0000000E+00
hkr21c09                  14.4468        1.0000000E+00        0.0000000E+00
hkr21c10                  21.5312        1.0000000E+00        0.0000000E+00
hkr21c11                 -14.1097        1.0000000E+00        0.0000000E+00
hkr21c12                 -1.67639        1.0000000E+00        0.0000000E+00
hkr21c13                 -21.3677        1.0000000E+00        0.0000000E+00
hkr21c14                  15.1915        1.0000000E+00        0.0000000E+00
hkr21c15                 -10.6567        1.0000000E+00        0.0000000E+00
hkr21c16                 -4.21943        1.0000000E+00        0.0000000E+00
hkr21c17                  2.43069        1.0000000E+00        0.0000000E+00
hkr21c18                  46.6568        1.0000000E+00        0.0000000E+00
hkr21c19                  16.0217        1.0000000E+00        0.0000000E+00
hkr22c00                  -2.4996        1.0000000E+00        0.0000000E+00
hkr22c01                  14.3312        1.0000000E+00        0.0000000E+00
hkr22c02                   5.3403        1.0000000E+00        0.0000000E+00
hkr22c03                  29.8135        1.0000000E+00        0.0000000E+00
hkr22c04                  1.81671        1.0000000E+00        0.0000000E+00
hkr22c06                  18.0838        1.0000000E+00        0.0000000E+00
hkr22c07                  4.58211        1.0000000E+00        0.0000000E+00
hkr22c08                  31.0938        1.0000000E+00        0.0000000E+00
hkr22c09                  22.6645        1.0000000E+00        0.0000000E+00
hkr22c10                  25.6079        1.0000000E+00        0.0000000E+00
hkr22c11                  2.39621        1.0000000E+00        0.0000000E+00
hkr22c12                   24.375        1.0000000E+00        0.0000000E+00
hkr22c13                  -6.3766        1.0000000E+00        0.0000000E+00
hkr22c14                -0.115026        1.0000000E+00        0.0000000E+00
hkr22c15                  20.8967        1.0000000E+00        0.0000000E+00
hkr22c16                  5.83249        1.0000000E+00        0.0000000E+00
hkr22c17                 -6.13257        1.0000000E+00        0.0000000E+00
hkr22c18                  4.69021        1.0000000E+00        0.0000000E+00
hkr22c19                   24.899        1.0000000E+00        0.0000000E+00
hkr23c00                 -4.24591        1.0000000E+00        0.0000000E+00
hkr23c01                  6.94088        1.0000000E+00        0.0000000E+00
hkr23c02                 -12.7039        1.0000000E+00        0.0000000E+00
hkr23c03                  13.0912        1.0000000E+00        0.0000000E+00
hkr23c04                  9.86168        1.0000000E+00        0.0000000E+00
hkr23c05                  16.2785        1.0000000E+00        0.0000000E+00
hkr23c06                  1.07526        1.0000000E+00        0.0000000E+00
hkr23c07                  25.1821        1.0000000E+00        0.0000000E+00
hkr23c08                  12.9911        1.0000000E+00        0.0000000E+00
hkr23c09                 0.565371        1.0000000E+00        0.0000000E+00
hkr23c10                  13.3099        1.0000000E+00        0.0000000E+00
hkr23c11                 -16.9258        1.0000000E+00        0.0000000E+00
hkr23c12                  7.86208        1.0000000E+00        0.0000000E+00
hkr23c13                 -5.59889        1.0000000E+00        0.0000000E+00
hkr23c14                 -5.63237        1.0000000E+00        0.0000000E+00
hkr23c15                 -12.5128        1.0000000E+00        0.0000000E+00
hkr23c16                  2.90714        1.0000000E+00        0.0000000E+00
hkr23c17                 -11.9919        1.0000000E+00        0.0000000E+00
hkr23c18                  1.28657        1.0000000E+00        0.0000000E+00
hkr23c19                  7.68963        1.0000000E+00        0.0000000E+00
hkr24c00                 -1.11423        1.0000000E+00        0.0000000E+00
hkr24c01                  9.74814        1.0000000E+00        0.0000000E+00
hkr24c02                -0.179939        1.0000000E+00        0.0000000E+00
hkr24c03                  24.3006        1.0000000E+00        0.0000000E+00
hkr24c04                 -10.1376        1.0000000E+00        0.0000000E+00
hkr24c05                 -11.4574        1.0000000E+00        0.0000000E+00
hkr24c06                  3.85403        1.0000000E+00        0.0000000E+00
hkr24c07                  44.1234        1.0000000E+00        0.0000000E+00
hkr24c08                   10.618        1.0000000E+00        0.0000000E+00
hkr24c09                  9.10302        1.0000000E+00        0.0000000E+00
hkr24c10                 -8.66711        1.0000000E+00        0.0000000E+00
hkr24c11                 -8.83259        1.0000000E+00        0.0000000E+00
hkr24c12                  23.3078        1.0000000E+00        0.0000000E+00
hkr24c13                  17.9106        1.0000000E+00        0.0000000E+00
hkr24c14                  19.6057        1.0000000E+00        0.0000000E+00
hkr24c15                   4.5016        1.0000000E+00        0.0000000E+00
hkr24c16                  12.7427        1.0000000E+00        0.0000000E+00
hkr24c17                 -3.76267        1.0000000E+00        0.0000000E+00
hkr24c18                  5.61762        1.0000000E+00        0.0000000E+00
hkr24c19                  30.9907        1.0000000E+00        0.0000000E+00
hkr25c00                -0.870486        1.0000000E+00        0.0000000E+00
hkr25c01                  11.8649        1.0000000E+00        0.0000000E+00
hkr25c02                  22.5176        1.0000000E+00        0.0000000E+00
hkr25c03                  4.02756        1.0000000E+00        0.0000000E+00
hkr25c04                  6.52265        1.0000000E+00        0.0000000E+00
hkr25c05                  31.4252        1.0000000E+00        0.0000000E+00
hkr25c06                 -10.4247        1.0000000E+00        0.0000000E+00
hkr25c07                  23.7387        1.0000000E+00        0.0000000E+00
hkr25c08                 -3.27405        1.0000000E+00        0.0000000E+00
hkr25c09                 -27.4484        1.0000000E+00        0.0000000E+00
hkr25c10                 -15.7736        1.0000000E+00        0.0000000E+00
hkr25c11                  21.0333        1.0000000E+00        0.0000000E+00
hkr25c12                  14.5588        1.0000000E+00        0.0000000E+00
hkr25c13                  19.6034        1.0000000E+00        0.0000000E+00
hkr25c14                 -10.2104        1.0000000E+00        0.0000000E+00
hkr25c15                   9.2632        1.0000000E+00        0.0000000E+00
hkr25c16                -0.129641        1.0000000E+00        0.0000000E+00
hkr25c17                 -5.76905        1.0000000E+00        0.0000000E+00
hkr25c18                  17.1457        1.0000000E+00        0.0000000E+00
hkr25c19                 -7.97215        1.0000000E+00        0.0000000E+00
hkr26c00                  16.0189        1.0000000E+00        0.0000000E+00
hkr26c01                  13.8194        1.0000000E+00        0.0000000E+00
hkr26c02                  -4.8043        1.0000000E+00        0.0000000E+00
hkr26c03                   14.477        1.0000000E+00        0.0000000E+00
hkr26c04                  4.51251        1.0000000E+00        0.0000000E+00
hkr26c05                  5.66667        1.0000000E+00        0.0000000E+00
hkr26c06                  3.75258        1.0000000E+00        0.0000000E+00
hkr26c07                 -1.01034        1.0000000E+00        0.0000000E+00
hkr26c08                  7.98128        1.0000000E+00        0.0000000E+00
hkr26c09                  -7.1763        1.0000000E+00        0.0000000E+00
hkr26c10                  27.1713        1.0000000E+00        0.0000000E+00
hkr26c11                -0.296272        1.0000000E+00        0.0000000E+00
hkr26c12                  1.19428        1.0000000E+00        0.0000000E+00
hkr26c13                  15.0693        1.0000000E+00        0.0000000E+00
hkr26c14                  20.5288        1.0000000E+00        0.0000000E+00
hkr26c15                  20.4066        1.0000000E+00        0.0000000E+00
hkr26c16                  8.48404        1.0000000E+00        0.0000000E+00
hkr26c17                   4.2321        1.0000000E+00        0.0000000E+00
hkr26c18                  20.8243        1.0000000E+00        0.0000000E+00
hkr26c19                 0.934275        1.0000000E+00        0.0000000E+00
hkr27c00                   16.269        1.0000000E+00        0.0000000E+00
hkr27c01                 -14.8862        1.0000000E+00        0.0000000E+00
hkr27c02                  0.56174        1.0000000E+00        0.0000000E+00
hkr27c03                  18.2835        1.0000000E+00        0.0000000E+00
hkr27c04                  2.93017        1.0000000E+00        0.0000000E+00
hkr27c05                  -27.125        1.0000000E+00        0.0000000E+00
hkr27c06                  5.51234        1.0000000E+00        0.0000000E+00
hkr27c07                 -7.15263        1.0000000E+00        0.0000000E+00
hkr27c08                  22.0398        1.0000000E+00        0.0000000E+00
hkr27c09                 -13.5037        1.0000000E+00        0.0000000E+00
hkr27c10                  3.18887        1.0000000E+00        0.0000000E+00
hkr27c11                 -9.01486        1.0000000E+00        0.0000000E+00
hkr27c12                 -9.61945        1.0000000E+00        0.0000000E+00
hkr27c13                 -7.43354        1.0000000E+00        0.0000000E+00
hkr27c14                 -17.7578        1.0000000E+00        0.0000000E+00
hkr27c15                  1.21551        1.0000000E+00        0.0000000E+00
hkr27c16                  13.0624        1.0000000E+00        0.0000000E+00
hkr27c17                 -1.61119        1.0000000E+00        0.0000000E+00
hkr27c18                  20.0849        1.0000000E+00        0.0000000E+00
hkr27c19                 -10.9396        1.0000000E+00        0.0000000E+00
hkr28c00                 -14.5297        1.0000000E+00        0.0000000E+00
hkr28c01                  14.0743        1.0000000E+00        0.0000000E+00
hkr28c02                   -4.348        1.0000000E+00        0.0000000E+00
hkr28c03                  2.99746        1.0000000E+00        0.0000000E+00
hkr28c04                 -19.0169        1.0000000E+00        0.0000000E+00
hkr28c05                  26.6629        1.0000000E+00        0.0000000E+00
hkr28c06                   18.601        1.0000000E+00        0.0000000E+00
hkr28c07                  12.2271        1.0000000E+00        0.0000000E+00
hkr28c08                  2.19795        1.0000000E+00        0.0000000E+00
hkr28c09                 -17.2638        1.0000000E+00        0.0000000E+00
hkr28c10                   24.034        1.0000000E+00        0.0000000E+00
hkr28c11                  15.5349        1.0000000E+00        0.0000000E+00
hkr28c12                 -1.17439        1.0000000E+00        0.0000000E+00
hkr28c13                  5.47926        1.0000000E+00        0.0000000E+00
hkr28c14                  5.58852        1.0000000E+00        0.0000000E+00
hkr28c15                  23.3659        1.0000000E+00        0.0000000E+00
hkr28c16                   3.9122        1.0000000E+00        0.0000000E+00
hkr28c17                 -1.55362        1.0000000E+00        0.0000000E+00
hkr28c18                 -3.95294        1.0000000E+00        0.0000000E+00
hkr28c19                 -12.8296        1.0000000E+00        0.0000000E+00
hkr29c00                 -18.0994        1.0000000E+00        0.0000000E+00
hkr29c01                  5.04555        1.0000000E+00        0.0000000E+00
hkr29c02                  16.2722        1.0000000E+00        0.0000000E+00
hkr29c03                  4.85391        1.0000000E+00        0.0000000E+00
hkr29c04                  1.48974        1.0000000E+00        0.0000000E+00
hkr29c05                 -29.6596        1.0000000E+00        0.0000000E+00
hkr29c06                  9.81457        1.0000000E+00        0.0000000E+00
hkr29c07                  8.25684        1.0000000E+00        0.0000000E+00
hkr29c08                  47.0028        1.0000000E+00        0.0000000E+00
hkr29c09                  23.5741        1.0000000E+00        0.0000000E+00
hkr29c10                  -20.351        1.0000000E+00        0.0000000E+00
hkr29c11                  5.67558        1.0000000E+00        0.0000000E+00
hkr29c12                 -10.8365        1.0000000E+00        0.0000000E+00
hkr29c13                  33.9096        1.0000000E+00        0.0000000E+00
hkr29c14                 -12.6599        1.0000000E+00        0.0000000E+00
hkr29c15                  13.8553        1.0000000E+00        0.0000000E+00
hkr29c16                  13.2466        1.0000000E+00        0.0000000E+00
hkr29c17                  28.0334        1.0000000E+00        0.0000000E+00
hkr29c18                  -12.836        1.0000000E+00        0.0000000E+00
hkr29c19                  29.9639        1.0000000E+00        0.0000000E+00
hkr30c00                 -8.57582        1.0000000E+00        0.0000000E+00
hkr30c01                  11.3022        1.0000000E+00        0.0000000E+00
hkr30c02                  9.16973        1.0000000E+00        0.0000000E+00
hkr30c03                  38.6837        1.0000000E+00        0.0000000E+00
hkr30c04                 -8.01578        1.0000000E+00        0.0000000E+00
hkr30c05                  4.36018        1.0000000E+00        0.0000000E+00
hkr30c06                  16.7278        1.0000000E+00        0.0000000E+00
hkr30c07                 -21.9886        1.0000000E+00        0.0000000E+00
hkr30c08                  41.5003        1.0000000E+00        0.0000000E+00
hkr30c09                  11.0303        1.0000000E+00        0.0000000E+00
hkr30c10                -0.483672        1.0000000E+00        0.0000000E+00
hkr30c11                 -5.32908        1.0000000E+00        0.0000000E+00
hkr30c12                  -9.7001        1.0000000E+00        0.0000000E+00
hkr30c13                  20.5554        1.0000000E+00        0.0000000E+00
hkr30c14                 -18.0706        1.0000000E+00        0.0000000E+00
hkr30c15                  4.57129        1.0000000E+00        0.0000000E+00
hkr30c16                 -4.95659        1.0000000E+00        0.0000000E+00
hkr30c17                  14.2132        1.0000000E+00        0.0000000E+00
hkr30c18                  22.9242        1.0000000E+00        0.0000000E+00
hkr30c19                 -2.29339        1.0000000E+00        0.0000000E+00
hkr31c00                  14.9416        1.0000000E+00        0.0000000E+00
hkr31c01                  1.22231        1.0000000E+00        0.0000000E+00
hkr31c02                 -9.01191        1.0000000E+00        0.0000000E+00
hkr31c03                  9.81116        1.0000000E+00        0.0000000E+00
hkr31c04                  13.8041        1.0000000E+00        0.0000000E+00
hkr31c05                  17.4992        1.0000000E+00        0.0000000E+00
hkr31c06                  9.93552        1.0000000E+00        0.0000000E+00
hkr31c07                  28.9882        1.0000000E+00        0.0000000E+00
hkr31c08                0.0172067        1.0000000E+00        0.0000000E+00
hkr31c09                  10.8217        1.0000000E+00        0.0000000E+00
hkr31c10                -0.435415        1.0000000E+00        0.0000000E+00
hkr31c11                  32.6709        1.0000000E+00        0.0000000E+00
hkr31c12                 -8.21336        1.0000000E+00        0.0000000E+00
hkr31c13                  17.3487        1.0000000E+00        0.0000000E+00
hkr31c14                  -2.7181        1.0000000E+00        0.0000000E+00
hkr31c15                  9.07537        1.0000000E+00        0.0000000E+00
hkr31c16                  4.23911        1.0000000E+00        0.0000000E+00
hkr31c17                  -1.7112        1.0000000E+00        0.0000000E+00
hkr31c18                 -11.5767        1.0000000E+00        0.0000000E+00
hkr31c19                  34.9985        1.0000000E+00        0.0000000E+00
hkr32c01                  7.58454        1.0000000E+00        0.0000000E+00
hkr32c02                  20.7323        1.0000000E+00        0.0000000E+00
hkr32c03                 0.529508        1.0000000E+00        0.0000000E+00
hkr32c04                  3.92314        1.0000000E+00        0.0000000E+00
hkr32c05                 -7.79112        1.0000000E+00        0.0000000E+00
hkr32c06                  29.5199        1.0000000E+00        0.0000000E+00
hkr32c07                 -3.46907        1.0000000E+00        0.0000000E+00
hkr32c08                 -13.7712        1.0000000E+00        0.0000000E+00
hkr32c09                  3.56103        1.0000000E+00        0.0000000E+00
hkr32c10                  33.4053        1.0000000E+00        0.0000000E+00
hkr32c11                 -9.05267        1.0000000E+00        0.0000000E+00
hkr32c12                 -15.1971        1.0000000E+00        0.0000000E+00
hkr32c13                  15.5059        1.0000000E+00        0.0000000E+00
hkr32c14                  23.9749        1.0000000E+00        0.0000000E+00
hkr32c15                 -4.62697        1.0000000E+00        0.0000000E+00
hkr32c16                 -30.1722        1.0000000E+00        0.0000000E+00
hkr32c17                  12.7067        1.0000000E+00        0.0000000E+00
hkr32c18                 -21.4589        1.0000000E+00        0.0000000E+00
hkr32c19                 -4.96888        1.0000000E+00        0.0000000E+00
hkr33c02                  3.32443        1.0000000E+00        0.0000000E+00
hkr33c03                  18.2802        1.0000000E+00        0.0000000E+00
hkr33c04                   15.358        1.0000000E+00        0.0000000E+00
hkr33c05                 -1.59796        1.0000000E+00        0.0000000E+00
hkr33c06                 -7.23183        1.0000000E+00        0.0000000E+00
hkr33c07                 -4.67533        1.0000000E+00        0.0000000E+00
hkr33c08                  8.89666        1.0000000E+00        0.0000000E+00
hkr33c09                  40.8746        1.0000000E+00        0.0000000E+00
hkr33c10                 -5.57785        1.0000000E+00        0.0000000E+00
hkr33c11                 -6.23476        1.0000000E+00        0.0000000E+00
hkr33c12                  9.28236        1.0000000E+00        0.0000000E+00
hkr33c13                  23.2677        1.0000000E+00        0.0000000E+00
hkr33c14                  19.5671        1.0000000E+00        0.0000000E+00
hkr33c15                  -5.4623        1.0000000E+00        0.0000000E+00
hkr33c16                 -3.76991        1.0000000E+00        0.0000000E+00
hkr33c17                  16.2139        1.0000000E+00        0.0000000E+00
hkr33c18                -0.471062        1.0000000E+00        0.0000000E+00
hkr33c19                  12.8214        1.0000000E+00        0.0000000E+00
hkr34c03                  4.02302        1.0000000E+00        0.0000000E+00
hkr34c04                  13.1443        1.0000000E+00        0.0000000E+00
hkr34c05                 -1.34544        1.0000000E+00        0.0000000E+00
hkr34c06                 -5.16503        1.0000000E+00        0.0000000E+00
hkr34c07                 -0.32219        1.0000000E+00        0.0000000E+00
hkr34c08                  16.9714        1.0000000E+00        0.0000000E+00
hkr34c09                  9.12158        1.0000000E+00        0.0000000E+00
hkr34c10                  32.4378        1.0000000E+00        0.0000000E+00
hkr34c11                 -14.0805        1.0000000E+00        0.0000000E+00
hkr34c12                  10.2665        1.0000000E+00        0.0000000E+00
hkr34c13                  17.9799        1.0000000E+00        0.0000000E+00
hkr34c14                  20.2257        1.0000000E+00        0.0000000E+00
hkr34c15                  16.1767        1.0000000E+00        0.0000000E+00
hkr34c16                  10.0139        1.0000000E+00        0.0000000E+00
hkr34c17                  10.6952        1.0000000E+00        0.0000000E+00
hkr34c18                 -2.00845        1.0000000E+00        0.0000000E+00
hkr34c19                -0.728443        1.0000000E+00        0.0000000E+00
hkr35c04                 -4.40208        1.0000000E+00        0.0000000E+00
hkr35c05                    4.132        1.0000000E+00        0.0000000E+00
hkr35c06                  6.70804        1.0000000E+00        0.0000000E+00
hkr35c07                  1.17753        1.0000000E+00        0.0000000E+00
hkr35c08                   11.572        1.0000000E+00        0.0000000E+00
hkr35c09                 -14.5773        1.0000000E+00        0.0000000E+00
hkr35c10                  24.1374        1.0000000E+00        0.0000000E+00
hkr35c11                   25.458        1.0000000E+00        0.0000000E+00
hkr35c12                  8.99449        1.0000000E+00        0.0000000E+00
hkr35c13                   1.8381        1.0000000E+00        0.0000000E+00
hkr35c14                 -3.03534        1.0000000E+00        0.0000000E+00
hkr35c15                  5.19402        1.0000000E+00        0.0000000E+00
hkr35c16                  8.27242        1.0000000E+00        0.0000000E+00
hkr35c17                  8.10679        1.0000000E+00        0.0000000E+00
hkr35c18                  21.0442        1.0000000E+00        0.0000000E+00
hkr36c04                  11.6533        1.0000000E+00        0.0000000E+00
hkr36c05                 -21.0591        1.0000000E+00        0.0000000E+00
hkr36c06                  10.0684        1.0000000E+00        0.0000000E+00
hkr36c07                 -2.93366        1.0000000E+00        0.0000000E+00
hkr36c08                  20.4377        1.0000000E+00        0.0000000E+00
hkr36c09                  8.41687        1.0000000E+00        0.0000000E+00
hkr36c10                  16.0814        1.0000000E+00        0.0000000E+00
hkr36c11                  32.4485        1.0000000E+00        0.0000000E+00
hkr36c12                 -4.32398        1.0000000E+00        0.0000000E+00
hkr36c13                 -2.95406        1.0000000E+00        0.0000000E+00
hkr36c14                  14.7146        1.0000000E+00        0.0000000E+00
hkr36c15                 -1.59624        1.0000000E+00        0.0000000E+00
hkr36c16                  17.9211        1.0000000E+00        0.0000000E+00
hkr36c17                  4.96393        1.0000000E+00        0.0000000E+00
hkr36c18                  4.02055        1.0000000E+00        0.0000000E+00
hkr37c05                   11.831        1.0000000E+00        0.0000000E+00
hkr37c06                 -5.60503        1.0000000E+00        0.0000000E+00
hkr37c07                 -10.4982        1.0000000E+00        0.0000000E+00
hkr37c08                  9.35102        1.0000000E+00        0.0000000E+00
hkr37c09                 -1.31584        1.0000000E+00        0.0000000E+00
hkr37c10                  26.5787        1.0000000E+00        0.0000000E+00
hkr37c11                 -16.6826        1.0000000E+00        0.0000000E+00
hkr37c12                  21.8876        1.0000000E+00        0.0000000E+00
hkr37c13                  23.1582        1.0000000E+00        0.0000000E+00
hkr37c14                 -6.87283        1.0000000E+00        0.0000000E+00
hkr37c15                  2.74185        1.0000000E+00        0.0000000E+00
hkr37c16                 -2.13428        1.0000000E+00        0.0000000E+00
hkr37c17                 -18.1375        1.0000000E+00        0.0000000E+00
hkr38c05                  -3.2367        1.0000000E+00        0.0000000E+00
hkr38c06                 -11.3532        1.0000000E+00        0.0000000E+00
hkr38c07                  33.8453        1.0000000E+00        0.0000000E+00
hkr38c08                -0.670226        1.0000000E+00        0.0000000E+00
hkr38c09                 -13.7506        1.0000000E+00        0.0000000E+00
hkr38c10                  23.8725        1.0000000E+00        0.0000000E+00
hkr38c11                  39.5259        1.0000000E+00        0.0000000E+00
hkr38c12                  30.5454        1.0000000E+00        0.0000000E+00
hkr38c13                  15.0169        1.0000000E+00        0.0000000E+00
hkr38c14                  22.1793        1.0000000E+00        0.0000000E+00
hkr38c15                  32.7135        1.0000000E+00        0.0000000E+00
hkr38c16                 -11.6426        1.0000000E+00        0.0000000E+00
hkr39c05                 0.527165        1.0000000E+00        0.0000000E+00
hkr39c06                  7.15407        1.0000000E+00        0.0000000E+00
hkr39c07                  3.99639        1.0000000E+00        0.0000000E+00
hkr39c08                 -11.0313        1.0000000E+00        0.0000000E+00
hkr39c09                   11.368        1.0000000E+00        0.0000000E+00
hkr39c10                  16.4958        1.0000000E+00        0.0000000E+00
hkr39c11                 -16.3748        1.0000000E+00        0.0000000E+00
hkr39c12                 -7.58991        1.0000000E+00        0.0000000E+00
hkr39c13                 -10.2933        1.0000000E+00        0.0000000E+00
hkr39c14                  12.1775        1.0000000E+00        0.0000000E+00
