single point
rch_1                    0.927172        1.0000000E+00        0.0000000E+00
rch_2                     1.23243        1.0000000E+00        0.0000000E+00
rcond00                   1007.39        1.0000000E+00        0.0000000E+00
rcond01                  -844.058        1.0000000E+00        0.0000000E+00
rcond02                     14366        1.0000000E+00        0.0000000E+00
rcond03                  -5981.56        1.0000000E+00        0.0000000E+00
rcond04                  -10262.4        1.0000000E+00        0.0000000E+00
rcond05                   -4118.8        1.0000000E+00        0.0000000E+00
rcond06                    -13655        1.0000000E+00        0.0000000E+00
rcond07                   11099.3        1.0000000E+00        0.0000000E+00
rcond08                   23835.4        1.0000000E+00        0.0000000E+00
rcond09                  -4187.24        1.0000000E+00        0.0000000E+00
rcond10                   -8990.8        1.0000000E+00        0.0000000E+00
rcond11                   34054.5        1.0000000E+00        0.0000000E+00
rcond12                   2487.11        1.0000000E+00        0.0000000E+00
rcond13                    4753.6        1.0000000E+00        0.0000000E+00
rcond14                   15170.2        1.0000000E+00        0.0000000E+00
rcond15                  -4968.05        1.0000000E+00        0.0000000E+00
rcond16                   9448.07        1.0000000E+00        0.0000000E+00
rcond17                  -9204.44        1.0000000E+00        0.0000000E+00
rcond18                  -1572.78        1.0000000E+00        0.0000000E+00
rcond19                  -17465.4        1.0000000E+00        0.0000000E+00
rcond20                  -14585.5        1.0000000E+00        0.0000000E+00
rcond21                   5814.39        1.0000000E+00        0.0000000E+00
rcond22                  -1901.73        1.0000000E+00        0.0000000E+00
rcond23                   31435.4        1.0000000E+00        0.0000000E+00
rcond24                   3592.36        1.0000000E+00        0.0000000E+00
rcond25                    2170.3        1.0000000E+00        0.0000000E+00
rcond26                  -2532.47        1.0000000E+00        0.0000000E+00
rcond27                   4373.57        1.0000000E+00        0.0000000E+00
rcond28                   15267.4        1.0000000E+00        0.0000000E+00
rcond29                  -6436.58        1.0000000E+00        0.0000000E+00
rcond30                   758.554        1.0000000E+00        0.0000000E+00
rcond31                    5131.2        1.0000000E+00        0.0000000E+00
rcond32                   5979.79        1.0000000E+00        0.0000000E+00
rcond33                   15964.1        1.0000000E+00        0.0000000E+00
rcond34                   3204.82        1.0000000E+00        0.0000000E+00
rcond35                  -11446.3        1.0000000E+00        0.0000000E+00
rcond36                  -5820.82        1.0000000E+00        0.0000000E+00
rcond37                   -1613.6        1.0000000E+00        0.0000000E+00
rcond38                   12855.1        1.0000000E+00        0.0000000E+00
rcond39                   1900.77        1.0000000E+00        0.0000000E+00
ss                    9.46954e-05        1.0000000E+00        0.0000000E+00
sy                      0.0423251        1.0000000E+00        0.0000000E+00
wf1_1                     771.067        1.0000000E+00        0.0000000E+00
wf2_1                     379.885        1.0000000E+00        0.0000000E+00
wf3_1                     342.104        1.0000000E+00        0.0000000E+00
wf4_1                     68.1134        1.0000000E+00        0.0000000E+00
wf5_1                     63.8419        1.0000000E+00        0.0000000E+00
wf6_1                     378.132        1.0000000E+00        0.0000000E+00
wf1_2                     789.155        1.0000000E+00        0.0000000E+00
wf2_2                     318.466        1.0000000E+00        0.0000000E+00
wf3_2                     444.031        1.0000000E+00        0.0000000E+00
wf4_2                     106.924        1.0000000E+00        0.0000000E+00
wf5_2                     57.0439        1.0000000E+00        0.0000000E+00
wf6_2                     344.775        1.0000000E+00        0.0000000E+00
hkr00c00                  14.1191        1.0000000E+00        0.0000000E+00
hkr00c01                   -0.731        1.0000000E+00        0.0000000E+00
hkr00c02                  17.3176        1.0000000E+00        0.0000000E+00
hkr00c03                  1.28073        1.0000000E+00        0.0000000E+00
hkr00c04                 -3.27774        1.0000000E+00        0.0000000E+00
hkr00c05                 -8.83205        1.0000000E+00        0.0000000E+00
hkr00c06                  31.3103        1.0000000E+00        0.0000000E+00
hkr00c07                 -43.8214        1.0000000E+00        0.0000000E+00
hkr00c08                  8.16322        1.0000000E+00        0.0000000E+00
hkr00c09                  5.58367        1.0000000E+00        0.0000000E+00
hkr00c10                 -11.9245        1.0000000E+00        0.0000000E+00
hkr00c11                 -8.78459        1.0000000E+00        0.0000000E+00
hkr00c12                  12.5498        1.0000000E+00        0.0000000E+00
hkr00c13                 -7.88353        1.0000000E+00        0.0000000E+00
hkr00c14                 -1.00699        1.0000000E+00        0.0000000E+00
hkr00c15                 -16.3689        1.0000000E+00        0.0000000E+00
hkr00c16                  3.29822        1.0000000E+00        0.0000000E+00
hkr00c17                  -5.1064        1.0000000E+00        0.0000000E+00
hkr00c18                  19.4329        1.0000000E+00        0.0000000E+00
hkr00c19                  15.1737        1.0000000E+00        0.0000000E+00
hkr01c00                  24.9281        1.0000000E+00        0.0000000E+00
hkr01c01                  11.9059        1.0000000E+00        0.0000000E+00
hkr01c02                  19.4059        1.0000000E+00        0.0000000E+00
hkr01c03                  4.71584        1.0000000E+00        0.0000000E+00
hkr01c04                  12.2222        1.0000000E+00        0.0000000E+00
hkr01c05                  -3.5561        1.0000000E+00        0.0000000E+00
hkr01c06                  2.88709        1.0000000E+00        0.0000000E+00
hkr01c07                  21.5543        1.0000000E+00        0.0000000E+00
hkr01c08                  9.47189        1.0000000E+00        0.0000000E+00
hkr01c09                  22.7618        1.0000000E+00        0.0000000E+00
hkr01c10                 -24.5453        1.0000000E+00        0.0000000E+00
hkr01c11                 0.500012        1.0000000E+00        0.0000000E+00
hkr01c12                  35.6164        1.0000000E+00        0.0000000E+00
hkr01c13                 -2.15674        1.0000000E+00        0.0000000E+00
hkr01c14                  15.2764        1.0000000E+00        0.0000000E+00
hkr01c15                  12.8799        1.0000000E+00        0.0000000E+00
hkr01c16                 -1.77385        1.0000000E+00        0.0000000E+00
hkr01c17                -0.387878        1.0000000E+00        0.0000000E+00
hkr01c18                  26.3591        1.0000000E+00        0.0000000E+00
hkr01c19                  6.38671        1.0000000E+00        0.0000000E+00
hkr02c00                  24.9706        1.0000000E+00        0.0000000E+00
hkr02c01                 -7.30687        1.0000000E+00        0.0000000E+00
hkr02c02                  3.62648        1.0000000E+00        0.0000000E+00
hkr02c03                 -15.5588        1.0000000E+00        0.0000000E+00
hkr02c04                 -25.4297        1.0000000E+00        0.0000000E+00
hkr02c05                  4.88022        1.0000000E+00        0.0000000E+00
hkr02c06                 -6.02805        1.0000000E+00        0.0000000E+00
hkr02c07                  4.62736        1.0000000E+00        0.0000000E+00
hkr02c08                  17.1971        1.0000000E+00        0.0000000E+00
hkr02c09                  5.85643        1.0000000E+00        0.0000000E+00
hkr02c10                  0.14389        1.0000000E+00        0.0000000E+00
hkr02c11                 -6.10729        1.0000000E+00        0.0000000E+00
hkr02c12                  -8.6253        1.0000000E+00        0.0000000E+00
hkr02c13                  15.9092        1.0000000E+00        0.0000000E+00
hkr02c14                  25.8864        1.0000000E+00        0.0000000E+00
hkr02c15                   29.305        1.0000000E+00        0.0000000E+00
hkr02c16                  14.8413        1.0000000E+00        0.0000000E+00
hkr02c17                 -10.6162        1.0000000E+00        0.0000000E+00
hkr02c18                  36.6277        1.0000000E+00        0.0000000E+00
hkr02c19                   -11.25        1.0000000E+00        0.0000000E+00
hkr03c00                  11.2674        1.0000000E+00        0.0000000E+00
hkr03c01                 -9.59852        1.0000000E+00        0.0000000E+00
hkr03c02                  24.0235        1.0000000E+00        0.0000000E+00
hkr03c03                  7.90613        1.0000000E+00        0.0000000E+00
hkr03c04                 -6.68616        1.0000000E+00        0.0000000E+00
hkr03c05                  0.38585        1.0000000E+00        0.0000000E+00
hkr03c06                  20.1493        1.0000000E+00        0.0000000E+00
hkr03c07                  32.7259        1.0000000E+00        0.0000000E+00
hkr03c08                 -11.7008        1.0000000E+00        0.0000000E+00
hkr03c09                  -33.968        1.0000000E+00        0.0000000E+00
hkr03c10                  11.8276        1.0000000E+00        0.0000000E+00
hkr03c11                  43.5073        1.0000000E+00        0.0000000E+00
hkr03c12                 -1.54291        1.0000000E+00        0.0000000E+00
hkr03c13                 -18.7081        1.0000000E+00        0.0000000E+00
hkr03c14                  9.61027        1.0000000E+00        0.0000000E+00
hkr03c15                  19.4063        1.0000000E+00        0.0000000E+00
hkr03c16                   8.9043        1.0000000E+00        0.0000000E+00
hkr03c17                  17.8789        1.0000000E+00        0.0000000E+00
hkr03c18                  29.7072        1.0000000E+00        0.0000000E+00
hkr03c19                 -6.61854        1.0000000E+00        0.0000000E+00
hkr04c00               -0.0491351        1.0000000E+00        0.0000000E+00
hkr04c01                 -13.0064        1.0000000E+00        0.0000000E+00
hkr04c02                  26.5673        1.0000000E+00        0.0000000E+00
hkr04c03                  24.2215        1.0000000E+00        0.0000000E+00
hkr04c04                  1.22334        1.0000000E+00        0.0000000E+00
hkr04c05                  2.06854        1.0000000E+00        0.0000000E+00
hkr04c06                  3.84283        1.0000000E+00        0.0000000E+00
hkr04c07                 -3.99706        1.0000000E+00        0.0000000E+00
hkr04c08                  16.3629        1.0000000E+00        0.0000000E+00
hkr04c09                 -13.1663        1.0000000E+00        0.0000000E+00
hkr04c10                 -9.59001        1.0000000E+00        0.0000000E+00
hkr04c11                  28.2446        1.0000000E+00        0.0000000E+00
hkr04c12                  8.31909        1.0000000E+00        0.0000000E+00
hkr04c13                  17.0783        1.0000000E+00        0.0000000E+00
hkr04c14                  18.0712        1.0000000E+00        0.0000000E+00
hkr04c15                    8.255        1.0000000E+00        0.0000000E+00
hkr04c16                  5.31899        1.0000000E+00        0.0000000E+00
hkr04c17                  22.3619        1.0000000E+00        0.0000000E+00
hkr04c18                  38.1269        1.0000000E+00        0.0000000E+00
hkr04c19                  21.3635        1.0000000E+00        0.0000000E+00
hkr05c00                  18.5853        1.0000000E+00        0.0000000E+00
hkr05c01                  2.12521        1.0000000E+00        0.0000000E+00
hkr05c02                 -6.20975        1.0000000E+00        0.0000000E+00
hkr05c03                  9.48107        1.0000000E+00        0.0000000E+00
hkr05c04                  19.4583        1.0000000E+00        0.0000000E+00
hkr05c05                  2.94886        1.0000000E+00        0.0000000E+00
hkr05c06                 -3.61735        1.0000000E+00        0.0000000E+00
hkr05c07                  14.0163        1.0000000E+00        0.0000000E+00
hkr05c08                  8.70388        1.0000000E+00        0.0000000E+00
hkr05c09                  3.25163        1.0000000E+00        0.0000000E+00
hkr05c10                 -6.77972        1.0000000E+00        0.0000000E+00
hkr05c11                  24.5829        1.0000000E+00        0.0000000E+00
hkr05c12                 -8.19874        1.0000000E+00        0.0000000E+00
hkr05c13                  6.66327        1.0000000E+00        0.0000000E+00
hkr05c14                 -5.65968        1.0000000E+00        0.0000000E+00
hkr05c15                 -9.21212        1.0000000E+00        0.0000000E+00
hkr05c16                 -7.37311        1.0000000E+00        0.0000000E+00
hkr05c17                  -14.114        1.0000000E+00        0.0000000E+00
hkr05c18                 -12.4089        1.0000000E+00        0.0000000E+00
hkr05c19                  4.68735        1.0000000E+00        0.0000000E+00
hkr06c00                  16.8363        1.0000000E+00        0.0000000E+00
hkr06c01                 -13.6771        1.0000000E+00        0.0000000E+00
hkr06c02                  26.5778        1.0000000E+00        0.0000000E+00
hkr06c03                 -1.80661        1.0000000E+00        0.0000000E+00
hkr06c04                  13.2897        1.0000000E+00        0.0000000E+00
hkr06c05                  8.18698        1.0000000E+00        0.0000000E+00
hkr06c06                  16.4345        1.0000000E+00        0.0000000E+00
hkr06c07                  32.7785        1.0000000E+00        0.0000000E+00
hkr06c08                -0.952976        1.0000000E+00        0.0000000E+00
hkr06c09                 -20.1701        1.0000000E+00        0.0000000E+00
hkr06c10                 -22.8373        1.0000000E+00        0.0000000E+00
hkr06c11                  18.7778        1.0000000E+00        0.0000000E+00
hkr06c12                 0.780708        1.0000000E+00        0.0000000E+00
hkr06c13                  9.15529        1.0000000E+00        0.0000000E+00
hkr06c14                -0.161292        1.0000000E+00        0.0000000E+00
hkr06c15                  19.8862        1.0000000E+00        0.0000000E+00
hkr06c16                  20.9772        1.0000000E+00        0.0000000E+00
hkr06c17                  23.3993        1.0000000E+00        0.0000000E+00
hkr06c18                 -7.31533        1.0000000E+00        0.0000000E+00
hkr06c19                 -2.61023        1.0000000E+00        0.0000000E+00
hkr07c00                 -2.78516        1.0000000E+00        0.0000000E+00
hkr07c01                -0.210372        1.0000000E+00        0.0000000E+00
hkr07c02                  9.09555        1.0000000E+00        0.0000000E+00
hkr07c03                 -19.2547        1.0000000E+00        0.0000000E+00
hkr07c04                  27.4457        1.0000000E+00        0.0000000E+00
hkr07c05                  13.6245        1.0000000E+00        0.0000000E+00
hkr07c06                  20.9283        1.0000000E+00        0.0000000E+00
hkr07c07                  28.9458        1.0000000E+00        0.0000000E+00
hkr07c08                  13.5944        1.0000000E+00        0.0000000E+00
hkr07c09                  4.77407        1.0000000E+00        0.0000000E+00
hkr07c10                 -10.6863        1.0000000E+00        0.0000000E+00
hkr07c11                  16.0555        1.0000000E+00        0.0000000E+00
hkr07c12                 -4.41591        1.0000000E+00        0.0000000E+00
hkr07c13                  13.6011        1.0000000E+00        0.0000000E+00
hkr07c14                 -11.0346        1.0000000E+00        0.0000000E+00
hkr07c15                  27.3201        1.0000000E+00        0.0000000E+00
hkr07c16                 -5.92027        1.0000000E+00        0.0000000E+00
hkr07c17                  28.8767        1.0000000E+00        0.0000000E+00
hkr07c18                  4.17997        1.0000000E+00        0.0000000E+00
hkr07c19                  12.2338        1.0000000E+00        0.0000000E+00
hkr08c00                  35.5952        1.0000000E+00        0.0000000E+00
hkr08c01                 -7.40764        1.0000000E+00        0.0000000E+00
hkr08c02                  4.57413        1.0000000E+00        0.0000000E+00
hkr08c03                   9.0424        1.0000000E+00        0.0000000E+00
hkr08c07                 -10.8446        1.0000000E+00        0.0000000E+00
hkr08c08                 -18.5922        1.0000000E+00        0.0000000E+00
hkr08c09                   27.065        1.0000000E+00        0.0000000E+00
hkr08c10                   25.847        1.0000000E+00        0.0000000E+00
hkr08c11                 -10.3841        1.0000000E+00        0.0000000E+00
hkr08c12                  -9.2582        1.0000000E+00        0.0000000E+00
hkr08c13                 -8.21948        1.0000000E+00        0.0000000E+00
hkr08c14                 -1.62519        1.0000000E+00        0.0000000E+00
hkr08c15                  8.50501        1.0000000E+00        0.0000000E+00
hkr08c16                   17.517        1.0000000E+00        0.0000000E+00
hkr08c17                  15.3018        1.0000000E+00        0.0000000E+00
hkr08c18                  29.5043        1.0000000E+00        0.0000000E+00
hkr08c19                 -2.67207        1.0000000E+00        0.0000000E+00
hkr09c00                  28.0486        1.0000000E+00        0.0000000E+00
hkr09c01                  30.9888        1.0000000E+00        0.0000000E+00
hkr09c02                  15.5398        1.0000000E+00        0.0000000E+00
hkr09c03                 -3.01476        1.0000000E+00        0.0000000E+00
hkr09c08                  36.4753        1.0000000E+00        0.0000000E+00
hkr09c09                  17.5955        1.0000000E+00        0.0000000E+00
hkr09c10                  11.4238        1.0000000E+00        0.0000000E+00
hkr09c11                  17.8792        1.0000000E+00        0.0000000E+00
hkr09c12                  39.7757        1.0000000E+00        0.0000000E+00
hkr09c13                  25.1893        1.0000000E+00        0.0000000E+00
hkr09c14                  25.5783        1.0000000E+00        0.0000000E+00
hkr09c15                  23.8144        1.0000000E+00        0.0000000E+00
hkr09c16                  11.8463        1.0000000E+00        0.0000000E+00
hkr09c17                  1.11601        1.0000000E+00        0.0000000E+00
hkr09c18                   10.971        1.0000000E+00        0.0000000E+00
hkr09c19                 -19.7535        1.0000000E+00        0.0000000E+00
hkr10c00                  7.05479        1.0000000E+00        0.0000000E+00
hkr10c01                 -34.8298        1.0000000E+00        0.0000000E+00
hkr10c02                    27.68        1.0000000E+00        0.0000000E+00
hkr10c03                  10.5963        1.0000000E+00        0.0000000E+00
hkr10c08                  20.5245        1.0000000E+00        0.0000000E+00
hkr10c09                 -2.20645        1.0000000E+00        0.0000000E+00
hkr10c10                  13.2426        1.0000000E+00        0.0000000E+00
hkr10c11                   12.872        1.0000000E+00        0.0000000E+00
hkr10c12                  4.64618        1.0000000E+00        0.0000000E+00
hkr10c13                  16.0632        1.0000000E+00        0.0000000E+00
hkr10c14                  11.0175        1.0000000E+00        0.0000000E+00
hkr10c15                  3.26076        1.0000000E+00        0.0000000E+00
hkr10c16                  33.9833        1.0000000E+00        0.0000000E+00
hkr10c17                   1.4373        1.0000000E+00        0.0000000E+00
hkr10c18                  7.15865        1.0000000E+00        0.0000000E+00
hkr10c19                -0.768235        1.0000000E+00        0.0000000E+00
hkr11c00                 -3.36593        1.0000000E+00        0.0000000E+00
hkr11c01                  10.9702        1.0000000E+00        0.0000000E+00
hkr11c02                  6.97035        1.0000000E+00        0.0000000E+00
hkr11c03                  17.0209        1.0000000E+00        0.0000000E+00
hkr11c08                 -11.7213        1.0000000E+00        0.0000000E+00
hkr11c09                  8.94974        1.0000000E+00        0.0000000E+00
hkr11c10                  27.8277        1.0000000E+00        0.0000000E+00
hkr11c11                 -20.5322        1.0000000E+00        0.0000000E+00
hkr11c12                 -26.8708        1.0000000E+00        0.0000000E+00
hkr11c13                   6.6247        1.0000000E+00        0.0000000E+00
hkr11c14                 -4.95435        1.0000000E+00        0.0000000E+00
hkr11c15                  10.1027        1.0000000E+00        0.0000000E+00
hkr11c16                 -7.83769        1.0000000E+00        0.0000000E+00
hkr11c17                0.0979454        1.0000000E+00        0.0000000E+00
hkr11c18                  5.57579        1.0000000E+00        0.0000000E+00
hkr11c19                  29.1936        1.0000000E+00        0.0000000E+00
hkr12c00                  23.2773        1.0000000E+00        0.0000000E+00
hkr12c01                  18.4135        1.0000000E+00        0.0000000E+00
hkr12c02                  8.35339        1.0000000E+00        0.0000000E+00
hkr12c03                  2.65042        1.0000000E+00        0.0000000E+00
hkr12c08                  15.9336        1.0000000E+00        0.0000000E+00
hkr12c09                  27.4226        1.0000000E+00        0.0000000E+00
hkr12c10                  6.77134        1.0000000E+00        0.0000000E+00
hkr12c11                 -2.21378        1.0000000E+00        0.0000000E+00
hkr12c12                   6.5961        1.0000000E+00        0.0000000E+00
hkr12c13                 -17.9788        1.0000000E+00        0.0000000E+00
hkr12c14                  28.8374        1.0000000E+00        0.0000000E+00
hkr12c15                 -3.15086        1.0000000E+00        0.0000000E+00
hkr12c16                 -5.17674        1.0000000E+00        0.0000000E+00
hkr12c17                  17.8986        1.0000000E+00        0.0000000E+00
hkr12c18                  12.8254        1.0000000E+00        0.0000000E+00
hkr12c19                 -11.4114        1.0000000E+00        0.0000000E+00
hkr13c00                  18.5792        1.0000000E+00        0.0000000E+00
hkr13c01                 -19.9887        1.0000000E+00        0.0000000E+00
hkr13c02                  14.6646        1.0000000E+00        0.0000000E+00
hkr13c03                  1.78738        1.0000000E+00        0.0000000E+00
hkr13c08                  18.2413        1.0000000E+00        0.0000000E+00
hkr13c09                 -3.50724        1.0000000E+00        0.0000000E+00
hkr13c10                  1.84898        1.0000000E+00        0.0000000E+00
hkr13c11                 -2.38333        1.0000000E+00        0.0000000E+00
hkr13c12                 -8.56463        1.0000000E+00        0.0000000E+00
hkr13c13                 -30.1168        1.0000000E+00        0.0000000E+00
hkr13c14                 -5.43745        1.0000000E+00        0.0000000E+00
hkr13c15                  4.76974        1.0000000E+00        0.0000000E+00
hkr13c16                 -30.0203        1.0000000E+00        0.0000000E+00
hkr13c17                  38.3963        1.0000000E+00        0.0000000E+00
hkr13c18                  1.86179        1.0000000E+00        0.0000000E+00
hkr13c19                 -13.9003        1.0000000E+00        0.0000000E+00
hkr14c00                 -15.0386        1.0000000E+00        0.0000000E+00
hkr14c01                 -19.1443        1.0000000E+00        0.0000000E+00
hkr14c02                  4.00744        1.0000000E+00        0.0000000E+00
hkr14c03                 -7.78555        1.0000000E+00        0.0000000E+00
hkr14c08                  28.6198        1.0000000E+00        0.0000000E+00
hkr14c09                  19.3924        1.0000000E+00        0.0000000E+00
hkr14c10                 -3.94769        1.0000000E+00        0.0000000E+00
hkr14c11                  5.76348        1.0000000E+00        0.0000000E+00
hkr14c12                  20.4071        1.0000000E+00        0.0000000E+00
hkr14c13                 -23.0519        1.0000000E+00        0.0000000E+00
hkr14c14                  5.04579        1.0000000E+00        0.0000000E+00
hkr14c15                  28.6368        1.0000000E+00        0.0000000E+00
hkr14c16                  11.9527        1.0000000E+00        0.0000000E+00
hkr14c17                 -20.4521        1.0000000E+00        0.0000000E+00
hkr14c18                  13.2105        1.0000000E+00        0.0000000E+00
hkr14c19                  9.78302        1.0000000E+00        0.0000000E+00
hkr15c00                  24.5224        1.0000000E+00        0.0000000E+00
hkr15c01                  12.4859        1.0000000E+00        0.0000000E+00
hkr15c02                  26.0179        1.0000000E+00        0.0000000E+00
hkr15c03                 -16.9895        1.0000000E+00        0.0000000E+00
hkr15c08                 -3.28093        1.0000000E+00        0.0000000E+00
hkr15c09                   17.204        1.0000000E+00        0.0000000E+00
hkr15c10                 -20.0544        1.0000000E+00        0.0000000E+00
hkr15c11                 -3.23493        1.0000000E+00        0.0000000E+00
hkr15c12                 0.155663        1.0000000E+00        0.0000000E+00
hkr15c13                  3.75284        1.0000000E+00        0.0000000E+00
hkr15c14                  20.1274        1.0000000E+00        0.0000000E+00
hkr15c15                 -20.3404        1.0000000E+00        0.0000000E+00
hkr15c16                   18.224        1.0000000E+00        0.0000000E+00
hkr15c17                 -15.4341        1.0000000E+00        0.0000000E+00
hkr15c18                  11.1907        1.0000000E+00        0.0000000E+00
hkr15c19                 -13.9399        1.0000000E+00        0.0000000E+00
hkr16c00                  2.02031        1.0000000E+00        0.0000000E+00
hkr16c01                 -21.0321        1.0000000E+00        0.0000000E+00
hkr16c02                 -5.52001        1.0000000E+00        0.0000000E+00
hkr16c03                   21.589        1.0000000E+00        0.0000000E+00
hkr16c08                  6.31147        1.0000000E+00        0.0000000E+00
hkr16c09                  -15.973        1.0000000E+00        0.0000000E+00
hkr16c10                  14.7242        1.0000000E+00        0.0000000E+00
hkr16c11                 -11.3551        1.0000000E+00        0.0000000E+00
hkr16c12                  3.71918        1.0000000E+00        0.0000000E+00
hkr16c13                  12.8934        1.0000000E+00        0.0000000E+00
hkr16c14                  32.6056        1.0000000E+00        0.0000000E+00
hkr16c15                 -1.69719        1.0000000E+00        0.0000000E+00
hkr16c16                 -1.56861        1.0000000E+00        0.0000000E+00
hkr16c17                  21.7336        1.0000000E+00        0.0000000E+00
hkr16c18                  16.8585        1.0000000E+00        0.0000000E+00
hkr16c19                  13.2231        1.0000000E+00        0.0000000E+00
hkr17c00                 -1.09047        1.0000000E+00        0.0000000E+00
hkr17c01                 -9.78421        1.0000000E+00        0.0000000E+00
hkr17c02                  25.3159        1.0000000E+00        0.0000000E+00
hkr17c03                 0.913457        1.0000000E+00        0.0000000E+00
hkr17c08                  16.5226        1.0000000E+00        0.0000000E+00
hkr17c09                  20.9311        1.0000000E+00        0.0000000E+00
hkr17c10                   8.1872        1.0000000E+00        0.0000000E+00
hkr17c11                 -24.5459        1.0000000E+00        0.0000000E+00
hkr17c12                 -10.8148        1.0000000E+00        0.0000000E+00
hkr17c13                  1.83154        1.0000000E+00        0.0000000E+00
hkr17c14                  9.87994        1.0000000E+00        0.0000000E+00
hkr17c15                  -3.1815        1.0000000E+00        0.0000000E+00
hkr17c16                  1.13572        1.0000000E+00        0.0000000E+00
hkr17c17                 -2.77863        1.0000000E+00        0.0000000E+00
hkr17c18                  4.23807        1.0000000E+00        0.0000000E+00
hkr17c19                 -1.36725        1.0000000E+00        0.0000000E+00
hkr18c00                 -12.6486        1.0000000E+00        0.0000000E+00
hkr18c01                  38.1897        1.0000000E+00        0.0000000E+00
hkr18c02                 -4.09109        1.0000000E+00        0.0000000E+00
hkr18c03                  12.7594        1.0000000E+00        0.0000000E+00
hkr18c08                  -1.6039        1.0000000E+00        0.0000000E+00
hkr18c09                -0.377666        1.0000000E+00        0.0000000E+00
hkr18c10                  23.8042        1.0000000E+00        0.0000000E+00
hkr18c11                  37.3004        1.0000000E+00        0.0000000E+00
hkr18c12                  10.4497        1.0000000E+00        0.0000000E+00
hkr18c13                  19.8984        1.0000000E+00        0.0000000E+00
hkr18c14                  12.3143        1.0000000E+00        0.0000000E+00
hkr18c15                  8.13259        1.0000000E+00        0.0000000E+00
hkr18c16                 -15.5208        1.0000000E+00        0.0000000E+00
hkr18c17                  24.1472        1.0000000E+00        0.0000000E+00
hkr18c18                 -6.80389        1.0000000E+00        0.0000000E+00
hkr18c19                 -5.67123        1.0000000E+00        0.0000000E+00
hkr19c00                  15.6821        1.0000000E+00        0.0000000E+00
hkr19c01                -0.639161        1.0000000E+00        0.0000000E+00
hkr19c02                 -24.6988        1.0000000E+00        0.0000000E+00
hkr19c03                -0.820894        1.0000000E+00        0.0000000E+00
hkr19c08                 0.938054        1.0000000E+00        0.0000000E+00
hkr19c09                  3.65531        1.0000000E+00        0.0000000E+00
hkr19c10                  18.9573        1.0000000E+00        0.0000000E+00
hkr19c11                  17.5709        1.0000000E+00        0.0000000E+00
hkr19c12                  3.81397        1.0000000E+00        0.0000000E+00
hkr19c13                 -6.50628        1.0000000E+00        0.0000000E+00
hkr19c14                  26.0777        1.0000000E+00        0.0000000E+00
hkr19c15                 -19.7103        1.0000000E+00        0.0000000E+00
hkr19c16                  -6.5258        1.0000000E+00        0.0000000E+00
hkr19c17                  30.6566        1.0000000E+00        0.0000000E+00
hkr19c18                  16.1097        1.0000000E+00        0.0000000E+00
hkr19c19                  2.66676        1.0000000E+00        0.0000000E+00
hkr20c00                 -1.27354        1.0000000E+00        0.0000000E+00
hkr20c01                   29.829        1.0000000E+00        0.0000000E+00
hkr20c02                 -18.2704        1.0000000E+00        0.0000000E+00
hkr20c03                  25.2591        1.0000000E+00        0.0000000E+00
hkr20c08                  18.4716        1.0000000E+00        0.0000000E+00
hkr20c09                  16.3337        1.0000000E+00        0.0000000E+00
hkr20c10                  35.8351        1.0000000E+00        0.0000000E+00
hkr20c11                 -13.9108        1.0000000E+00        0.0000000E+00
hkr20c12                  8.70564        1.0000000E+00        0.0000000E+00
hkr20c13                 -1.09705        1.0000000E+00        0.0000000E+00
hkr20c14                   26.692        1.0000000E+00        0.0000000E+00
hkr20c15                  19.4241        1.0000000E+00        0.0000000E+00
hkr20c16                  38.4814        1.0000000E+00        0.0000000E+00
hkr20c17                  9.27453        1.0000000E+00        0.0000000E+00
hkr20c18                 -2.50817        1.0000000E+00        0.0000000E+00
hkr20c19                  28.5045        1.0000000E+00        0.0000000E+00
hkr21c00                 -23.9205        1.0000000E+00        0.0000000E+00
hkr21c01                 -3.07339        1.0000000E+00        0.0000000E+00
hkr21c02                -0.435656        1.0000000E+00        0.0000000E+00
hkr21c03                 -34.4825        1.0000000E+00        0.0000000E+00
hkr21c06                  40.0742        1.0000000E+00        0.0000000E+00
hkr21c07                  22.8324        1.0000000E+00        0.0000000E+00
hkr21c08                  28.3618        1.0000000E+00        0.0000000E+00
hkr21c09                   8.9582        1.0000000E+00        0.0000000E+00
hkr21c10                  22.2209        1.0000000E+00        0.0000000E+00
hkr21c11                  28.7282        1.0000000E+00        0.0000000E+00
hkr21c12                  7.03799        1.0000000E+00        0.0000000E+00
hkr21c13                  28.7206        1.0000000E+00        0.0000000E+00
hkr21c14                 -3.19952        1.0000000E+00        0.0000000E+00
hkr21c15                 -16.1857        1.0000000E+00        0.0000000E+00
hkr21c16                  3.75771        1.0000000E+00        0.0000000E+00
hkr21c17                -0.430802        1.0000000E+00        0.0000000E+00
hkr21c18                  -1.7131        1.0000000E+00        0.0000000E+00
hkr21c19                  13.9971        1.0000000E+00        0.0000000E+00
hkr22c00                  6.64507        1.0000000E+00        0.0000000E+00
hkr22c01                  6.52188        1.0000000E+00        0.0000000E+00
hkr22c02                 -1.03147        1.0000000E+00        0.0000000E+00
hkr22c03                   17.093        1.0000000E+00        0.0000000E+00
hkr22c04                  19.9158        1.0000000E+00        0.0000000E+00
hkr22c06                  4.71967        1.0000000E+00        0.0000000E+00
hkr22c07                 -12.5741        1.0000000E+00        0.0000000E+00
hkr22c08                  6.49794        1.0000000E+00        0.0000000E+00
hkr22c09                  24.1554        1.0000000E+00        0.0000000E+00
hkr22c10                 -2.45245        1.0000000E+00        0.0000000E+00
hkr22c11                   16.456        1.0000000E+00        0.0000000E+00
hkr22c12                  2.93187        1.0000000E+00        0.0000000E+00
hkr22c13                  18.7104        1.0000000E+00        0.0000000E+00
hkr22c14                  11.5432        1.0000000E+00        0.0000000E+00
hkr22c15                 -11.8336        1.0000000E+00        0.0000000E+00
hkr22c16                 -21.4695        1.0000000E+00        0.0000000E+00
hkr22c17                  10.4442        1.0000000E+00        0.0000000E+00
hkr22c18                  1.86387        1.0000000E+00        0.0000000E+00
hkr22c19                  17.5461        1.0000000E+00        0.0000000E+00
hkr23c00                  8.90845        1.0000000E+00        0.0000000E+00
hkr23c01                  28.4878        1.0000000E+00        0.0000000E+00
hkr23c02                  2.26201        1.0000000E+00        0.0000000E+00
hkr23c03                  12.5478        1.0000000E+00        0.0000000E+00
hkr23c04                 -5.45679        1.0000000E+00        0.0000000E+00
hkr23c05                 0.819333        1.0000000E+00        0.0000000E+00
hkr23c06                  16.0097        1.0000000E+00        0.0000000E+00
hkr23c07                  23.8405        1.0000000E+00        0.0000000E+00
hkr23c08                  47.1846        1.0000000E+00        0.0000000E+00
hkr23c09                -0.115118        1.0000000E+00        0.0000000E+00
hkr23c10                 -2.72999        1.0000000E+00        0.0000000E+00
hkr23c11                  26.1694        1.0000000E+00        0.0000000E+00
hkr23c12                  2.62819        1.0000000E+00        0.0000000E+00
hkr23c13                 -2.98118        1.0000000E+00        0.0000000E+00
hkr23c14                  14.6642        1.0000000E+00        0.0000000E+00
hkr23c15                  11.5752        1.0000000E+00        0.0000000E+00
hkr23c16                -0.870095        1.0000000E+00        0.0000000E+00
hkr23c17                 -4.68086        1.0000000E+00        0.0000000E+00
hkr23c18                 -6.29186        1.0000000E+00        0.0000000E+00
hkr23c19                  1.87263        1.0000000E+00        0.0000000E+00
hkr24c00                  10.2346        1.0000000E+00        0.0000000E+00
hkr24c01                 -2.44496        1.0000000E+00        0.0000000E+00
hkr24c02                  3.98418        1.0000000E+00        0.0000000E+00
hkr24c03                  4.21842        1.0000000E+00        0.0000000E+00
hkr24c04                  32.7826        1.0000000E+00        0.0000000E+00
hkr24c05                  5.38424        1.0000000E+00        0.0000000E+00
hkr24c06                  10.6299        1.0000000E+00        0.0000000E+00
hkr24c07                  18.7508        1.0000000E+00        0.0000000E+00
hkr24c08                  13.4816        1.0000000E+00        0.0000000E+00
hkr24c09                 -15.7299        1.0000000E+00        0.0000000E+00
hkr24c10                  11.9807        1.0000000E+00        0.0000000E+00
hkr24c11                 -4.20459        1.0000000E+00        0.0000000E+00
hkr24c12                 -5.42991        1.0000000E+00        0.0000000E+00
hkr24c13                -0.937847        1.0000000E+00        0.0000000E+00
hkr24c14                  2.06675        1.0000000E+00        0.0000000E+00
hkr24c15                  -5.3264        1.0000000E+00        0.0000000E+00
hkr24c16                 -9.40323        1.0000000E+00        0.0000000E+00
hkr24c17                  7.06005        1.0000000E+00        0.0000000E+00
hkr24c18                  28.7229        1.0000000E+00        0.0000000E+00
hkr24c19                -0.433291        1.0000000E+00        0.0000000E+00
hkr25c00                  31.3122        1.0000000E+00        0.0000000E+00
hkr25c01                  8.29509        1.0000000E+00        0.0000000E+00
hkr25c02                  3.42693        1.0000000E+00        0.0000000E+00
hkr25c03                 0.707151        1.0000000E+00        0.0000000E+00
hkr25c04                  28.5993        1.0000000E+00        0.0000000E+00
hkr25c05                   18.997        1.0000000E+00        0.0000000E+00
hkr25c06                  3.34727        1.0000000E+00        0.0000000E+00
hkr25c07                -0.560921        1.0000000E+00        0.0000000E+00
hkr25c08                  13.9598        1.0000000E+00        0.0000000E+00
hkr25c09                  -4.7143        1.0000000E+00        0.0000000E+00
hkr25c10                -0.392665        1.0000000E+00        0.0000000E+00
hkr25c11                   15.669        1.0000000E+00        0.0000000E+00
hkr25c12                 -25.5932        1.0000000E+00        0.0000000E+00
hkr25c13                 0.963495        1.0000000E+00        0.0000000E+00
hkr25c14                  17.6995        1.0000000E+00        0.0000000E+00
hkr25c15                  24.9282        1.0000000E+00        0.0000000E+00
hkr25c16                  12.1475        1.0000000E+00        0.0000000E+00
hkr25c17                 -11.6384        1.0000000E+00        0.0000000E+00
hkr25c18                  3.87958        1.0000000E+00        0.0000000E+00
hkr25c19                  12.8599        1.0000000E+00        0.0000000E+00
hkr26c00                 -5.48515        1.0000000E+00        0.0000000E+00
hkr26c01                  19.9952        1.0000000E+00        0.0000000E+00
hkr26c02                  14.6939        1.0000000E+00        0.0000000E+00
hkr26c03                   10.462        1.0000000E+00        0.0000000E+00
hkr26c04                 -11.0037        1.0000000E+00        0.0000000E+00
hkr26c05                 -11.3889        1.0000000E+00        0.0000000E+00
hkr26c06                  -30.201        1.0000000E+00        0.0000000E+00
hkr26c07                  1.58451        1.0000000E+00        0.0000000E+00
hkr26c08                  14.0787        1.0000000E+00        0.0000000E+00
hkr26c09                   2.4616        1.0000000E+00        0.0000000E+00
hkr26c10                  -5.3008        1.0000000E+00        0.0000000E+00
hkr26c11                  8.70036        1.0000000E+00        0.0000000E+00
hkr26c12                 -22.7091        1.0000000E+00        0.0000000E+00
hkr26c13                 -14.4832        1.0000000E+00        0.0000000E+00
hkr26c14                 -3.36557        1.0000000E+00        0.0000000E+00
hkr26c15                 0.693677        1.0000000E+00        0.0000000E+00
hkr26c16                  22.4947        1.0000000E+00        0.0000000E+00
hkr26c17               0.00244482        1.0000000E+00        0.0000000E+00
hkr26c18                  3.13073        1.0000000E+00        0.0000000E+00
hkr26c19                  24.2853        1.0000000E+00        0.0000000E+00
hkr27c00                  10.3751        1.0000000E+00        0.0000000E+00
hkr27c01                  15.3075        1.0000000E+00        0.0000000E+00
hkr27c02                  3.53522        1.0000000E+00        0.0000000E+00
hkr27c03                 -15.4572        1.0000000E+00        0.0000000E+00
hkr27c04                  7.33149        1.0000000E+00        0.0000000E+00
hkr27c05                  36.6199        1.0000000E+00        0.0000000E+00
hkr27c06                  2.72338        1.0000000E+00        0.0000000E+00
hkr27c07                 -9.48053        1.0000000E+00        0.0000000E+00
hkr27c08                 -1.41876        1.0000000E+00        0.0000000E+00
hkr27c09                  15.3168        1.0000000E+00        0.0000000E+00
hkr27c10                  19.1233        1.0000000E+00        0.0000000E+00
hkr27c11                 -2.26062        1.0000000E+00        0.0000000E+00
hkr27c12                  16.0335        1.0000000E+00        0.0000000E+00
hkr27c13                  30.7068        1.0000000E+00        0.0000000E+00
hkr27c14                 -13.0601        1.0000000E+00        0.0000000E+00
hkr27c15                  11.9408        1.0000000E+00        0.0000000E+00
hkr27c16                  20.8843        1.0000000E+00        0.0000000E+00
hkr27c17                 -1.73961        1.0000000E+00        0.0000000E+00
hkr27c18                  6.75689        1.0000000E+00        0.0000000E+00
hkr27c19                   24.484        1.0000000E+00        0.0000000E+00
hkr28c00                 -2.54541        1.0000000E+00        0.0000000E+00
hkr28c01                  10.1619        1.0000000E+00        0.0000000E+00
hkr28c02                  13.3339        1.0000000E+00        0.0000000E+00
hkr28c03                  17.2462        1.0000000E+00        0.0000000E+00
hkr28c04                  8.95543        1.0000000E+00        0.0000000E+00
hkr28c05                  19.3494        1.0000000E+00        0.0000000E+00
hkr28c06                  12.1506        1.0000000E+00        0.0000000E+00
hkr28c07                 -24.1665        1.0000000E+00        0.0000000E+00
hkr28c08                  19.8902        1.0000000E+00        0.0000000E+00
hkr28c09                  43.5149        1.0000000E+00        0.0000000E+00
hkr28c10                  33.8457        1.0000000E+00        0.0000000E+00
hkr28c11                 0.721921        1.0000000E+00        0.0000000E+00
hkr28c12                  31.0805        1.0000000E+00        0.0000000E+00
hkr28c13                 0.166949        1.0000000E+00        0.0000000E+00
hkr28c14                  31.2624        1.0000000E+00        0.0000000E+00
hkr28c15                  19.2937        1.0000000E+00        0.0000000E+00
hkr28c16                  22.6749        1.0000000E+00        0.0000000E+00
hkr28c17                  4.20535        1.0000000E+00        0.0000000E+00
hkr28c18                  4.37088        1.0000000E+00        0.0000000E+00
hkr28c19                  12.9391        1.0000000E+00        0.0000000E+00
hkr29c00                 -6.15617        1.0000000E+00        0.0000000E+00
hkr29c01                  2.11029        1.0000000E+00        0.0000000E+00
hkr29c02                  23.3158        1.0000000E+00        0.0000000E+00
hkr29c03                  9.91001        1.0000000E+00        0.0000000E+00
hkr29c04                  15.3689        1.0000000E+00        0.0000000E+00
hkr29c05                  36.7915        1.0000000E+00        0.0000000E+00
hkr29c06                  -14.198        1.0000000E+00        0.0000000E+00
hkr29c07                 -10.5978        1.0000000E+00        0.0000000E+00
hkr29c08                 -4.22455        1.0000000E+00        0.0000000E+00
hkr29c09                  -4.2936        1.0000000E+00        0.0000000E+00
hkr29c10                  1.05245        1.0000000E+00        0.0000000E+00
hkr29c11                 -7.67341        1.0000000E+00        0.0000000E+00
hkr29c12                 -4.99353        1.0000000E+00        0.0000000E+00
hkr29c13                  17.9744        1.0000000E+00        0.0000000E+00
hkr29c14                  9.70579        1.0000000E+00        0.0000000E+00
hkr29c15                  7.47964        1.0000000E+00        0.0000000E+00
hkr29c16                  16.5167        1.0000000E+00        0.0000000E+00
hkr29c17                  4.40082        1.0000000E+00        0.0000000E+00
hkr29c18                 -12.4408        1.0000000E+00        0.0000000E+00
hkr29c19                  30.3007        1.0000000E+00        0.0000000E+00
hkr30c00                 -8.67149        1.0000000E+00        0.0000000E+00
hkr30c01                  10.4715        1.0000000E+00        0.0000000E+00
hkr30c02                  13.0355        1.0000000E+00        0.0000000E+00
hkr30c03                  9.93133        1.0000000E+00        0.0000000E+00
hkr30c04                -0.314309        1.0000000E+00        0.0000000E+00
hkr30c05                  24.0968        1.0000000E+00        0.0000000E+00
hkr30c06                 -6.79986        1.0000000E+00        0.0000000E+00
hkr30c07                  6.21099        1.0000000E+00        0.0000000E+00
hkr30c08                  9.32663        1.0000000E+00        0.0000000E+00
hkr30c09                 -21.1402        1.0000000E+00        0.0000000E+00
hkr30c10                 -15.6764        1.0000000E+00        0.0000000E+00
hkr30c11                 -5.30533        1.0000000E+00        0.0000000E+00
hkr30c12                  10.0004        1.0000000E+00        0.0000000E+00
hkr30c13                  9.69664        1.0000000E+00        0.0000000E+00
hkr30c14                   5.4807        1.0000000E+00        0.0000000E+00
hkr30c15                -0.900068        1.0000000E+00        0.0000000E+00
hkr30c16                 -1.14055        1.0000000E+00        0.0000000E+00
hkr30c17                 -9.23617        1.0000000E+00        0.0000000E+00
hkr30c18                  1.12683        1.0000000E+00        0.0000000E+00
hkr30c19                  19.6995        1.0000000E+00        0.0000000E+00
hkr31c00                  11.5603        1.0000000E+00        0.0000000E+00
hkr31c01                  21.6109        1.0000000E+00        0.0000000E+00
hkr31c02                 -7.24203        1.0000000E+00        0.0000000E+00
hkr31c03                  7.76304        1.0000000E+00        0.0000000E+00
hkr31c04                 -1.49774        1.0000000E+00        0.0000000E+00
hkr31c05                 -3.59391        1.0000000E+00        0.0000000E+00
hkr31c06                  18.6146        1.0000000E+00        0.0000000E+00
hkr31c07                  27.5201        1.0000000E+00        0.0000000E+00
hkr31c08                  21.0162        1.0000000E+00        0.0000000E+00
hkr31c09                  12.1815        1.0000000E+00        0.0000000E+00
hkr31c10                  7.18568        1.0000000E+00        0.0000000E+00
hkr31c11                  33.8847        1.0000000E+00        0.0000000E+00
hkr31c12                 -21.2873        1.0000000E+00        0.0000000E+00
hkr31c13                  16.2845        1.0000000E+00        0.0000000E+00
hkr31c14                  4.98268        1.0000000E+00        0.0000000E+00
hkr31c15                  3.55489        1.0000000E+00        0.0000000E+00
hkr31c16                -0.496305        1.0000000E+00        0.0000000E+00
hkr31c17                  9.80113        1.0000000E+00        0.0000000E+00
hkr31c18                  29.5292        1.0000000E+00        0.0000000E+00
hkr31c19                  -18.501        1.0000000E+00        0.0000000E+00
hkr32c01                  3.78747        1.0000000E+00        0.0000000E+00
hkr32c02                  15.9016        1.0000000E+00        0.0000000E+00
hkr32c03                  20.2413        1.0000000E+00        0.0000000E+00
hkr32c04                  10.9158        1.0000000E+00        0.0000000E+00
hkr32c05                  9.39414        1.0000000E+00        0.0000000E+00
hkr32c06                  34.4413        1.0000000E+00        0.0000000E+00
hkr32c07                  26.3178        1.0000000E+00        0.0000000E+00
hkr32c08                  14.6995        1.0000000E+00        0.0000000E+00
hkr32c09                   6.1397        1.0000000E+00        0.0000000E+00
hkr32c10                 0.604438        1.0000000E+00        0.0000000E+00
hkr32c11                  13.0198        1.0000000E+00        0.0000000E+00
hkr32c12                 0.815339        1.0000000E+00        0.0000000E+00
hkr32c13                  4.57717        1.0000000E+00        0.0000000E+00
hkr32c14                 -9.30176        1.0000000E+00        0.0000000E+00
hkr32c15                  52.5879        1.0000000E+00        0.0000000E+00
hkr32c16                  12.3945        1.0000000E+00        0.0000000E+00
hkr32c17                  6.30584        1.0000000E+00        0.0000000E+00
hkr32c18                  6.02105        1.0000000E+00        0.0000000E+00
hkr32c19                   3.7538        1.0000000E+00        0.0000000E+00
hkr33c02                  3.84254        1.0000000E+00        0.0000000E+00
hkr33c03                  13.3923        1.0000000E+00        0.0000000E+00
hkr33c04                  2.72608        1.0000000E+00        0.0000000E+00
hkr33c05                  8.28387        1.0000000E+00        0.0000000E+00
hkr33c06                 -24.6128        1.0000000E+00        0.0000000E+00
hkr33c07                   20.555        1.0000000E+00        0.0000000E+00
hkr33c08                  6.77089        1.0000000E+00        0.0000000E+00
hkr33c09                  15.5731        1.0000000E+00        0.0000000E+00
hkr33c10                  21.7297        1.0000000E+00        0.0000000E+00
hkr33c11                  5.59488        1.0000000E+00        0.0000000E+00
hkr33c12                  26.0771        1.0000000E+00        0.0000000E+00
hkr33c13                  6.61862        1.0000000E+00        0.0000000E+00
hkr33c14                  21.3062        1.0000000E+00        0.0000000E+00
hkr33c15                  12.1315        1.0000000E+00        0.0000000E+00
hkr33c16                  17.6307        1.0000000E+00        0.0000000E+00
hkr33c17                  5.49605        1.0000000E+00        0.0000000E+00
hkr33c18                  18.9801        1.0000000E+00        0.0000000E+00
hkr33c19                  4.00551        1.0000000E+00        0.0000000E+00
hkr34c03                 -13.2967        1.0000000E+00        0.0000000E+00
hkr34c04                 -4.28239        1.0000000E+00        0.0000000E+00
hkr34c05                 -2.44707        1.0000000E+00        0.0000000E+00
hkr34c06                  8.92413        1.0000000E+00        0.0000000E+00
hkr34c07                  16.8119        1.0000000E+00        0.0000000E+00
hkr34c08                 -12.0462        1.0000000E+00        0.0000000E+00
hkr34c09                  9.02947        1.0000000E+00        0.0000000E+00
hkr34c10                  17.6262        1.0000000E+00        0.0000000E+00
hkr34c11                 -41.8353        1.0000000E+00        0.0000000E+00
hkr34c12                 -15.5163        1.0000000E+00        0.0000000E+00
hkr34c13                  14.8255        1.0000000E+00        0.0000000E+00
hkr34c14                 -4.60466        1.0000000E+00        0.0000000E+00
hkr34c15                -0.946734        1.0000000E+00        0.0000000E+00
hkr34c16                  6.43108        1.0000000E+00        0.0000000E+00
hkr34c17                  37.1138        1.0000000E+00        0.0000000E+00
hkr34c18                 -22.9213        1.0000000E+00        0.0000000E+00
hkr34c19                   29.393        1.0000000E+00        0.0000000E+00
hkr35c04                 -3.23453        1.0000000E+00        0.0000000E+00
hkr35c05                 -28.4418        1.0000000E+00        0.0000000E+00
hkr35c06                  14.0885        1.0000000E+00        0.0000000E+00
hkr35c07                  6.91284        1.0000000E+00        0.0000000E+00
hkr35c08                  10.2944        1.0000000E+00        0.0000000E+00
hkr35c09                  3.35418        1.0000000E+00        0.0000000E+00
hkr35c10                  21.7872        1.0000000E+00        0.0000000E+00
hkr35c11                 -7.90161        1.0000000E+00        0.0000000E+00
hkr35c12                  17.0956        1.0000000E+00        0.0000000E+00
hkr35c13                 -7.54757        1.0000000E+00        0.0000000E+00
hkr35c14                 -15.5961        1.0000000E+00        0.0000000E+00
hkr35c15                  16.1075        1.0000000E+00        0.0000000E+00
hkr35c16                  7.33378        1.0000000E+00        0.0000000E+00
hkr35c17                  10.1897        1.0000000E+00        0.0000000E+00
hkr35c18                  7.99647        1.0000000E+00        0.0000000E+00
hkr36c04                  24.9752        1.0000000E+00        0.0000000E+00
hkr36c05                 -27.6142        1.0000000E+00        0.0000000E+00
hkr36c06                  29.8033        1.0000000E+00        0.0000000E+00
hkr36c07                  19.9683        1.0000000E+00        0.0000000E+00
hkr36c08                  5.94246        1.0000000E+00        0.0000000E+00
hkr36c09                 -10.9296        1.0000000E+00        0.0000000E+00
hkr36c10                  10.0756        1.0000000E+00        0.0000000E+00
hkr36c11                  1.60789        1.0000000E+00        0.0000000E+00
hkr36c12                   13.224        1.0000000E+00        0.0000000E+00
hkr36c13                  32.0579        1.0000000E+00        0.0000000E+00
hkr36c14                 -10.1275        1.0000000E+00        0.0000000E+00
hkr36c15                  5.79495        1.0000000E+00        0.0000000E+00
hkr36c16                  27.6825        1.0000000E+00        0.0000000E+00
hkr36c17                  9.63234        1.0000000E+00        0.0000000E+00
hkr36c18                  17.0765        1.0000000E+00        0.0000000E+00
hkr37c05                  3.00714        1.0000000E+00        0.0000000E+00
hkr37c06                 -16.6745        1.0000000E+00        0.0000000E+00
hkr37c07                 -13.8511        1.0000000E+00        0.0000000E+00
hkr37c08                  8.52543        1.0000000E+00        0.0000000E+00
hkr37c09                   16.438        1.0000000E+00        0.0000000E+00
hkr37c10                  4.87363        1.0000000E+00        0.0000000E+00
hkr37c11                 -12.7116        1.0000000E+00        0.0000000E+00
hkr37c12                  30.5307        1.0000000E+00        0.0000000E+00
hkr37c13                  20.1766        1.0000000E+00        0.0000000E+00
hkr37c14                  2.18329        1.0000000E+00        0.0000000E+00
hkr37c15                 -1.48299        1.0000000E+00        0.0000000E+00
hkr37c16                 -1.64152        1.0000000E+00        0.0000000E+00
hkr37c17                  5.82569        1.0000000E+00        0.0000000E+00
hkr38c05                  18.7209        1.0000000E+00        0.0000000E+00
hkr38c06                  -16.321        1.0000000E+00        0.0000000E+00
hkr38c07                  1.24577        1.0000000E+00        0.0000000E+00
hkr38c08                  20.5344        1.0000000E+00        0.0000000E+00
hkr38c09                  14.1022        1.0000000E+00        0.0000000E+00
hkr38c10                  23.8033        1.0000000E+00        0.0000000E+00
hkr38c11                  21.6931        1.0000000E+00        0.0000000E+00
hkr38c12                  7.20222        1.0000000E+00        0.0000000E+00
hkr38c13                 -8.13889        1.0000000E+00        0.0000000E+00
hkr38c14                  4.95661        1.0000000E+00        0.0000000E+00
hkr38c15                  26.9922        1.0000000E+00        0.0000000E+00
hkr38c16                 -5.37274        1.0000000E+00        0.0000000E+00
hkr39c05                  22.1381        1.0000000E+00        0.0000000E+00
hkr39c06                 -1.06669        1.0000000E+00        0.0000000E+00
hkr39c07                 -10.4286        1.0000000E+00        0.0000000E+00
hkr39c08                 -3.33912        1.0000000E+00        0.0000000E+00
hkr39c09                 -9.90008        1.0000000E+00        0.0000000E+00
hkr39c10                  32.7452        1.0000000E+00        0.0000000E+00
hkr39c11                  9.25729        1.0000000E+00        0.0000000E+00
hkr39c12                  20.0696        1.0000000E+00        0.0000000E+00
hkr39c13                 -11.5832        1.0000000E+00        0.0000000E+00
hkr39c14                  1.18291        1.0000000E+00        0.0000000E+00
