single point
 rch_1                    0.9944322        1.0000000E+00        0.0000000E+00
 rch_2                      1.46447        1.0000000E+00        0.0000000E+00
 rcond00                    20978.4        1.0000000E+00        0.0000000E+00
 rcond01                   11674.28        1.0000000E+00        0.0000000E+00
 rcond02                   17655.14        1.0000000E+00        0.0000000E+00
 rcond03                   982.4681        1.0000000E+00        0.0000000E+00
 rcond04                   5187.375        1.0000000E+00        0.0000000E+00
 rcond05                   10038.19        1.0000000E+00        0.0000000E+00
 rcond06                   8376.124        1.0000000E+00        0.0000000E+00
 rcond07                   15092.11        1.0000000E+00        0.0000000E+00
 rcond08                   15559.61        1.0000000E+00        0.0000000E+00
 rcond09                   3248.368        1.0000000E+00        0.0000000E+00
 rcond10                   15550.73        1.0000000E+00        0.0000000E+00
 rcond11                   1711.517        1.0000000E+00        0.0000000E+00
 rcond12                   559.5618        1.0000000E+00        0.0000000E+00
 rcond13                   6509.499        1.0000000E+00        0.0000000E+00
 rcond14                   5865.567        1.0000000E+00        0.0000000E+00
 rcond15                   11366.54        1.0000000E+00        0.0000000E+00
 rcond16                   8018.823        1.0000000E+00        0.0000000E+00
 rcond17                   3245.935        1.0000000E+00        0.0000000E+00
 rcond18                   4427.511        1.0000000E+00        0.0000000E+00
 rcond19                    4715.14        1.0000000E+00        0.0000000E+00
 rcond20                   6710.639        1.0000000E+00        0.0000000E+00
 rcond21                   11910.53        1.0000000E+00        0.0000000E+00
 rcond22                   4001.324        1.0000000E+00        0.0000000E+00
 rcond23                   1574.011        1.0000000E+00        0.0000000E+00
 rcond24                   1022.924        1.0000000E+00        0.0000000E+00
 rcond25                   3319.046        1.0000000E+00        0.0000000E+00
 rcond26                   5452.491        1.0000000E+00        0.0000000E+00
 rcond27                   16251.55        1.0000000E+00        0.0000000E+00
 rcond28                   4237.093        1.0000000E+00        0.0000000E+00
 rcond29                   2061.865        1.0000000E+00        0.0000000E+00
 rcond30                   6586.415        1.0000000E+00        0.0000000E+00
 rcond31                   18315.88        1.0000000E+00        0.0000000E+00
 rcond32                   4827.994        1.0000000E+00        0.0000000E+00
 rcond33                   3100.948        1.0000000E+00        0.0000000E+00
 rcond34                   7848.099        1.0000000E+00        0.0000000E+00
 rcond35                   5361.855        1.0000000E+00        0.0000000E+00
 rcond36                   6563.038        1.0000000E+00        0.0000000E+00
 rcond37                   25283.57        1.0000000E+00        0.0000000E+00
 rcond38                   4259.945        1.0000000E+00        0.0000000E+00
 rcond39                   4820.173        1.0000000E+00        0.0000000E+00
 ss                    3.591002e-06        1.0000000E+00        0.0000000E+00
 sy                      0.03464904        1.0000000E+00        0.0000000E+00
 wf1_1                     690.2972       -1.0000000E+00        0.0000000E+00
 wf2_1                     379.8501       -1.0000000E+00        0.0000000E+00
 wf3_1                     351.7684       -1.0000000E+00        0.0000000E+00
 wf4_1                     67.32511       -1.0000000E+00        0.0000000E+00
 wf5_1                     55.74124       -1.0000000E+00        0.0000000E+00
 wf6_1                     384.5405       -1.0000000E+00        0.0000000E+00
 wf1_2                     981.0376       -1.0000000E+00        0.0000000E+00
 wf2_2                      392.815       -1.0000000E+00        0.0000000E+00
 wf3_2                     316.5249       -1.0000000E+00        0.0000000E+00
 wf4_2                     76.29592       -1.0000000E+00        0.0000000E+00
 wf5_2                      57.9431       -1.0000000E+00        0.0000000E+00
 wf6_2                      355.615       -1.0000000E+00        0.0000000E+00
 hkr00c00                  13.35149        1.0000000E+00        0.0000000E+00
 hkr00c01                  10.41596        1.0000000E+00        0.0000000E+00
 hkr00c02                   1.27064        1.0000000E+00        0.0000000E+00
 hkr00c03                  3.533673        1.0000000E+00        0.0000000E+00
 hkr00c04                  2.672796        1.0000000E+00        0.0000000E+00
 hkr00c05                  12.50091        1.0000000E+00        0.0000000E+00
 hkr00c06                  24.03235        1.0000000E+00        0.0000000E+00
 hkr00c07                   18.6447        1.0000000E+00        0.0000000E+00
 hkr00c08                  1.532857        1.0000000E+00        0.0000000E+00
 hkr00c09                  20.63719        1.0000000E+00        0.0000000E+00
 hkr00c10                  2.096126        1.0000000E+00        0.0000000E+00
 hkr00c11                  2.505946        1.0000000E+00        0.0000000E+00
 hkr00c12                  31.23824        1.0000000E+00        0.0000000E+00
 hkr00c13                  6.120596        1.0000000E+00        0.0000000E+00
 hkr00c14                  16.75904        1.0000000E+00        0.0000000E+00
 hkr00c15                  1.701002        1.0000000E+00        0.0000000E+00
 hkr00c16                  23.54677        1.0000000E+00        0.0000000E+00
 hkr00c17                  5.538015        1.0000000E+00        0.0000000E+00
 hkr00c18                  41.34212        1.0000000E+00        0.0000000E+00
 hkr00c19                  5.646128        1.0000000E+00        0.0000000E+00
 hkr01c00                  18.43993        1.0000000E+00        0.0000000E+00
 hkr01c01                  1.143833        1.0000000E+00        0.0000000E+00
 hkr01c02                  9.331706        1.0000000E+00        0.0000000E+00
 hkr01c03                  39.36643        1.0000000E+00        0.0000000E+00
 hkr01c04                  20.33955        1.0000000E+00        0.0000000E+00
 hkr01c05                  8.664756        1.0000000E+00        0.0000000E+00
 hkr01c06                   5.13162        1.0000000E+00        0.0000000E+00
 hkr01c07                  98.34337        1.0000000E+00        0.0000000E+00
 hkr01c08                  21.63655        1.0000000E+00        0.0000000E+00
 hkr01c09                  3.901636        1.0000000E+00        0.0000000E+00
 hkr01c10                   7.96075        1.0000000E+00        0.0000000E+00
 hkr01c11                  3.022747        1.0000000E+00        0.0000000E+00
 hkr01c12                  1.729963        1.0000000E+00        0.0000000E+00
 hkr01c13                  3.964434        1.0000000E+00        0.0000000E+00
 hkr01c14                 0.6709532        1.0000000E+00        0.0000000E+00
 hkr01c15                  2.913919        1.0000000E+00        0.0000000E+00
 hkr01c16                  2.878147        1.0000000E+00        0.0000000E+00
 hkr01c17                   26.7194        1.0000000E+00        0.0000000E+00
 hkr01c18                  25.22151        1.0000000E+00        0.0000000E+00
 hkr01c19                   17.3785        1.0000000E+00        0.0000000E+00
 hkr02c00                  3.127769        1.0000000E+00        0.0000000E+00
 hkr02c01                  7.433463        1.0000000E+00        0.0000000E+00
 hkr02c02                  8.829367        1.0000000E+00        0.0000000E+00
 hkr02c03                  5.169011        1.0000000E+00        0.0000000E+00
 hkr02c04                   5.04882        1.0000000E+00        0.0000000E+00
 hkr02c05                 0.8480108        1.0000000E+00        0.0000000E+00
 hkr02c06                  5.026076        1.0000000E+00        0.0000000E+00
 hkr02c07                  11.09249        1.0000000E+00        0.0000000E+00
 hkr02c08                  46.11659        1.0000000E+00        0.0000000E+00
 hkr02c09                  2.437626        1.0000000E+00        0.0000000E+00
 hkr02c10                  6.174637        1.0000000E+00        0.0000000E+00
 hkr02c11                  9.600815        1.0000000E+00        0.0000000E+00
 hkr02c12                  3.296154        1.0000000E+00        0.0000000E+00
 hkr02c13                  23.76495        1.0000000E+00        0.0000000E+00
 hkr02c14                  1.630895        1.0000000E+00        0.0000000E+00
 hkr02c15                  1.945488        1.0000000E+00        0.0000000E+00
 hkr02c16                  1.198877        1.0000000E+00        0.0000000E+00
 hkr02c17                  3.059931        1.0000000E+00        0.0000000E+00
 hkr02c18                  3.666585        1.0000000E+00        0.0000000E+00
 hkr02c19                   9.30813        1.0000000E+00        0.0000000E+00
 hkr03c00                  2.669245        1.0000000E+00        0.0000000E+00
 hkr03c01                  27.80094        1.0000000E+00        0.0000000E+00
 hkr03c02                  4.086283        1.0000000E+00        0.0000000E+00
 hkr03c03                  3.675333        1.0000000E+00        0.0000000E+00
 hkr03c04                  21.39521        1.0000000E+00        0.0000000E+00
 hkr03c05                  5.477284        1.0000000E+00        0.0000000E+00
 hkr03c06                  3.913786        1.0000000E+00        0.0000000E+00
 hkr03c07                  5.363791        1.0000000E+00        0.0000000E+00
 hkr03c08                  22.89497        1.0000000E+00        0.0000000E+00
 hkr03c09                   0.45692        1.0000000E+00        0.0000000E+00
 hkr03c10                  6.897717        1.0000000E+00        0.0000000E+00
 hkr03c11                  65.70117        1.0000000E+00        0.0000000E+00
 hkr03c12                  41.12977        1.0000000E+00        0.0000000E+00
 hkr03c13                  81.29462        1.0000000E+00        0.0000000E+00
 hkr03c14                  10.83181        1.0000000E+00        0.0000000E+00
 hkr03c15                  25.93359        1.0000000E+00        0.0000000E+00
 hkr03c16                  4.251205        1.0000000E+00        0.0000000E+00
 hkr03c17                  39.20306        1.0000000E+00        0.0000000E+00
 hkr03c18                  1.277585        1.0000000E+00        0.0000000E+00
 hkr03c19                  16.93039        1.0000000E+00        0.0000000E+00
 hkr04c00                  13.40863        1.0000000E+00        0.0000000E+00
 hkr04c01                   48.6683        1.0000000E+00        0.0000000E+00
 hkr04c02                  2.867553        1.0000000E+00        0.0000000E+00
 hkr04c03                  4.170023        1.0000000E+00        0.0000000E+00
 hkr04c04                  7.876243        1.0000000E+00        0.0000000E+00
 hkr04c05                 0.6391886        1.0000000E+00        0.0000000E+00
 hkr04c06                  2.106108        1.0000000E+00        0.0000000E+00
 hkr04c07                  5.279835        1.0000000E+00        0.0000000E+00
 hkr04c08                  2.455359        1.0000000E+00        0.0000000E+00
 hkr04c09                  32.13352        1.0000000E+00        0.0000000E+00
 hkr04c10                   9.19919        1.0000000E+00        0.0000000E+00
 hkr04c11                  19.43164        1.0000000E+00        0.0000000E+00
 hkr04c12                  12.55734        1.0000000E+00        0.0000000E+00
 hkr04c13                  22.72846        1.0000000E+00        0.0000000E+00
 hkr04c14                   11.0946        1.0000000E+00        0.0000000E+00
 hkr04c15                  23.20181        1.0000000E+00        0.0000000E+00
 hkr04c16                  7.086028        1.0000000E+00        0.0000000E+00
 hkr04c17                  2.325931        1.0000000E+00        0.0000000E+00
 hkr04c18                  28.87463        1.0000000E+00        0.0000000E+00
 hkr04c19                  23.58293        1.0000000E+00        0.0000000E+00
 hkr05c00                  6.753762        1.0000000E+00        0.0000000E+00
 hkr05c01                  8.135815        1.0000000E+00        0.0000000E+00
 hkr05c02                  7.390887        1.0000000E+00        0.0000000E+00
 hkr05c03                  10.41467        1.0000000E+00        0.0000000E+00
 hkr05c04                    48.052        1.0000000E+00        0.0000000E+00
 hkr05c05                  11.24251        1.0000000E+00        0.0000000E+00
 hkr05c06                  13.20331        1.0000000E+00        0.0000000E+00
 hkr05c07                 0.9155185        1.0000000E+00        0.0000000E+00
 hkr05c08                  4.064833        1.0000000E+00        0.0000000E+00
 hkr05c09                  3.448915        1.0000000E+00        0.0000000E+00
 hkr05c10                  16.54919        1.0000000E+00        0.0000000E+00
 hkr05c11                  8.361174        1.0000000E+00        0.0000000E+00
 hkr05c12                  8.578824        1.0000000E+00        0.0000000E+00
 hkr05c13                  18.72784        1.0000000E+00        0.0000000E+00
 hkr05c14                  4.712295        1.0000000E+00        0.0000000E+00
 hkr05c15                  3.156081        1.0000000E+00        0.0000000E+00
 hkr05c16                   1.96396        1.0000000E+00        0.0000000E+00
 hkr05c17                  12.29161        1.0000000E+00        0.0000000E+00
 hkr05c18                  2.950533        1.0000000E+00        0.0000000E+00
 hkr05c19                  2.626665        1.0000000E+00        0.0000000E+00
 hkr06c00                  14.58881        1.0000000E+00        0.0000000E+00
 hkr06c01                  5.608874        1.0000000E+00        0.0000000E+00
 hkr06c02                  7.325608        1.0000000E+00        0.0000000E+00
 hkr06c03                  1.160221        1.0000000E+00        0.0000000E+00
 hkr06c04                  7.938007        1.0000000E+00        0.0000000E+00
 hkr06c05                  1.911148        1.0000000E+00        0.0000000E+00
 hkr06c06                  18.56612        1.0000000E+00        0.0000000E+00
 hkr06c07                 0.2461588        1.0000000E+00        0.0000000E+00
 hkr06c08                  32.12227        1.0000000E+00        0.0000000E+00
 hkr06c09                  19.56887        1.0000000E+00        0.0000000E+00
 hkr06c10                  27.50859        1.0000000E+00        0.0000000E+00
 hkr06c11                  1.395359        1.0000000E+00        0.0000000E+00
 hkr06c12                  1.124183        1.0000000E+00        0.0000000E+00
 hkr06c13                  3.834024        1.0000000E+00        0.0000000E+00
 hkr06c14                  14.56894        1.0000000E+00        0.0000000E+00
 hkr06c15                  2.158119        1.0000000E+00        0.0000000E+00
 hkr06c16                   3.70288        1.0000000E+00        0.0000000E+00
 hkr06c17                  1.838092        1.0000000E+00        0.0000000E+00
 hkr06c18                  3.927407        1.0000000E+00        0.0000000E+00
 hkr06c19                  20.81295        1.0000000E+00        0.0000000E+00
 hkr07c00                  4.388647        1.0000000E+00        0.0000000E+00
 hkr07c01                  71.48767        1.0000000E+00        0.0000000E+00
 hkr07c02                  30.44788        1.0000000E+00        0.0000000E+00
 hkr07c03                  6.557512        1.0000000E+00        0.0000000E+00
 hkr07c04                  17.18256        1.0000000E+00        0.0000000E+00
 hkr07c05                  3.843873        1.0000000E+00        0.0000000E+00
 hkr07c06                  3.396494        1.0000000E+00        0.0000000E+00
 hkr07c07                  25.27525        1.0000000E+00        0.0000000E+00
 hkr07c08                  2.115109        1.0000000E+00        0.0000000E+00
 hkr07c09                  40.94177        1.0000000E+00        0.0000000E+00
 hkr07c10                  3.198204        1.0000000E+00        0.0000000E+00
 hkr07c11                  3.616187        1.0000000E+00        0.0000000E+00
 hkr07c12                  1.941981        1.0000000E+00        0.0000000E+00
 hkr07c13                  6.490655        1.0000000E+00        0.0000000E+00
 hkr07c14                  14.99474        1.0000000E+00        0.0000000E+00
 hkr07c15                  3.532087        1.0000000E+00        0.0000000E+00
 hkr07c16                  2.917604        1.0000000E+00        0.0000000E+00
 hkr07c17                  3.405915        1.0000000E+00        0.0000000E+00
 hkr07c18                  6.216624        1.0000000E+00        0.0000000E+00
 hkr07c19                  40.50117        1.0000000E+00        0.0000000E+00
 hkr08c00                  2.885033        1.0000000E+00        0.0000000E+00
 hkr08c01                  12.09215        1.0000000E+00        0.0000000E+00
 hkr08c02                  2.544652        1.0000000E+00        0.0000000E+00
 hkr08c03                  6.546229        1.0000000E+00        0.0000000E+00
 hkr08c07                   8.69392        1.0000000E+00        0.0000000E+00
 hkr08c08                  3.070044        1.0000000E+00        0.0000000E+00
 hkr08c09                   4.06316        1.0000000E+00        0.0000000E+00
 hkr08c10                   4.07573        1.0000000E+00        0.0000000E+00
 hkr08c11                  4.103214        1.0000000E+00        0.0000000E+00
 hkr08c12                  8.772584        1.0000000E+00        0.0000000E+00
 hkr08c13                  1.854738        1.0000000E+00        0.0000000E+00
 hkr08c14                  1.763301        1.0000000E+00        0.0000000E+00
 hkr08c15                 0.8655285        1.0000000E+00        0.0000000E+00
 hkr08c16                  11.34111        1.0000000E+00        0.0000000E+00
 hkr08c17                  7.651939        1.0000000E+00        0.0000000E+00
 hkr08c18                  43.54469        1.0000000E+00        0.0000000E+00
 hkr08c19                  9.494102        1.0000000E+00        0.0000000E+00
 hkr09c00                  30.23694        1.0000000E+00        0.0000000E+00
 hkr09c01                  24.01162        1.0000000E+00        0.0000000E+00
 hkr09c02                  4.667895        1.0000000E+00        0.0000000E+00
 hkr09c03                  3.222708        1.0000000E+00        0.0000000E+00
 hkr09c08                  15.92842        1.0000000E+00        0.0000000E+00
 hkr09c09                   10.2114        1.0000000E+00        0.0000000E+00
 hkr09c10                  8.045233        1.0000000E+00        0.0000000E+00
 hkr09c11                 0.9616277        1.0000000E+00        0.0000000E+00
 hkr09c12                   2.76254        1.0000000E+00        0.0000000E+00
 hkr09c13                  82.27138        1.0000000E+00        0.0000000E+00
 hkr09c14                  9.325256        1.0000000E+00        0.0000000E+00
 hkr09c15                  3.574966        1.0000000E+00        0.0000000E+00
 hkr09c16                  1.632035        1.0000000E+00        0.0000000E+00
 hkr09c17                  10.44488        1.0000000E+00        0.0000000E+00
 hkr09c18                  15.77271        1.0000000E+00        0.0000000E+00
 hkr09c19                  10.16239        1.0000000E+00        0.0000000E+00
 hkr10c00                   4.22251        1.0000000E+00        0.0000000E+00
 hkr10c01                   22.1686        1.0000000E+00        0.0000000E+00
 hkr10c02                  4.653009        1.0000000E+00        0.0000000E+00
 hkr10c03                  4.180905        1.0000000E+00        0.0000000E+00
 hkr10c08                  2.806967        1.0000000E+00        0.0000000E+00
 hkr10c09                  1.791896        1.0000000E+00        0.0000000E+00
 hkr10c10                  5.583847        1.0000000E+00        0.0000000E+00
 hkr10c11                  1.486871        1.0000000E+00        0.0000000E+00
 hkr10c12                   13.8322        1.0000000E+00        0.0000000E+00
 hkr10c13                  101.4843        1.0000000E+00        0.0000000E+00
 hkr10c14                  28.49352        1.0000000E+00        0.0000000E+00
 hkr10c15                  10.91771        1.0000000E+00        0.0000000E+00
 hkr10c16                  7.545699        1.0000000E+00        0.0000000E+00
 hkr10c17                  3.278668        1.0000000E+00        0.0000000E+00
 hkr10c18                  4.751876        1.0000000E+00        0.0000000E+00
 hkr10c19                  28.32756        1.0000000E+00        0.0000000E+00
 hkr11c00                   2.25283        1.0000000E+00        0.0000000E+00
 hkr11c01                  16.88144        1.0000000E+00        0.0000000E+00
 hkr11c02                   8.45337        1.0000000E+00        0.0000000E+00
 hkr11c03                  9.436019        1.0000000E+00        0.0000000E+00
 hkr11c08                 0.4949891        1.0000000E+00        0.0000000E+00
 hkr11c09                   8.29286        1.0000000E+00        0.0000000E+00
 hkr11c10                  6.083102        1.0000000E+00        0.0000000E+00
 hkr11c11                  2.438506        1.0000000E+00        0.0000000E+00
 hkr11c12                  2.642778        1.0000000E+00        0.0000000E+00
 hkr11c13                  4.212084        1.0000000E+00        0.0000000E+00
 hkr11c14                  23.92214        1.0000000E+00        0.0000000E+00
 hkr11c15                  31.94095        1.0000000E+00        0.0000000E+00
 hkr11c16                  3.327852        1.0000000E+00        0.0000000E+00
 hkr11c17                  4.606569        1.0000000E+00        0.0000000E+00
 hkr11c18                  10.67976        1.0000000E+00        0.0000000E+00
 hkr11c19                  1.312547        1.0000000E+00        0.0000000E+00
 hkr12c00                  1.204934        1.0000000E+00        0.0000000E+00
 hkr12c01                  3.378939        1.0000000E+00        0.0000000E+00
 hkr12c02                  6.597234        1.0000000E+00        0.0000000E+00
 hkr12c03                  1.444045        1.0000000E+00        0.0000000E+00
 hkr12c08                  1.921869        1.0000000E+00        0.0000000E+00
 hkr12c09                  2.571358        1.0000000E+00        0.0000000E+00
 hkr12c10                  1.864436        1.0000000E+00        0.0000000E+00
 hkr12c11                 0.6443673        1.0000000E+00        0.0000000E+00
 hkr12c12                  4.709242        1.0000000E+00        0.0000000E+00
 hkr12c13                   2.24897        1.0000000E+00        0.0000000E+00
 hkr12c14                  5.967534        1.0000000E+00        0.0000000E+00
 hkr12c15                 0.5151316        1.0000000E+00        0.0000000E+00
 hkr12c16                  7.651268        1.0000000E+00        0.0000000E+00
 hkr12c17                  4.392131        1.0000000E+00        0.0000000E+00
 hkr12c18                  4.713753        1.0000000E+00        0.0000000E+00
 hkr12c19                  4.456582        1.0000000E+00        0.0000000E+00
 hkr13c00                  10.12189        1.0000000E+00        0.0000000E+00
 hkr13c01                  8.091574        1.0000000E+00        0.0000000E+00
 hkr13c02                  2.201259        1.0000000E+00        0.0000000E+00
 hkr13c03                  4.924161        1.0000000E+00        0.0000000E+00
 hkr13c08                  1.674938        1.0000000E+00        0.0000000E+00
 hkr13c09                 0.9627968        1.0000000E+00        0.0000000E+00
 hkr13c10                   23.3103        1.0000000E+00        0.0000000E+00
 hkr13c11                   3.80633        1.0000000E+00        0.0000000E+00
 hkr13c12                  10.96525        1.0000000E+00        0.0000000E+00
 hkr13c13                  25.05631        1.0000000E+00        0.0000000E+00
 hkr13c14                  8.485022        1.0000000E+00        0.0000000E+00
 hkr13c15                  11.41818        1.0000000E+00        0.0000000E+00
 hkr13c16                   15.1441        1.0000000E+00        0.0000000E+00
 hkr13c17                  3.169477        1.0000000E+00        0.0000000E+00
 hkr13c18                  2.407777        1.0000000E+00        0.0000000E+00
 hkr13c19                  14.33757        1.0000000E+00        0.0000000E+00
 hkr14c00                 0.7896006        1.0000000E+00        0.0000000E+00
 hkr14c01                  8.313646        1.0000000E+00        0.0000000E+00
 hkr14c02                  21.21921        1.0000000E+00        0.0000000E+00
 hkr14c03                  8.642259        1.0000000E+00        0.0000000E+00
 hkr14c08                 0.3281768        1.0000000E+00        0.0000000E+00
 hkr14c09                 0.6293512        1.0000000E+00        0.0000000E+00
 hkr14c10                  1.996842        1.0000000E+00        0.0000000E+00
 hkr14c11                   4.33468        1.0000000E+00        0.0000000E+00
 hkr14c12                  7.370763        1.0000000E+00        0.0000000E+00
 hkr14c13                  2.155468        1.0000000E+00        0.0000000E+00
 hkr14c14                  3.226041        1.0000000E+00        0.0000000E+00
 hkr14c15                  18.24312        1.0000000E+00        0.0000000E+00
 hkr14c16                  6.748615        1.0000000E+00        0.0000000E+00
 hkr14c17                  2.130613        1.0000000E+00        0.0000000E+00
 hkr14c18                  6.844764        1.0000000E+00        0.0000000E+00
 hkr14c19                  7.474245        1.0000000E+00        0.0000000E+00
 hkr15c00                  4.561988        1.0000000E+00        0.0000000E+00
 hkr15c01                  11.14728        1.0000000E+00        0.0000000E+00
 hkr15c02                  9.432649        1.0000000E+00        0.0000000E+00
 hkr15c03                 0.6574979        1.0000000E+00        0.0000000E+00
 hkr15c08                  15.71551        1.0000000E+00        0.0000000E+00
 hkr15c09                  12.95682        1.0000000E+00        0.0000000E+00
 hkr15c10                  3.251157        1.0000000E+00        0.0000000E+00
 hkr15c11                  15.28792        1.0000000E+00        0.0000000E+00
 hkr15c12                  1.621938        1.0000000E+00        0.0000000E+00
 hkr15c13                  2.921098        1.0000000E+00        0.0000000E+00
 hkr15c14                  22.10954        1.0000000E+00        0.0000000E+00
 hkr15c15                  2.938323        1.0000000E+00        0.0000000E+00
 hkr15c16                  7.647901        1.0000000E+00        0.0000000E+00
 hkr15c17                  3.337981        1.0000000E+00        0.0000000E+00
 hkr15c18                  15.58529        1.0000000E+00        0.0000000E+00
 hkr15c19                  18.20219        1.0000000E+00        0.0000000E+00
 hkr16c00                   4.38061        1.0000000E+00        0.0000000E+00
 hkr16c01                  5.797292        1.0000000E+00        0.0000000E+00
 hkr16c02                  1.213082        1.0000000E+00        0.0000000E+00
 hkr16c03                  1.978265        1.0000000E+00        0.0000000E+00
 hkr16c08                  21.59479        1.0000000E+00        0.0000000E+00
 hkr16c09                  1.605352        1.0000000E+00        0.0000000E+00
 hkr16c10                  9.614782        1.0000000E+00        0.0000000E+00
 hkr16c11                  35.77819        1.0000000E+00        0.0000000E+00
 hkr16c12                  10.61286        1.0000000E+00        0.0000000E+00
 hkr16c13                   6.70941        1.0000000E+00        0.0000000E+00
 hkr16c14                  1.210663        1.0000000E+00        0.0000000E+00
 hkr16c15                  1.444735        1.0000000E+00        0.0000000E+00
 hkr16c16                  4.106847        1.0000000E+00        0.0000000E+00
 hkr16c17                  4.824351        1.0000000E+00        0.0000000E+00
 hkr16c18                  31.53708        1.0000000E+00        0.0000000E+00
 hkr16c19                  3.082671        1.0000000E+00        0.0000000E+00
 hkr17c00                  1.671006        1.0000000E+00        0.0000000E+00
 hkr17c01                  5.819572        1.0000000E+00        0.0000000E+00
 hkr17c02                  9.181479        1.0000000E+00        0.0000000E+00
 hkr17c03                  21.73712        1.0000000E+00        0.0000000E+00
 hkr17c08                  5.014533        1.0000000E+00        0.0000000E+00
 hkr17c09                 0.1771447        1.0000000E+00        0.0000000E+00
 hkr17c10                  55.86453        1.0000000E+00        0.0000000E+00
 hkr17c11                  6.991261        1.0000000E+00        0.0000000E+00
 hkr17c12                   7.88563        1.0000000E+00        0.0000000E+00
 hkr17c13                  4.040945        1.0000000E+00        0.0000000E+00
 hkr17c14                   36.2791        1.0000000E+00        0.0000000E+00
 hkr17c15                  62.51377        1.0000000E+00        0.0000000E+00
 hkr17c16                  15.03978        1.0000000E+00        0.0000000E+00
 hkr17c17                  3.049657        1.0000000E+00        0.0000000E+00
 hkr17c18                  3.598828        1.0000000E+00        0.0000000E+00
 hkr17c19                  26.42494        1.0000000E+00        0.0000000E+00
 hkr18c00                  11.27914        1.0000000E+00        0.0000000E+00
 hkr18c01                  12.96512        1.0000000E+00        0.0000000E+00
 hkr18c02                 0.4861368        1.0000000E+00        0.0000000E+00
 hkr18c03                  4.078677        1.0000000E+00        0.0000000E+00
 hkr18c08                   31.6897        1.0000000E+00        0.0000000E+00
 hkr18c09                 0.6598881        1.0000000E+00        0.0000000E+00
 hkr18c10                  2.367878        1.0000000E+00        0.0000000E+00
 hkr18c11                  10.17712        1.0000000E+00        0.0000000E+00
 hkr18c12                  12.58079        1.0000000E+00        0.0000000E+00
 hkr18c13                   7.11696        1.0000000E+00        0.0000000E+00
 hkr18c14                  1.718059        1.0000000E+00        0.0000000E+00
 hkr18c15                  2.152232        1.0000000E+00        0.0000000E+00
 hkr18c16                  11.49915        1.0000000E+00        0.0000000E+00
 hkr18c17                  18.08958        1.0000000E+00        0.0000000E+00
 hkr18c18                  16.55621        1.0000000E+00        0.0000000E+00
 hkr18c19                  2.196871        1.0000000E+00        0.0000000E+00
 hkr19c00                  8.488358        1.0000000E+00        0.0000000E+00
 hkr19c01                  27.95879        1.0000000E+00        0.0000000E+00
 hkr19c02                  5.659158        1.0000000E+00        0.0000000E+00
 hkr19c03                  13.73584        1.0000000E+00        0.0000000E+00
 hkr19c08                  1.736723        1.0000000E+00        0.0000000E+00
 hkr19c09                  10.49566        1.0000000E+00        0.0000000E+00
 hkr19c10                  2.060156        1.0000000E+00        0.0000000E+00
 hkr19c11                  2.984895        1.0000000E+00        0.0000000E+00
 hkr19c12                  14.43628        1.0000000E+00        0.0000000E+00
 hkr19c13                  11.49478        1.0000000E+00        0.0000000E+00
 hkr19c14                  13.81869        1.0000000E+00        0.0000000E+00
 hkr19c15                  10.38299        1.0000000E+00        0.0000000E+00
 hkr19c16                  1.168305        1.0000000E+00        0.0000000E+00
 hkr19c17                 0.9593578        1.0000000E+00        0.0000000E+00
 hkr19c18                  1.821727        1.0000000E+00        0.0000000E+00
 hkr19c19                  11.19201        1.0000000E+00        0.0000000E+00
 hkr20c00                  11.70515        1.0000000E+00        0.0000000E+00
 hkr20c01                  5.088122        1.0000000E+00        0.0000000E+00
 hkr20c02                  8.747367        1.0000000E+00        0.0000000E+00
 hkr20c03                  6.586084        1.0000000E+00        0.0000000E+00
 hkr20c08                  98.01167        1.0000000E+00        0.0000000E+00
 hkr20c09                  2.623677        1.0000000E+00        0.0000000E+00
 hkr20c10                  12.02254        1.0000000E+00        0.0000000E+00
 hkr20c11                  31.53899        1.0000000E+00        0.0000000E+00
 hkr20c12                  2.471911        1.0000000E+00        0.0000000E+00
 hkr20c13                  82.20103        1.0000000E+00        0.0000000E+00
 hkr20c14                  6.000526        1.0000000E+00        0.0000000E+00
 hkr20c15                  3.311437        1.0000000E+00        0.0000000E+00
 hkr20c16                  1.898778        1.0000000E+00        0.0000000E+00
 hkr20c17                  1.592486        1.0000000E+00        0.0000000E+00
 hkr20c18                  3.588203        1.0000000E+00        0.0000000E+00
 hkr20c19                   4.60004        1.0000000E+00        0.0000000E+00
 hkr21c00                  1.945823        1.0000000E+00        0.0000000E+00
 hkr21c01                  9.800767        1.0000000E+00        0.0000000E+00
 hkr21c02                   5.08156        1.0000000E+00        0.0000000E+00
 hkr21c03                  11.88954        1.0000000E+00        0.0000000E+00
 hkr21c06                  5.675869        1.0000000E+00        0.0000000E+00
 hkr21c07                  1.481302        1.0000000E+00        0.0000000E+00
 hkr21c08                  2.859562        1.0000000E+00        0.0000000E+00
 hkr21c09                   1.19352        1.0000000E+00        0.0000000E+00
 hkr21c10                  7.312997        1.0000000E+00        0.0000000E+00
 hkr21c11                  10.39219        1.0000000E+00        0.0000000E+00
 hkr21c12                 0.4926358        1.0000000E+00        0.0000000E+00
 hkr21c13                  2.196225        1.0000000E+00        0.0000000E+00
 hkr21c14                  18.68139        1.0000000E+00        0.0000000E+00
 hkr21c15                  32.60079        1.0000000E+00        0.0000000E+00
 hkr21c16                  4.211753        1.0000000E+00        0.0000000E+00
 hkr21c17                  2.294311        1.0000000E+00        0.0000000E+00
 hkr21c18                  1.032624        1.0000000E+00        0.0000000E+00
 hkr21c19                  3.306734        1.0000000E+00        0.0000000E+00
 hkr22c00                  18.09166        1.0000000E+00        0.0000000E+00
 hkr22c01                  5.151281        1.0000000E+00        0.0000000E+00
 hkr22c02                  2.044468        1.0000000E+00        0.0000000E+00
 hkr22c03                   10.8564        1.0000000E+00        0.0000000E+00
 hkr22c04                    23.419        1.0000000E+00        0.0000000E+00
 hkr22c06                  1.333237        1.0000000E+00        0.0000000E+00
 hkr22c07                  20.01215        1.0000000E+00        0.0000000E+00
 hkr22c08                  87.85056        1.0000000E+00        0.0000000E+00
 hkr22c09                  3.815639        1.0000000E+00        0.0000000E+00
 hkr22c10                  11.47851        1.0000000E+00        0.0000000E+00
 hkr22c11                  2.876757        1.0000000E+00        0.0000000E+00
 hkr22c12                  2.598572        1.0000000E+00        0.0000000E+00
 hkr22c13                  1.996995        1.0000000E+00        0.0000000E+00
 hkr22c14                  3.263216        1.0000000E+00        0.0000000E+00
 hkr22c15                   15.9366        1.0000000E+00        0.0000000E+00
 hkr22c16                   30.2696        1.0000000E+00        0.0000000E+00
 hkr22c17                  1.169574        1.0000000E+00        0.0000000E+00
 hkr22c18                  7.961654        1.0000000E+00        0.0000000E+00
 hkr22c19                  4.484404        1.0000000E+00        0.0000000E+00
 hkr23c00                  4.521678        1.0000000E+00        0.0000000E+00
 hkr23c01                  2.021879        1.0000000E+00        0.0000000E+00
 hkr23c02                  3.817248        1.0000000E+00        0.0000000E+00
 hkr23c03                  294.3354        1.0000000E+00        0.0000000E+00
 hkr23c04                  2.934333        1.0000000E+00        0.0000000E+00
 hkr23c05                  2.156768        1.0000000E+00        0.0000000E+00
 hkr23c06                  4.429957        1.0000000E+00        0.0000000E+00
 hkr23c07                  4.882826        1.0000000E+00        0.0000000E+00
 hkr23c08                  6.894161        1.0000000E+00        0.0000000E+00
 hkr23c09                  7.116125        1.0000000E+00        0.0000000E+00
 hkr23c10                  1.764026        1.0000000E+00        0.0000000E+00
 hkr23c11                  6.945094        1.0000000E+00        0.0000000E+00
 hkr23c12                  8.726524        1.0000000E+00        0.0000000E+00
 hkr23c13                  21.49445        1.0000000E+00        0.0000000E+00
 hkr23c14                  2.188151        1.0000000E+00        0.0000000E+00
 hkr23c15                   11.9147        1.0000000E+00        0.0000000E+00
 hkr23c16                  5.471698        1.0000000E+00        0.0000000E+00
 hkr23c17                  2.891746        1.0000000E+00        0.0000000E+00
 hkr23c18                  7.259431        1.0000000E+00        0.0000000E+00
 hkr23c19                  18.47392        1.0000000E+00        0.0000000E+00
 hkr24c00                  3.075131        1.0000000E+00        0.0000000E+00
 hkr24c01                  6.088725        1.0000000E+00        0.0000000E+00
 hkr24c02                  1.106581        1.0000000E+00        0.0000000E+00
 hkr24c03                  8.611677        1.0000000E+00        0.0000000E+00
 hkr24c04                  1.228938        1.0000000E+00        0.0000000E+00
 hkr24c05                  20.67824        1.0000000E+00        0.0000000E+00
 hkr24c06                  5.098545        1.0000000E+00        0.0000000E+00
 hkr24c07                  1.331153        1.0000000E+00        0.0000000E+00
 hkr24c08                  24.63626        1.0000000E+00        0.0000000E+00
 hkr24c09                  1.741846        1.0000000E+00        0.0000000E+00
 hkr24c10                 0.4693095        1.0000000E+00        0.0000000E+00
 hkr24c11                  22.03175        1.0000000E+00        0.0000000E+00
 hkr24c12                  9.003336        1.0000000E+00        0.0000000E+00
 hkr24c13                  1.467734        1.0000000E+00        0.0000000E+00
 hkr24c14                  4.688173        1.0000000E+00        0.0000000E+00
 hkr24c15                  4.532473        1.0000000E+00        0.0000000E+00
 hkr24c16                  9.605899        1.0000000E+00        0.0000000E+00
 hkr24c17                   2.59151        1.0000000E+00        0.0000000E+00
 hkr24c18                  7.469886        1.0000000E+00        0.0000000E+00
 hkr24c19                  7.876598        1.0000000E+00        0.0000000E+00
 hkr25c00                  2.236091        1.0000000E+00        0.0000000E+00
 hkr25c01                  5.723173        1.0000000E+00        0.0000000E+00
 hkr25c02                  2.825996        1.0000000E+00        0.0000000E+00
 hkr25c03                   2.17317        1.0000000E+00        0.0000000E+00
 hkr25c04                  3.592958        1.0000000E+00        0.0000000E+00
 hkr25c05                  12.48071        1.0000000E+00        0.0000000E+00
 hkr25c06                  7.007191        1.0000000E+00        0.0000000E+00
 hkr25c07                  57.22758        1.0000000E+00        0.0000000E+00
 hkr25c08                  12.54901        1.0000000E+00        0.0000000E+00
 hkr25c09                  29.51068        1.0000000E+00        0.0000000E+00
 hkr25c10                  4.598723        1.0000000E+00        0.0000000E+00
 hkr25c11                  6.350472        1.0000000E+00        0.0000000E+00
 hkr25c12                  2.612836        1.0000000E+00        0.0000000E+00
 hkr25c13                  85.13142        1.0000000E+00        0.0000000E+00
 hkr25c14                  2.057904        1.0000000E+00        0.0000000E+00
 hkr25c15                   8.10488        1.0000000E+00        0.0000000E+00
 hkr25c16                  13.12564        1.0000000E+00        0.0000000E+00
 hkr25c17                  4.820332        1.0000000E+00        0.0000000E+00
 hkr25c18                  2.764362        1.0000000E+00        0.0000000E+00
 hkr25c19                  11.85086        1.0000000E+00        0.0000000E+00
 hkr26c00                   3.07378        1.0000000E+00        0.0000000E+00
 hkr26c01                  1.742256        1.0000000E+00        0.0000000E+00
 hkr26c02                  54.02519        1.0000000E+00        0.0000000E+00
 hkr26c03                  4.718822        1.0000000E+00        0.0000000E+00
 hkr26c04                  33.69695        1.0000000E+00        0.0000000E+00
 hkr26c05                  6.659074        1.0000000E+00        0.0000000E+00
 hkr26c06                  26.83217        1.0000000E+00        0.0000000E+00
 hkr26c07                  12.35261        1.0000000E+00        0.0000000E+00
 hkr26c08                  2.098237        1.0000000E+00        0.0000000E+00
 hkr26c09                   2.07713        1.0000000E+00        0.0000000E+00
 hkr26c10                  29.28561        1.0000000E+00        0.0000000E+00
 hkr26c11                   6.98986        1.0000000E+00        0.0000000E+00
 hkr26c12                  28.26595        1.0000000E+00        0.0000000E+00
 hkr26c13                 0.4524894        1.0000000E+00        0.0000000E+00
 hkr26c14                 0.9193687        1.0000000E+00        0.0000000E+00
 hkr26c15                   5.15956        1.0000000E+00        0.0000000E+00
 hkr26c16                   3.72495        1.0000000E+00        0.0000000E+00
 hkr26c17                 0.8566245        1.0000000E+00        0.0000000E+00
 hkr26c18                  18.86135        1.0000000E+00        0.0000000E+00
 hkr26c19                 0.4479624        1.0000000E+00        0.0000000E+00
 hkr27c00                  11.41055        1.0000000E+00        0.0000000E+00
 hkr27c01                  23.74416        1.0000000E+00        0.0000000E+00
 hkr27c02                  3.037145        1.0000000E+00        0.0000000E+00
 hkr27c03                  1.372275        1.0000000E+00        0.0000000E+00
 hkr27c04                  3.047189        1.0000000E+00        0.0000000E+00
 hkr27c05                  5.409538        1.0000000E+00        0.0000000E+00
 hkr27c06                  18.56117        1.0000000E+00        0.0000000E+00
 hkr27c07                  8.800568        1.0000000E+00        0.0000000E+00
 hkr27c08                  36.36137        1.0000000E+00        0.0000000E+00
 hkr27c09                 0.8236983        1.0000000E+00        0.0000000E+00
 hkr27c10                  1.096374        1.0000000E+00        0.0000000E+00
 hkr27c11                   2.86646        1.0000000E+00        0.0000000E+00
 hkr27c12                  2.310968        1.0000000E+00        0.0000000E+00
 hkr27c13                  2.650225        1.0000000E+00        0.0000000E+00
 hkr27c14                 0.9740529        1.0000000E+00        0.0000000E+00
 hkr27c15                  6.232051        1.0000000E+00        0.0000000E+00
 hkr27c16                  7.555066        1.0000000E+00        0.0000000E+00
 hkr27c17                  1.139622        1.0000000E+00        0.0000000E+00
 hkr27c18                  3.699293        1.0000000E+00        0.0000000E+00
 hkr27c19                  1.832533        1.0000000E+00        0.0000000E+00
 hkr28c00                  10.76284        1.0000000E+00        0.0000000E+00
 hkr28c01                  11.21861        1.0000000E+00        0.0000000E+00
 hkr28c02                  25.75119        1.0000000E+00        0.0000000E+00
 hkr28c03                  2.495945        1.0000000E+00        0.0000000E+00
 hkr28c04                  1.073204        1.0000000E+00        0.0000000E+00
 hkr28c05                  1.331483        1.0000000E+00        0.0000000E+00
 hkr28c06                  22.38598        1.0000000E+00        0.0000000E+00
 hkr28c07                   25.5984        1.0000000E+00        0.0000000E+00
 hkr28c08                  11.44102        1.0000000E+00        0.0000000E+00
 hkr28c09                  1.874614        1.0000000E+00        0.0000000E+00
 hkr28c10                  8.562621        1.0000000E+00        0.0000000E+00
 hkr28c11                  7.372324        1.0000000E+00        0.0000000E+00
 hkr28c12                 0.5878545        1.0000000E+00        0.0000000E+00
 hkr28c13                   6.06478        1.0000000E+00        0.0000000E+00
 hkr28c14                  33.38397        1.0000000E+00        0.0000000E+00
 hkr28c15                  2.406907        1.0000000E+00        0.0000000E+00
 hkr28c16                  20.33821        1.0000000E+00        0.0000000E+00
 hkr28c17                  59.49033        1.0000000E+00        0.0000000E+00
 hkr28c18                   2.70257        1.0000000E+00        0.0000000E+00
 hkr28c19                  1.643043        1.0000000E+00        0.0000000E+00
 hkr29c00                  58.43996        1.0000000E+00        0.0000000E+00
 hkr29c01                  3.092448        1.0000000E+00        0.0000000E+00
 hkr29c02                  11.67248        1.0000000E+00        0.0000000E+00
 hkr29c03                  3.154253        1.0000000E+00        0.0000000E+00
 hkr29c04                 0.5959254        1.0000000E+00        0.0000000E+00
 hkr29c05                  1.514315        1.0000000E+00        0.0000000E+00
 hkr29c06                  18.77472        1.0000000E+00        0.0000000E+00
 hkr29c07                  3.893194        1.0000000E+00        0.0000000E+00
 hkr29c08                  11.62973        1.0000000E+00        0.0000000E+00
 hkr29c09                  3.698563        1.0000000E+00        0.0000000E+00
 hkr29c10                  1.276526        1.0000000E+00        0.0000000E+00
 hkr29c11                  11.42595        1.0000000E+00        0.0000000E+00
 hkr29c12                   1.24833        1.0000000E+00        0.0000000E+00
 hkr29c13                  8.493412        1.0000000E+00        0.0000000E+00
 hkr29c14                  35.89039        1.0000000E+00        0.0000000E+00
 hkr29c15                  17.71526        1.0000000E+00        0.0000000E+00
 hkr29c16                  5.064418        1.0000000E+00        0.0000000E+00
 hkr29c17                  7.289615        1.0000000E+00        0.0000000E+00
 hkr29c18                  77.82662        1.0000000E+00        0.0000000E+00
 hkr29c19                  10.04701        1.0000000E+00        0.0000000E+00
 hkr30c00                  20.94278        1.0000000E+00        0.0000000E+00
 hkr30c01                  5.354307        1.0000000E+00        0.0000000E+00
 hkr30c02                  2.098306        1.0000000E+00        0.0000000E+00
 hkr30c03                  2.108301        1.0000000E+00        0.0000000E+00
 hkr30c04                  2.807622        1.0000000E+00        0.0000000E+00
 hkr30c05                  18.28908        1.0000000E+00        0.0000000E+00
 hkr30c06                  2.675298        1.0000000E+00        0.0000000E+00
 hkr30c07                  9.971424        1.0000000E+00        0.0000000E+00
 hkr30c08                  3.157263        1.0000000E+00        0.0000000E+00
 hkr30c09                  4.701554        1.0000000E+00        0.0000000E+00
 hkr30c10                  19.82818        1.0000000E+00        0.0000000E+00
 hkr30c11                  20.68602        1.0000000E+00        0.0000000E+00
 hkr30c12                  13.48828        1.0000000E+00        0.0000000E+00
 hkr30c13                  2.815812        1.0000000E+00        0.0000000E+00
 hkr30c14                  5.356778        1.0000000E+00        0.0000000E+00
 hkr30c15                  1.610476        1.0000000E+00        0.0000000E+00
 hkr30c16                  2.788908        1.0000000E+00        0.0000000E+00
 hkr30c17                  2.028131        1.0000000E+00        0.0000000E+00
 hkr30c18                  3.778694        1.0000000E+00        0.0000000E+00
 hkr30c19                   15.3576        1.0000000E+00        0.0000000E+00
 hkr31c00                   19.5836        1.0000000E+00        0.0000000E+00
 hkr31c01                  11.84986        1.0000000E+00        0.0000000E+00
 hkr31c02                   2.52472        1.0000000E+00        0.0000000E+00
 hkr31c03                    1.8664        1.0000000E+00        0.0000000E+00
 hkr31c04                  3.440192        1.0000000E+00        0.0000000E+00
 hkr31c05                  14.70604        1.0000000E+00        0.0000000E+00
 hkr31c06                  3.820727        1.0000000E+00        0.0000000E+00
 hkr31c07                  13.57009        1.0000000E+00        0.0000000E+00
 hkr31c08                  6.584188        1.0000000E+00        0.0000000E+00
 hkr31c09                  7.173523        1.0000000E+00        0.0000000E+00
 hkr31c10                  6.404265        1.0000000E+00        0.0000000E+00
 hkr31c11                  60.40248        1.0000000E+00        0.0000000E+00
 hkr31c12                  1.543438        1.0000000E+00        0.0000000E+00
 hkr31c13                   8.78674        1.0000000E+00        0.0000000E+00
 hkr31c14                  11.03137        1.0000000E+00        0.0000000E+00
 hkr31c15                 0.7996478        1.0000000E+00        0.0000000E+00
 hkr31c16                  1.824321        1.0000000E+00        0.0000000E+00
 hkr31c17                  2.444681        1.0000000E+00        0.0000000E+00
 hkr31c18                  9.650646        1.0000000E+00        0.0000000E+00
 hkr31c19                   3.00335        1.0000000E+00        0.0000000E+00
 hkr32c01                  28.10446        1.0000000E+00        0.0000000E+00
 hkr32c02                   1.05985        1.0000000E+00        0.0000000E+00
 hkr32c03                  4.723688        1.0000000E+00        0.0000000E+00
 hkr32c04                  5.249713        1.0000000E+00        0.0000000E+00
 hkr32c05                  12.00622        1.0000000E+00        0.0000000E+00
 hkr32c06                  12.30609        1.0000000E+00        0.0000000E+00
 hkr32c07                  1.824715        1.0000000E+00        0.0000000E+00
 hkr32c08                  54.95573        1.0000000E+00        0.0000000E+00
 hkr32c09                  50.50235        1.0000000E+00        0.0000000E+00
 hkr32c10                  7.294009        1.0000000E+00        0.0000000E+00
 hkr32c11                  2.436763        1.0000000E+00        0.0000000E+00
 hkr32c12                  11.90075        1.0000000E+00        0.0000000E+00
 hkr32c13                   1.79818        1.0000000E+00        0.0000000E+00
 hkr32c14                  1.673671        1.0000000E+00        0.0000000E+00
 hkr32c15                  5.972601        1.0000000E+00        0.0000000E+00
 hkr32c16                  16.52283        1.0000000E+00        0.0000000E+00
 hkr32c17                  15.75584        1.0000000E+00        0.0000000E+00
 hkr32c18                 0.6820797        1.0000000E+00        0.0000000E+00
 hkr32c19                  37.86786        1.0000000E+00        0.0000000E+00
 hkr33c02                  1.835769        1.0000000E+00        0.0000000E+00
 hkr33c03                  23.13688        1.0000000E+00        0.0000000E+00
 hkr33c04                  76.67365        1.0000000E+00        0.0000000E+00
 hkr33c05                  20.70945        1.0000000E+00        0.0000000E+00
 hkr33c06                  7.032362        1.0000000E+00        0.0000000E+00
 hkr33c07                  10.12592        1.0000000E+00        0.0000000E+00
 hkr33c08                   12.6723        1.0000000E+00        0.0000000E+00
 hkr33c09                  23.73366        1.0000000E+00        0.0000000E+00
 hkr33c10                  0.663639        1.0000000E+00        0.0000000E+00
 hkr33c11                  1.445906        1.0000000E+00        0.0000000E+00
 hkr33c12                 0.2718826        1.0000000E+00        0.0000000E+00
 hkr33c13                  1.815434        1.0000000E+00        0.0000000E+00
 hkr33c14                  3.598792        1.0000000E+00        0.0000000E+00
 hkr33c15                  3.040557        1.0000000E+00        0.0000000E+00
 hkr33c16                   1.94709        1.0000000E+00        0.0000000E+00
 hkr33c17                  5.518298        1.0000000E+00        0.0000000E+00
 hkr33c18                   4.55607        1.0000000E+00        0.0000000E+00
 hkr33c19                  1.475012        1.0000000E+00        0.0000000E+00
 hkr34c03                  5.162875        1.0000000E+00        0.0000000E+00
 hkr34c04                  1.832207        1.0000000E+00        0.0000000E+00
 hkr34c05                  1.434282        1.0000000E+00        0.0000000E+00
 hkr34c06                  1.775216        1.0000000E+00        0.0000000E+00
 hkr34c07                  8.856669        1.0000000E+00        0.0000000E+00
 hkr34c08                  27.69083        1.0000000E+00        0.0000000E+00
 hkr34c09                 0.7377923        1.0000000E+00        0.0000000E+00
 hkr34c10                  2.105936        1.0000000E+00        0.0000000E+00
 hkr34c11                  11.81478        1.0000000E+00        0.0000000E+00
 hkr34c12                  5.281966        1.0000000E+00        0.0000000E+00
 hkr34c13                   14.4098        1.0000000E+00        0.0000000E+00
 hkr34c14                  3.752992        1.0000000E+00        0.0000000E+00
 hkr34c15                  1.617778        1.0000000E+00        0.0000000E+00
 hkr34c16                  1.104194        1.0000000E+00        0.0000000E+00
 hkr34c17                  15.38211        1.0000000E+00        0.0000000E+00
 hkr34c18                  9.474212        1.0000000E+00        0.0000000E+00
 hkr34c19                 0.6998351        1.0000000E+00        0.0000000E+00
 hkr35c04                  36.98887        1.0000000E+00        0.0000000E+00
 hkr35c05                  22.66474        1.0000000E+00        0.0000000E+00
 hkr35c06                  3.551645        1.0000000E+00        0.0000000E+00
 hkr35c07                  4.810622        1.0000000E+00        0.0000000E+00
 hkr35c08                   12.1872        1.0000000E+00        0.0000000E+00
 hkr35c09                  21.13562        1.0000000E+00        0.0000000E+00
 hkr35c10                  14.50148        1.0000000E+00        0.0000000E+00
 hkr35c11                  1.370312        1.0000000E+00        0.0000000E+00
 hkr35c12                  8.936827        1.0000000E+00        0.0000000E+00
 hkr35c13                  16.88687        1.0000000E+00        0.0000000E+00
 hkr35c14                  32.59349        1.0000000E+00        0.0000000E+00
 hkr35c15                  20.70746        1.0000000E+00        0.0000000E+00
 hkr35c16                  7.180249        1.0000000E+00        0.0000000E+00
 hkr35c17                 0.8992537        1.0000000E+00        0.0000000E+00
 hkr35c18                  4.784155        1.0000000E+00        0.0000000E+00
 hkr36c04                  9.767763        1.0000000E+00        0.0000000E+00
 hkr36c05                  7.007352        1.0000000E+00        0.0000000E+00
 hkr36c06                  1.853047        1.0000000E+00        0.0000000E+00
 hkr36c07                  4.794795        1.0000000E+00        0.0000000E+00
 hkr36c08                  2.129825        1.0000000E+00        0.0000000E+00
 hkr36c09                  2.924644        1.0000000E+00        0.0000000E+00
 hkr36c10                  8.807338        1.0000000E+00        0.0000000E+00
 hkr36c11                  14.33494        1.0000000E+00        0.0000000E+00
 hkr36c12                  21.81235        1.0000000E+00        0.0000000E+00
 hkr36c13                  2.036682        1.0000000E+00        0.0000000E+00
 hkr36c14                 0.5493161        1.0000000E+00        0.0000000E+00
 hkr36c15                 0.4731698        1.0000000E+00        0.0000000E+00
 hkr36c16                  28.07099        1.0000000E+00        0.0000000E+00
 hkr36c17                  10.19919        1.0000000E+00        0.0000000E+00
 hkr36c18                  4.388111        1.0000000E+00        0.0000000E+00
 hkr37c05                  35.28295        1.0000000E+00        0.0000000E+00
 hkr37c06                  2.852195        1.0000000E+00        0.0000000E+00
 hkr37c07                  6.811357        1.0000000E+00        0.0000000E+00
 hkr37c08                  2.135902        1.0000000E+00        0.0000000E+00
 hkr37c09                   1.43662        1.0000000E+00        0.0000000E+00
 hkr37c10                  21.28234        1.0000000E+00        0.0000000E+00
 hkr37c11                   2.75827        1.0000000E+00        0.0000000E+00
 hkr37c12                  19.02713        1.0000000E+00        0.0000000E+00
 hkr37c13                  2.710604        1.0000000E+00        0.0000000E+00
 hkr37c14                  9.900406        1.0000000E+00        0.0000000E+00
 hkr37c15                  1.371903        1.0000000E+00        0.0000000E+00
 hkr37c16                  78.64812        1.0000000E+00        0.0000000E+00
 hkr37c17                  3.789668        1.0000000E+00        0.0000000E+00
 hkr38c05                  3.135905        1.0000000E+00        0.0000000E+00
 hkr38c06                  4.437388        1.0000000E+00        0.0000000E+00
 hkr38c07                  49.17583        1.0000000E+00        0.0000000E+00
 hkr38c08                  2.734238        1.0000000E+00        0.0000000E+00
 hkr38c09                  32.64358        1.0000000E+00        0.0000000E+00
 hkr38c10                 0.9657958        1.0000000E+00        0.0000000E+00
 hkr38c11                  19.47423        1.0000000E+00        0.0000000E+00
 hkr38c12                  6.750404        1.0000000E+00        0.0000000E+00
 hkr38c13                   5.54045        1.0000000E+00        0.0000000E+00
 hkr38c14                  10.49109        1.0000000E+00        0.0000000E+00
 hkr38c15                  4.608462        1.0000000E+00        0.0000000E+00
 hkr38c16                  10.91476        1.0000000E+00        0.0000000E+00
 hkr39c05                  6.356103        1.0000000E+00        0.0000000E+00
 hkr39c06                  9.425435        1.0000000E+00        0.0000000E+00
 hkr39c07                  5.162712        1.0000000E+00        0.0000000E+00
 hkr39c08                  6.729203        1.0000000E+00        0.0000000E+00
 hkr39c09                  2.994821        1.0000000E+00        0.0000000E+00
 hkr39c10                  1.684082        1.0000000E+00        0.0000000E+00
 hkr39c11                  8.157516        1.0000000E+00        0.0000000E+00
 hkr39c12                  7.981596        1.0000000E+00        0.0000000E+00
 hkr39c13                  1.546594        1.0000000E+00        0.0000000E+00
 hkr39c14                  12.69117        1.0000000E+00        0.0000000E+00
