single point
rch_1                    0.970823        1.0000000E+00        0.0000000E+00
rch_2                    0.960693        1.0000000E+00        0.0000000E+00
rcond00                   15428.3        1.0000000E+00        0.0000000E+00
rcond01                   7976.69        1.0000000E+00        0.0000000E+00
rcond02                   2947.26        1.0000000E+00        0.0000000E+00
rcond03                   14536.7        1.0000000E+00        0.0000000E+00
rcond04                  -7869.09        1.0000000E+00        0.0000000E+00
rcond05                   17576.4        1.0000000E+00        0.0000000E+00
rcond06                   30640.7        1.0000000E+00        0.0000000E+00
rcond07                  -6684.34        1.0000000E+00        0.0000000E+00
rcond08                  -2770.37        1.0000000E+00        0.0000000E+00
rcond09                   23748.9        1.0000000E+00        0.0000000E+00
rcond10                    -18305        1.0000000E+00        0.0000000E+00
rcond11                   -8032.8        1.0000000E+00        0.0000000E+00
rcond12                   31352.1        1.0000000E+00        0.0000000E+00
rcond13                   20848.7        1.0000000E+00        0.0000000E+00
rcond14                  -3596.46        1.0000000E+00        0.0000000E+00
rcond15                   5840.51        1.0000000E+00        0.0000000E+00
rcond16                   14033.7        1.0000000E+00        0.0000000E+00
rcond17                   15054.2        1.0000000E+00        0.0000000E+00
rcond18                   13802.7        1.0000000E+00        0.0000000E+00
rcond19                   3653.27        1.0000000E+00        0.0000000E+00
rcond20                   6670.05        1.0000000E+00        0.0000000E+00
rcond21                   701.685        1.0000000E+00        0.0000000E+00
rcond22                     26615        1.0000000E+00        0.0000000E+00
rcond23                   53.4948        1.0000000E+00        0.0000000E+00
rcond24                   6664.16        1.0000000E+00        0.0000000E+00
rcond25                  -8093.61        1.0000000E+00        0.0000000E+00
rcond26                   3791.25        1.0000000E+00        0.0000000E+00
rcond27                    4872.5        1.0000000E+00        0.0000000E+00
rcond28                   -2855.6        1.0000000E+00        0.0000000E+00
rcond29                  -3553.56        1.0000000E+00        0.0000000E+00
rcond30                  -3704.11        1.0000000E+00        0.0000000E+00
rcond31                   20139.4        1.0000000E+00        0.0000000E+00
rcond32                   1257.58        1.0000000E+00        0.0000000E+00
rcond33                   14731.8        1.0000000E+00        0.0000000E+00
rcond34                   8224.37        1.0000000E+00        0.0000000E+00
rcond35                  -2239.43        1.0000000E+00        0.0000000E+00
rcond36                   11664.3        1.0000000E+00        0.0000000E+00
rcond37                   17480.8        1.0000000E+00        0.0000000E+00
rcond38                     15981        1.0000000E+00        0.0000000E+00
rcond39                   11216.5        1.0000000E+00        0.0000000E+00
ss                   -0.000136518        1.0000000E+00        0.0000000E+00
sy                      0.0331971        1.0000000E+00        0.0000000E+00
wf1_1                     689.823        1.0000000E+00        0.0000000E+00
wf2_1                     327.518        1.0000000E+00        0.0000000E+00
wf3_1                     311.403        1.0000000E+00        0.0000000E+00
wf4_1                     70.8514        1.0000000E+00        0.0000000E+00
wf5_1                     62.7796        1.0000000E+00        0.0000000E+00
wf6_1                     373.234        1.0000000E+00        0.0000000E+00
wf1_2                     711.904        1.0000000E+00        0.0000000E+00
wf2_2                     498.503        1.0000000E+00        0.0000000E+00
wf3_2                      509.31        1.0000000E+00        0.0000000E+00
wf4_2                     70.4792        1.0000000E+00        0.0000000E+00
wf5_2                     51.0144        1.0000000E+00        0.0000000E+00
wf6_2                     558.205        1.0000000E+00        0.0000000E+00
hkr00c00                  1.62065        1.0000000E+00        0.0000000E+00
hkr00c01                 -28.0944        1.0000000E+00        0.0000000E+00
hkr00c02                  6.29645        1.0000000E+00        0.0000000E+00
hkr00c03                  6.31352        1.0000000E+00        0.0000000E+00
hkr00c04                 -2.39293        1.0000000E+00        0.0000000E+00
hkr00c05                  10.7137        1.0000000E+00        0.0000000E+00
hkr00c06                  7.94106        1.0000000E+00        0.0000000E+00
hkr00c07                  1.13244        1.0000000E+00        0.0000000E+00
hkr00c08                  6.18072        1.0000000E+00        0.0000000E+00
hkr00c09                 -6.69507        1.0000000E+00        0.0000000E+00
hkr00c10                  18.9722        1.0000000E+00        0.0000000E+00
hkr00c11                  10.3249        1.0000000E+00        0.0000000E+00
hkr00c12                 -11.4907        1.0000000E+00        0.0000000E+00
hkr00c13                  21.9706        1.0000000E+00        0.0000000E+00
hkr00c14                  5.33677        1.0000000E+00        0.0000000E+00
hkr00c15                 -5.52847        1.0000000E+00        0.0000000E+00
hkr00c16                 -11.1082        1.0000000E+00        0.0000000E+00
hkr00c17                 -21.1731        1.0000000E+00        0.0000000E+00
hkr00c18                  2.37476        1.0000000E+00        0.0000000E+00
hkr00c19                   2.2709        1.0000000E+00        0.0000000E+00
hkr01c00                  10.5622        1.0000000E+00        0.0000000E+00
hkr01c01                 -8.08127        1.0000000E+00        0.0000000E+00
hkr01c02                  6.29465        1.0000000E+00        0.0000000E+00
hkr01c03                  10.8805        1.0000000E+00        0.0000000E+00
hkr01c04                 -6.47801        1.0000000E+00        0.0000000E+00
hkr01c05                  22.1699        1.0000000E+00        0.0000000E+00
hkr01c06                  15.9488        1.0000000E+00        0.0000000E+00
hkr01c07                  8.17179        1.0000000E+00        0.0000000E+00
hkr01c08                  31.0908        1.0000000E+00        0.0000000E+00
hkr01c09                  18.5852        1.0000000E+00        0.0000000E+00
hkr01c10                  4.21976        1.0000000E+00        0.0000000E+00
hkr01c11                 -3.42095        1.0000000E+00        0.0000000E+00
hkr01c12                 -4.60224        1.0000000E+00        0.0000000E+00
hkr01c13                  7.63115        1.0000000E+00        0.0000000E+00
hkr01c14                  35.6468        1.0000000E+00        0.0000000E+00
hkr01c15                 -1.09484        1.0000000E+00        0.0000000E+00
hkr01c16                  7.34285        1.0000000E+00        0.0000000E+00
hkr01c17                  28.7216        1.0000000E+00        0.0000000E+00
hkr01c18                  32.3273        1.0000000E+00        0.0000000E+00
hkr01c19                 -9.66438        1.0000000E+00        0.0000000E+00
hkr02c00                  3.11327        1.0000000E+00        0.0000000E+00
hkr02c01                 -11.3296        1.0000000E+00        0.0000000E+00
hkr02c02                  -3.9668        1.0000000E+00        0.0000000E+00
hkr02c03                  33.2288        1.0000000E+00        0.0000000E+00
hkr02c04                 -12.9534        1.0000000E+00        0.0000000E+00
hkr02c05                  18.3439        1.0000000E+00        0.0000000E+00
hkr02c06                   16.707        1.0000000E+00        0.0000000E+00
hkr02c07                  13.8829        1.0000000E+00        0.0000000E+00
hkr02c08                  12.1525        1.0000000E+00        0.0000000E+00
hkr02c09                 -10.9198        1.0000000E+00        0.0000000E+00
hkr02c10                  9.46552        1.0000000E+00        0.0000000E+00
hkr02c11                 -1.43008        1.0000000E+00        0.0000000E+00
hkr02c12                  5.03746        1.0000000E+00        0.0000000E+00
hkr02c13                   8.2027        1.0000000E+00        0.0000000E+00
hkr02c14                   5.5734        1.0000000E+00        0.0000000E+00
hkr02c15                 -11.5683        1.0000000E+00        0.0000000E+00
hkr02c16                   15.862        1.0000000E+00        0.0000000E+00
hkr02c17                   1.4996        1.0000000E+00        0.0000000E+00
hkr02c18                  12.6346        1.0000000E+00        0.0000000E+00
hkr02c19                  5.22693        1.0000000E+00        0.0000000E+00
hkr03c00                  15.3372        1.0000000E+00        0.0000000E+00
hkr03c01                 -57.0715        1.0000000E+00        0.0000000E+00
hkr03c02                  14.1275        1.0000000E+00        0.0000000E+00
hkr03c03                  20.8891        1.0000000E+00        0.0000000E+00
hkr03c04                  6.86162        1.0000000E+00        0.0000000E+00
hkr03c05                  0.88761        1.0000000E+00        0.0000000E+00
hkr03c06                 -40.9981        1.0000000E+00        0.0000000E+00
hkr03c07                 -11.4637        1.0000000E+00        0.0000000E+00
hkr03c08                  -20.294        1.0000000E+00        0.0000000E+00
hkr03c09                  8.51769        1.0000000E+00        0.0000000E+00
hkr03c10                  18.7071        1.0000000E+00        0.0000000E+00
hkr03c11                  7.38034        1.0000000E+00        0.0000000E+00
hkr03c12                  4.96711        1.0000000E+00        0.0000000E+00
hkr03c13                  3.12351        1.0000000E+00        0.0000000E+00
hkr03c14                 -2.05312        1.0000000E+00        0.0000000E+00
hkr03c15                  18.0576        1.0000000E+00        0.0000000E+00
hkr03c16                  9.40525        1.0000000E+00        0.0000000E+00
hkr03c17                  2.18293        1.0000000E+00        0.0000000E+00
hkr03c18                 0.157073        1.0000000E+00        0.0000000E+00
hkr03c19                 -5.95063        1.0000000E+00        0.0000000E+00
hkr04c00                   7.2985        1.0000000E+00        0.0000000E+00
hkr04c01                  2.13255        1.0000000E+00        0.0000000E+00
hkr04c02                  15.2199        1.0000000E+00        0.0000000E+00
hkr04c03                  16.0197        1.0000000E+00        0.0000000E+00
hkr04c04                  16.1469        1.0000000E+00        0.0000000E+00
hkr04c05                 -10.0152        1.0000000E+00        0.0000000E+00
hkr04c06                  22.6546        1.0000000E+00        0.0000000E+00
hkr04c07                  6.01356        1.0000000E+00        0.0000000E+00
hkr04c08                 -17.5988        1.0000000E+00        0.0000000E+00
hkr04c09                  1.55903        1.0000000E+00        0.0000000E+00
hkr04c10                   5.0622        1.0000000E+00        0.0000000E+00
hkr04c11                  15.4268        1.0000000E+00        0.0000000E+00
hkr04c12                 -10.2857        1.0000000E+00        0.0000000E+00
hkr04c13                 -6.38719        1.0000000E+00        0.0000000E+00
hkr04c14                  17.1938        1.0000000E+00        0.0000000E+00
hkr04c15                  9.48179        1.0000000E+00        0.0000000E+00
hkr04c16                  25.5426        1.0000000E+00        0.0000000E+00
hkr04c17                  28.9539        1.0000000E+00        0.0000000E+00
hkr04c18                  21.2216        1.0000000E+00        0.0000000E+00
hkr04c19                  4.92672        1.0000000E+00        0.0000000E+00
hkr05c00                    29.58        1.0000000E+00        0.0000000E+00
hkr05c01                 -3.01762        1.0000000E+00        0.0000000E+00
hkr05c02                 -12.1389        1.0000000E+00        0.0000000E+00
hkr05c03                  12.2929        1.0000000E+00        0.0000000E+00
hkr05c04                  -19.114        1.0000000E+00        0.0000000E+00
hkr05c05                  11.3043        1.0000000E+00        0.0000000E+00
hkr05c06                  10.6154        1.0000000E+00        0.0000000E+00
hkr05c07                  19.7276        1.0000000E+00        0.0000000E+00
hkr05c08                  4.76905        1.0000000E+00        0.0000000E+00
hkr05c09                  26.7979        1.0000000E+00        0.0000000E+00
hkr05c10                  8.37791        1.0000000E+00        0.0000000E+00
hkr05c11                  12.8905        1.0000000E+00        0.0000000E+00
hkr05c12                  -7.7375        1.0000000E+00        0.0000000E+00
hkr05c13                  23.1078        1.0000000E+00        0.0000000E+00
hkr05c14                   9.8672        1.0000000E+00        0.0000000E+00
hkr05c15                 -12.6285        1.0000000E+00        0.0000000E+00
hkr05c16                  2.49011        1.0000000E+00        0.0000000E+00
hkr05c17                 -14.1707        1.0000000E+00        0.0000000E+00
hkr05c18                 -1.37286        1.0000000E+00        0.0000000E+00
hkr05c19                  5.36582        1.0000000E+00        0.0000000E+00
hkr06c00                 -21.2154        1.0000000E+00        0.0000000E+00
hkr06c01                  6.06431        1.0000000E+00        0.0000000E+00
hkr06c02                  4.48407        1.0000000E+00        0.0000000E+00
hkr06c03                  1.26901        1.0000000E+00        0.0000000E+00
hkr06c04                 -30.0282        1.0000000E+00        0.0000000E+00
hkr06c05                 -10.8063        1.0000000E+00        0.0000000E+00
hkr06c06                 -15.7065        1.0000000E+00        0.0000000E+00
hkr06c07                  25.4799        1.0000000E+00        0.0000000E+00
hkr06c08                -0.452785        1.0000000E+00        0.0000000E+00
hkr06c09                  -1.3699        1.0000000E+00        0.0000000E+00
hkr06c10                 -20.6597        1.0000000E+00        0.0000000E+00
hkr06c11                 -14.9553        1.0000000E+00        0.0000000E+00
hkr06c12                 -23.3101        1.0000000E+00        0.0000000E+00
hkr06c13                -0.693498        1.0000000E+00        0.0000000E+00
hkr06c14                   -2.144        1.0000000E+00        0.0000000E+00
hkr06c15                 -8.26693        1.0000000E+00        0.0000000E+00
hkr06c16                 -8.85984        1.0000000E+00        0.0000000E+00
hkr06c17                  21.7032        1.0000000E+00        0.0000000E+00
hkr06c18                   3.8949        1.0000000E+00        0.0000000E+00
hkr06c19                  29.7917        1.0000000E+00        0.0000000E+00
hkr07c00                  7.51696        1.0000000E+00        0.0000000E+00
hkr07c01                  7.18245        1.0000000E+00        0.0000000E+00
hkr07c02                  11.6781        1.0000000E+00        0.0000000E+00
hkr07c03                  27.4479        1.0000000E+00        0.0000000E+00
hkr07c04                  9.62417        1.0000000E+00        0.0000000E+00
hkr07c05                  38.3662        1.0000000E+00        0.0000000E+00
hkr07c06                  1.12793        1.0000000E+00        0.0000000E+00
hkr07c07                  14.0733        1.0000000E+00        0.0000000E+00
hkr07c08                  20.6836        1.0000000E+00        0.0000000E+00
hkr07c09                 -13.6008        1.0000000E+00        0.0000000E+00
hkr07c10                 -26.0058        1.0000000E+00        0.0000000E+00
hkr07c11                 -1.11665        1.0000000E+00        0.0000000E+00
hkr07c12                 -7.31397        1.0000000E+00        0.0000000E+00
hkr07c13                  10.1049        1.0000000E+00        0.0000000E+00
hkr07c14                 -20.6775        1.0000000E+00        0.0000000E+00
hkr07c15                  19.4341        1.0000000E+00        0.0000000E+00
hkr07c16                   38.581        1.0000000E+00        0.0000000E+00
hkr07c17                 -1.06054        1.0000000E+00        0.0000000E+00
hkr07c18                 -7.74298        1.0000000E+00        0.0000000E+00
hkr07c19                  24.0866        1.0000000E+00        0.0000000E+00
hkr08c00                 -2.86255        1.0000000E+00        0.0000000E+00
hkr08c01                   1.7705        1.0000000E+00        0.0000000E+00
hkr08c02                  11.9047        1.0000000E+00        0.0000000E+00
hkr08c03                 -2.69612        1.0000000E+00        0.0000000E+00
hkr08c07                  18.4486        1.0000000E+00        0.0000000E+00
hkr08c08                  16.7794        1.0000000E+00        0.0000000E+00
hkr08c09                 -41.7306        1.0000000E+00        0.0000000E+00
hkr08c10                  18.7271        1.0000000E+00        0.0000000E+00
hkr08c11                  9.56418        1.0000000E+00        0.0000000E+00
hkr08c12                  10.5354        1.0000000E+00        0.0000000E+00
hkr08c13                  -7.6375        1.0000000E+00        0.0000000E+00
hkr08c14                 -2.67905        1.0000000E+00        0.0000000E+00
hkr08c15                 0.382565        1.0000000E+00        0.0000000E+00
hkr08c16                  14.7293        1.0000000E+00        0.0000000E+00
hkr08c17                  2.80216        1.0000000E+00        0.0000000E+00
hkr08c18                   27.854        1.0000000E+00        0.0000000E+00
hkr08c19                  12.8612        1.0000000E+00        0.0000000E+00
hkr09c00                  27.6086        1.0000000E+00        0.0000000E+00
hkr09c01                  29.3289        1.0000000E+00        0.0000000E+00
hkr09c02                  3.72648        1.0000000E+00        0.0000000E+00
hkr09c03                  22.3785        1.0000000E+00        0.0000000E+00
hkr09c08                 -11.0427        1.0000000E+00        0.0000000E+00
hkr09c09                 -30.9045        1.0000000E+00        0.0000000E+00
hkr09c10                  5.70117        1.0000000E+00        0.0000000E+00
hkr09c11                 -4.94262        1.0000000E+00        0.0000000E+00
hkr09c12                  31.5251        1.0000000E+00        0.0000000E+00
hkr09c13                  1.73412        1.0000000E+00        0.0000000E+00
hkr09c14                 0.602123        1.0000000E+00        0.0000000E+00
hkr09c15                  16.0729        1.0000000E+00        0.0000000E+00
hkr09c16                  22.8153        1.0000000E+00        0.0000000E+00
hkr09c17                  5.49149        1.0000000E+00        0.0000000E+00
hkr09c18                  15.6696        1.0000000E+00        0.0000000E+00
hkr09c19                  14.9479        1.0000000E+00        0.0000000E+00
hkr10c00                  11.8592        1.0000000E+00        0.0000000E+00
hkr10c01                 -15.0544        1.0000000E+00        0.0000000E+00
hkr10c02                  23.9131        1.0000000E+00        0.0000000E+00
hkr10c03                  11.1349        1.0000000E+00        0.0000000E+00
hkr10c08                  34.8369        1.0000000E+00        0.0000000E+00
hkr10c09                  0.79482        1.0000000E+00        0.0000000E+00
hkr10c10                  10.4353        1.0000000E+00        0.0000000E+00
hkr10c11                  -2.2923        1.0000000E+00        0.0000000E+00
hkr10c12                  7.74099        1.0000000E+00        0.0000000E+00
hkr10c13                  21.4178        1.0000000E+00        0.0000000E+00
hkr10c14                  8.02346        1.0000000E+00        0.0000000E+00
hkr10c15                  4.99208        1.0000000E+00        0.0000000E+00
hkr10c16                  4.32392        1.0000000E+00        0.0000000E+00
hkr10c17                 -1.24997        1.0000000E+00        0.0000000E+00
hkr10c18                  3.12434        1.0000000E+00        0.0000000E+00
hkr10c19                 -1.44644        1.0000000E+00        0.0000000E+00
hkr11c00                 -18.9872        1.0000000E+00        0.0000000E+00
hkr11c01                 -3.30316        1.0000000E+00        0.0000000E+00
hkr11c02                 -7.30158        1.0000000E+00        0.0000000E+00
hkr11c03                 -24.2782        1.0000000E+00        0.0000000E+00
hkr11c08                 -8.70843        1.0000000E+00        0.0000000E+00
hkr11c09                  7.89252        1.0000000E+00        0.0000000E+00
hkr11c10                  4.56136        1.0000000E+00        0.0000000E+00
hkr11c11                 -4.59167        1.0000000E+00        0.0000000E+00
hkr11c12                  29.3185        1.0000000E+00        0.0000000E+00
hkr11c13                  26.9679        1.0000000E+00        0.0000000E+00
hkr11c14                  12.9578        1.0000000E+00        0.0000000E+00
hkr11c15                 -19.2014        1.0000000E+00        0.0000000E+00
hkr11c16                  -1.4483        1.0000000E+00        0.0000000E+00
hkr11c17                  30.7543        1.0000000E+00        0.0000000E+00
hkr11c18                  14.8459        1.0000000E+00        0.0000000E+00
hkr11c19                 -5.17911        1.0000000E+00        0.0000000E+00
hkr12c00                  15.8846        1.0000000E+00        0.0000000E+00
hkr12c01                 -7.58356        1.0000000E+00        0.0000000E+00
hkr12c02                  18.2206        1.0000000E+00        0.0000000E+00
hkr12c03                 -19.1786        1.0000000E+00        0.0000000E+00
hkr12c08                  24.1119        1.0000000E+00        0.0000000E+00
hkr12c09                  20.3201        1.0000000E+00        0.0000000E+00
hkr12c10                   27.266        1.0000000E+00        0.0000000E+00
hkr12c11                  1.12752        1.0000000E+00        0.0000000E+00
hkr12c12                  8.50558        1.0000000E+00        0.0000000E+00
hkr12c13                 -14.5742        1.0000000E+00        0.0000000E+00
hkr12c14                   21.322        1.0000000E+00        0.0000000E+00
hkr12c15                  2.46503        1.0000000E+00        0.0000000E+00
hkr12c16                  26.9896        1.0000000E+00        0.0000000E+00
hkr12c17                  6.89362        1.0000000E+00        0.0000000E+00
hkr12c18                  29.3803        1.0000000E+00        0.0000000E+00
hkr12c19                 -2.65715        1.0000000E+00        0.0000000E+00
hkr13c00                  7.45884        1.0000000E+00        0.0000000E+00
hkr13c01                  15.0561        1.0000000E+00        0.0000000E+00
hkr13c02                 -3.42391        1.0000000E+00        0.0000000E+00
hkr13c03                 -25.8412        1.0000000E+00        0.0000000E+00
hkr13c08                  8.24501        1.0000000E+00        0.0000000E+00
hkr13c09                  12.7954        1.0000000E+00        0.0000000E+00
hkr13c10                  5.52718        1.0000000E+00        0.0000000E+00
hkr13c11                  34.2277        1.0000000E+00        0.0000000E+00
hkr13c12                   9.0882        1.0000000E+00        0.0000000E+00
hkr13c13                  22.5401        1.0000000E+00        0.0000000E+00
hkr13c14                  42.7711        1.0000000E+00        0.0000000E+00
hkr13c15                  13.4637        1.0000000E+00        0.0000000E+00
hkr13c16                  25.0925        1.0000000E+00        0.0000000E+00
hkr13c17                 -3.36496        1.0000000E+00        0.0000000E+00
hkr13c18                 -17.4287        1.0000000E+00        0.0000000E+00
hkr13c19                  15.2745        1.0000000E+00        0.0000000E+00
hkr14c00                 -27.5394        1.0000000E+00        0.0000000E+00
hkr14c01                 -19.1338        1.0000000E+00        0.0000000E+00
hkr14c02                -0.896375        1.0000000E+00        0.0000000E+00
hkr14c03                  21.6695        1.0000000E+00        0.0000000E+00
hkr14c08                 -6.32031        1.0000000E+00        0.0000000E+00
hkr14c09                0.0805564        1.0000000E+00        0.0000000E+00
hkr14c10                  6.80269        1.0000000E+00        0.0000000E+00
hkr14c11                  14.6315        1.0000000E+00        0.0000000E+00
hkr14c12                  15.2194        1.0000000E+00        0.0000000E+00
hkr14c13                  13.8333        1.0000000E+00        0.0000000E+00
hkr14c14                  5.70601        1.0000000E+00        0.0000000E+00
hkr14c15                   12.721        1.0000000E+00        0.0000000E+00
hkr14c16                  18.3464        1.0000000E+00        0.0000000E+00
hkr14c17                  9.46014        1.0000000E+00        0.0000000E+00
hkr14c18                 0.265479        1.0000000E+00        0.0000000E+00
hkr14c19                 -6.95749        1.0000000E+00        0.0000000E+00
hkr15c00                 -1.24976        1.0000000E+00        0.0000000E+00
hkr15c01                 -4.19828        1.0000000E+00        0.0000000E+00
hkr15c02                  14.4068        1.0000000E+00        0.0000000E+00
hkr15c03                 -3.66404        1.0000000E+00        0.0000000E+00
hkr15c08                  23.8173        1.0000000E+00        0.0000000E+00
hkr15c09                  9.44541        1.0000000E+00        0.0000000E+00
hkr15c10                  3.10429        1.0000000E+00        0.0000000E+00
hkr15c11                 -21.9372        1.0000000E+00        0.0000000E+00
hkr15c12                 -4.74396        1.0000000E+00        0.0000000E+00
hkr15c13                 -1.56906        1.0000000E+00        0.0000000E+00
hkr15c14                  4.77983        1.0000000E+00        0.0000000E+00
hkr15c15                 -20.2239        1.0000000E+00        0.0000000E+00
hkr15c16                  11.2849        1.0000000E+00        0.0000000E+00
hkr15c17                  7.77606        1.0000000E+00        0.0000000E+00
hkr15c18                 -9.06129        1.0000000E+00        0.0000000E+00
hkr15c19                 -11.0177        1.0000000E+00        0.0000000E+00
hkr16c00                  19.4143        1.0000000E+00        0.0000000E+00
hkr16c01                  3.58328        1.0000000E+00        0.0000000E+00
hkr16c02                  9.67989        1.0000000E+00        0.0000000E+00
hkr16c03                   35.092        1.0000000E+00        0.0000000E+00
hkr16c08                   -4.902        1.0000000E+00        0.0000000E+00
hkr16c09                 -14.4119        1.0000000E+00        0.0000000E+00
hkr16c10                  19.5061        1.0000000E+00        0.0000000E+00
hkr16c11                  8.66991        1.0000000E+00        0.0000000E+00
hkr16c12                 -9.39159        1.0000000E+00        0.0000000E+00
hkr16c13                  9.89673        1.0000000E+00        0.0000000E+00
hkr16c14                  -18.738        1.0000000E+00        0.0000000E+00
hkr16c15                  37.5493        1.0000000E+00        0.0000000E+00
hkr16c16                  15.2358        1.0000000E+00        0.0000000E+00
hkr16c17                  2.44592        1.0000000E+00        0.0000000E+00
hkr16c18                  16.9915        1.0000000E+00        0.0000000E+00
hkr16c19                  21.8109        1.0000000E+00        0.0000000E+00
hkr17c00                 -15.4938        1.0000000E+00        0.0000000E+00
hkr17c01                  10.8693        1.0000000E+00        0.0000000E+00
hkr17c02                  10.7493        1.0000000E+00        0.0000000E+00
hkr17c03                   29.023        1.0000000E+00        0.0000000E+00
hkr17c08                  12.1292        1.0000000E+00        0.0000000E+00
hkr17c09                  8.96241        1.0000000E+00        0.0000000E+00
hkr17c10                  18.8241        1.0000000E+00        0.0000000E+00
hkr17c11                 0.108738        1.0000000E+00        0.0000000E+00
hkr17c12                  11.0507        1.0000000E+00        0.0000000E+00
hkr17c13                 -11.9567        1.0000000E+00        0.0000000E+00
hkr17c14                 0.899048        1.0000000E+00        0.0000000E+00
hkr17c15                  37.9399        1.0000000E+00        0.0000000E+00
hkr17c16                 -3.47302        1.0000000E+00        0.0000000E+00
hkr17c17                   12.851        1.0000000E+00        0.0000000E+00
hkr17c18                 -1.13542        1.0000000E+00        0.0000000E+00
hkr17c19                 -12.0544        1.0000000E+00        0.0000000E+00
hkr18c00                 -1.29878        1.0000000E+00        0.0000000E+00
hkr18c01                  18.8111        1.0000000E+00        0.0000000E+00
hkr18c02                  26.9567        1.0000000E+00        0.0000000E+00
hkr18c03                 -17.4003        1.0000000E+00        0.0000000E+00
hkr18c08                  7.20915        1.0000000E+00        0.0000000E+00
hkr18c09                  14.3647        1.0000000E+00        0.0000000E+00
hkr18c10                  10.2668        1.0000000E+00        0.0000000E+00
hkr18c11                  5.18083        1.0000000E+00        0.0000000E+00
hkr18c12                  28.4362        1.0000000E+00        0.0000000E+00
hkr18c13                 -22.8728        1.0000000E+00        0.0000000E+00
hkr18c14                  -3.2914        1.0000000E+00        0.0000000E+00
hkr18c15                 -13.0968        1.0000000E+00        0.0000000E+00
hkr18c16                  4.15136        1.0000000E+00        0.0000000E+00
hkr18c17                   -12.21        1.0000000E+00        0.0000000E+00
hkr18c18                  3.97836        1.0000000E+00        0.0000000E+00
hkr18c19                 -5.36269        1.0000000E+00        0.0000000E+00
hkr19c00                  34.3842        1.0000000E+00        0.0000000E+00
hkr19c01                  29.0904        1.0000000E+00        0.0000000E+00
hkr19c02                 -6.33407        1.0000000E+00        0.0000000E+00
hkr19c03                 -5.01109        1.0000000E+00        0.0000000E+00
hkr19c08                 -5.36744        1.0000000E+00        0.0000000E+00
hkr19c09                 -11.8235        1.0000000E+00        0.0000000E+00
hkr19c10                   6.4748        1.0000000E+00        0.0000000E+00
hkr19c11                 -2.49386        1.0000000E+00        0.0000000E+00
hkr19c12                  10.1259        1.0000000E+00        0.0000000E+00
hkr19c13                  32.4343        1.0000000E+00        0.0000000E+00
hkr19c14                 0.834406        1.0000000E+00        0.0000000E+00
hkr19c15                 -7.40312        1.0000000E+00        0.0000000E+00
hkr19c16                  30.6285        1.0000000E+00        0.0000000E+00
hkr19c17                  8.13145        1.0000000E+00        0.0000000E+00
hkr19c18                  11.5123        1.0000000E+00        0.0000000E+00
hkr19c19                  5.43699        1.0000000E+00        0.0000000E+00
hkr20c00                 -5.75698        1.0000000E+00        0.0000000E+00
hkr20c01                  4.84296        1.0000000E+00        0.0000000E+00
hkr20c02                  42.1175        1.0000000E+00        0.0000000E+00
hkr20c03                  39.3193        1.0000000E+00        0.0000000E+00
hkr20c08                 -26.1575        1.0000000E+00        0.0000000E+00
hkr20c09                  30.7174        1.0000000E+00        0.0000000E+00
hkr20c10                  25.6255        1.0000000E+00        0.0000000E+00
hkr20c11                  22.5422        1.0000000E+00        0.0000000E+00
hkr20c12                  12.7706        1.0000000E+00        0.0000000E+00
hkr20c13                 -5.80362        1.0000000E+00        0.0000000E+00
hkr20c14                  23.7976        1.0000000E+00        0.0000000E+00
hkr20c15                  4.14822        1.0000000E+00        0.0000000E+00
hkr20c16                  19.4384        1.0000000E+00        0.0000000E+00
hkr20c17                 -12.5805        1.0000000E+00        0.0000000E+00
hkr20c18                  21.0711        1.0000000E+00        0.0000000E+00
hkr20c19                -0.704168        1.0000000E+00        0.0000000E+00
hkr21c00                  20.2495        1.0000000E+00        0.0000000E+00
hkr21c01                 -14.0469        1.0000000E+00        0.0000000E+00
hkr21c02                  13.8882        1.0000000E+00        0.0000000E+00
hkr21c03                  11.0515        1.0000000E+00        0.0000000E+00
hkr21c06                  17.2591        1.0000000E+00        0.0000000E+00
hkr21c07                 -13.7669        1.0000000E+00        0.0000000E+00
hkr21c08                  9.73037        1.0000000E+00        0.0000000E+00
hkr21c09                 -4.58678        1.0000000E+00        0.0000000E+00
hkr21c10                 -6.87635        1.0000000E+00        0.0000000E+00
hkr21c11                   10.741        1.0000000E+00        0.0000000E+00
hkr21c12                 -3.72621        1.0000000E+00        0.0000000E+00
hkr21c13                  13.3641        1.0000000E+00        0.0000000E+00
hkr21c14                  17.0058        1.0000000E+00        0.0000000E+00
hkr21c15                  27.6926        1.0000000E+00        0.0000000E+00
hkr21c16                 -5.80343        1.0000000E+00        0.0000000E+00
hkr21c17                 -2.88449        1.0000000E+00        0.0000000E+00
hkr21c18                 -28.7234        1.0000000E+00        0.0000000E+00
hkr21c19                    -16.6        1.0000000E+00        0.0000000E+00
hkr22c00                  17.3539        1.0000000E+00        0.0000000E+00
hkr22c01                  1.80916        1.0000000E+00        0.0000000E+00
hkr22c02                  4.88962        1.0000000E+00        0.0000000E+00
hkr22c03                 -11.8271        1.0000000E+00        0.0000000E+00
hkr22c04                  6.48096        1.0000000E+00        0.0000000E+00
hkr22c06                 0.440119        1.0000000E+00        0.0000000E+00
hkr22c07                  3.11461        1.0000000E+00        0.0000000E+00
hkr22c08                  6.57579        1.0000000E+00        0.0000000E+00
hkr22c09                  17.3424        1.0000000E+00        0.0000000E+00
hkr22c10                  7.90276        1.0000000E+00        0.0000000E+00
hkr22c11                  9.79627        1.0000000E+00        0.0000000E+00
hkr22c12                  13.8207        1.0000000E+00        0.0000000E+00
hkr22c13                 -18.8674        1.0000000E+00        0.0000000E+00
hkr22c14                  13.9156        1.0000000E+00        0.0000000E+00
hkr22c15                 0.810541        1.0000000E+00        0.0000000E+00
hkr22c16                 -3.39939        1.0000000E+00        0.0000000E+00
hkr22c17                  2.52086        1.0000000E+00        0.0000000E+00
hkr22c18                  28.1824        1.0000000E+00        0.0000000E+00
hkr22c19                  4.59971        1.0000000E+00        0.0000000E+00
hkr23c00                  3.29979        1.0000000E+00        0.0000000E+00
hkr23c01                  9.44043        1.0000000E+00        0.0000000E+00
hkr23c02                  4.76935        1.0000000E+00        0.0000000E+00
hkr23c03                   24.451        1.0000000E+00        0.0000000E+00
hkr23c04                 -2.82474        1.0000000E+00        0.0000000E+00
hkr23c05                  18.9984        1.0000000E+00        0.0000000E+00
hkr23c06                  7.03932        1.0000000E+00        0.0000000E+00
hkr23c07                  6.36627        1.0000000E+00        0.0000000E+00
hkr23c08                 -2.75819        1.0000000E+00        0.0000000E+00
hkr23c09                   13.993        1.0000000E+00        0.0000000E+00
hkr23c10                 -19.9654        1.0000000E+00        0.0000000E+00
hkr23c11                 -12.3091        1.0000000E+00        0.0000000E+00
hkr23c12                 -2.95519        1.0000000E+00        0.0000000E+00
hkr23c13                 -17.8555        1.0000000E+00        0.0000000E+00
hkr23c14                  8.51616        1.0000000E+00        0.0000000E+00
hkr23c15                  5.83366        1.0000000E+00        0.0000000E+00
hkr23c16                  24.0734        1.0000000E+00        0.0000000E+00
hkr23c17                  29.5557        1.0000000E+00        0.0000000E+00
hkr23c18                  24.3355        1.0000000E+00        0.0000000E+00
hkr23c19                  5.03889        1.0000000E+00        0.0000000E+00
hkr24c00                  1.49245        1.0000000E+00        0.0000000E+00
hkr24c01                 -10.7061        1.0000000E+00        0.0000000E+00
hkr24c02                  17.3433        1.0000000E+00        0.0000000E+00
hkr24c03                 -1.77034        1.0000000E+00        0.0000000E+00
hkr24c04                  18.9389        1.0000000E+00        0.0000000E+00
hkr24c05                  42.3241        1.0000000E+00        0.0000000E+00
hkr24c06                  6.25202        1.0000000E+00        0.0000000E+00
hkr24c07                 -12.7196        1.0000000E+00        0.0000000E+00
hkr24c08                  2.43669        1.0000000E+00        0.0000000E+00
hkr24c09                  13.9665        1.0000000E+00        0.0000000E+00
hkr24c10                  10.4791        1.0000000E+00        0.0000000E+00
hkr24c11                  22.5124        1.0000000E+00        0.0000000E+00
hkr24c12                  4.49371        1.0000000E+00        0.0000000E+00
hkr24c13                  20.7402        1.0000000E+00        0.0000000E+00
hkr24c14                 -3.84935        1.0000000E+00        0.0000000E+00
hkr24c15                  2.72565        1.0000000E+00        0.0000000E+00
hkr24c16                   8.0914        1.0000000E+00        0.0000000E+00
hkr24c17                  15.7694        1.0000000E+00        0.0000000E+00
hkr24c18                  15.8478        1.0000000E+00        0.0000000E+00
hkr24c19                  21.4542        1.0000000E+00        0.0000000E+00
hkr25c00                  9.34145        1.0000000E+00        0.0000000E+00
hkr25c01                  -4.1263        1.0000000E+00        0.0000000E+00
hkr25c02                 -4.83925        1.0000000E+00        0.0000000E+00
hkr25c03                  4.58513        1.0000000E+00        0.0000000E+00
hkr25c04                  24.0217        1.0000000E+00        0.0000000E+00
hkr25c05                   5.8564        1.0000000E+00        0.0000000E+00
hkr25c06                 -10.6324        1.0000000E+00        0.0000000E+00
hkr25c07                 -9.89676        1.0000000E+00        0.0000000E+00
hkr25c08                 -11.3526        1.0000000E+00        0.0000000E+00
hkr25c09                  5.13536        1.0000000E+00        0.0000000E+00
hkr25c10                  8.27428        1.0000000E+00        0.0000000E+00
hkr25c11                  3.71055        1.0000000E+00        0.0000000E+00
hkr25c12                  37.6207        1.0000000E+00        0.0000000E+00
hkr25c13                  23.2557        1.0000000E+00        0.0000000E+00
hkr25c14                 -18.8646        1.0000000E+00        0.0000000E+00
hkr25c15                  26.1827        1.0000000E+00        0.0000000E+00
hkr25c16                  6.63988        1.0000000E+00        0.0000000E+00
hkr25c17                 -7.96125        1.0000000E+00        0.0000000E+00
hkr25c18                  17.9752        1.0000000E+00        0.0000000E+00
hkr25c19                  15.0828        1.0000000E+00        0.0000000E+00
hkr26c00                 0.664671        1.0000000E+00        0.0000000E+00
hkr26c01                  21.2267        1.0000000E+00        0.0000000E+00
hkr26c02                  1.34885        1.0000000E+00        0.0000000E+00
hkr26c03                  27.7504        1.0000000E+00        0.0000000E+00
hkr26c04                 0.880466        1.0000000E+00        0.0000000E+00
hkr26c05                  4.83335        1.0000000E+00        0.0000000E+00
hkr26c06                  10.1833        1.0000000E+00        0.0000000E+00
hkr26c07                 -29.5208        1.0000000E+00        0.0000000E+00
hkr26c08                 -13.0651        1.0000000E+00        0.0000000E+00
hkr26c09                  2.82044        1.0000000E+00        0.0000000E+00
hkr26c10                  15.6951        1.0000000E+00        0.0000000E+00
hkr26c11                 -2.66612        1.0000000E+00        0.0000000E+00
hkr26c12                  2.26354        1.0000000E+00        0.0000000E+00
hkr26c13                  12.9088        1.0000000E+00        0.0000000E+00
hkr26c14                  17.0932        1.0000000E+00        0.0000000E+00
hkr26c15                 -9.22508        1.0000000E+00        0.0000000E+00
hkr26c16                 -9.87889        1.0000000E+00        0.0000000E+00
hkr26c17                  7.36634        1.0000000E+00        0.0000000E+00
hkr26c18                  9.65562        1.0000000E+00        0.0000000E+00
hkr26c19                  14.3084        1.0000000E+00        0.0000000E+00
hkr27c00                   4.8018        1.0000000E+00        0.0000000E+00
hkr27c01                  13.2642        1.0000000E+00        0.0000000E+00
hkr27c02                  10.0724        1.0000000E+00        0.0000000E+00
hkr27c03                 -2.53095        1.0000000E+00        0.0000000E+00
hkr27c04                  9.44801        1.0000000E+00        0.0000000E+00
hkr27c05                   15.257        1.0000000E+00        0.0000000E+00
hkr27c06                 0.956179        1.0000000E+00        0.0000000E+00
hkr27c07                 -15.6413        1.0000000E+00        0.0000000E+00
hkr27c08                  5.09661        1.0000000E+00        0.0000000E+00
hkr27c09                 -20.6763        1.0000000E+00        0.0000000E+00
hkr27c10                  3.22574        1.0000000E+00        0.0000000E+00
hkr27c11                  2.20152        1.0000000E+00        0.0000000E+00
hkr27c12                 -3.73906        1.0000000E+00        0.0000000E+00
hkr27c13                  2.04462        1.0000000E+00        0.0000000E+00
hkr27c14                 -7.10392        1.0000000E+00        0.0000000E+00
hkr27c15                -0.480222        1.0000000E+00        0.0000000E+00
hkr27c16                  7.89211        1.0000000E+00        0.0000000E+00
hkr27c17                  1.66758        1.0000000E+00        0.0000000E+00
hkr27c18                  12.3306        1.0000000E+00        0.0000000E+00
hkr27c19                  14.3681        1.0000000E+00        0.0000000E+00
hkr28c00                 -1.95732        1.0000000E+00        0.0000000E+00
hkr28c01                  21.5354        1.0000000E+00        0.0000000E+00
hkr28c02                 -2.27051        1.0000000E+00        0.0000000E+00
hkr28c03                   7.4402        1.0000000E+00        0.0000000E+00
hkr28c04                 -7.29912        1.0000000E+00        0.0000000E+00
hkr28c05                 -22.2531        1.0000000E+00        0.0000000E+00
hkr28c06                  -17.949        1.0000000E+00        0.0000000E+00
hkr28c07                  -5.5618        1.0000000E+00        0.0000000E+00
hkr28c08                  -10.909        1.0000000E+00        0.0000000E+00
hkr28c09                -0.718511        1.0000000E+00        0.0000000E+00
hkr28c10                  15.2598        1.0000000E+00        0.0000000E+00
hkr28c11                  17.4222        1.0000000E+00        0.0000000E+00
hkr28c12                  7.64391        1.0000000E+00        0.0000000E+00
hkr28c13                  6.64585        1.0000000E+00        0.0000000E+00
hkr28c14                  9.23083        1.0000000E+00        0.0000000E+00
hkr28c15                  4.42727        1.0000000E+00        0.0000000E+00
hkr28c16                  17.4474        1.0000000E+00        0.0000000E+00
hkr28c17                  6.30554        1.0000000E+00        0.0000000E+00
hkr28c18                 -8.95285        1.0000000E+00        0.0000000E+00
hkr28c19                  23.1342        1.0000000E+00        0.0000000E+00
hkr29c00                 -6.14653        1.0000000E+00        0.0000000E+00
hkr29c01                  12.8696        1.0000000E+00        0.0000000E+00
hkr29c02                   20.838        1.0000000E+00        0.0000000E+00
hkr29c03                 -8.12989        1.0000000E+00        0.0000000E+00
hkr29c04                 -24.1395        1.0000000E+00        0.0000000E+00
hkr29c05                  7.16997        1.0000000E+00        0.0000000E+00
hkr29c06                  16.0911        1.0000000E+00        0.0000000E+00
hkr29c07                 -2.01009        1.0000000E+00        0.0000000E+00
hkr29c08                  20.8098        1.0000000E+00        0.0000000E+00
hkr29c09                 -2.29365        1.0000000E+00        0.0000000E+00
hkr29c10                 0.982325        1.0000000E+00        0.0000000E+00
hkr29c11                 -14.7881        1.0000000E+00        0.0000000E+00
hkr29c12                 -3.70818        1.0000000E+00        0.0000000E+00
hkr29c13                  -12.904        1.0000000E+00        0.0000000E+00
hkr29c14                 -9.45758        1.0000000E+00        0.0000000E+00
hkr29c15                 -23.0144        1.0000000E+00        0.0000000E+00
hkr29c16                  5.63063        1.0000000E+00        0.0000000E+00
hkr29c17                  24.0775        1.0000000E+00        0.0000000E+00
hkr29c18                  8.02133        1.0000000E+00        0.0000000E+00
hkr29c19                  9.84298        1.0000000E+00        0.0000000E+00
hkr30c00                  33.5077        1.0000000E+00        0.0000000E+00
hkr30c01                 0.575618        1.0000000E+00        0.0000000E+00
hkr30c02                  27.6845        1.0000000E+00        0.0000000E+00
hkr30c03                  1.14683        1.0000000E+00        0.0000000E+00
hkr30c04                 0.480886        1.0000000E+00        0.0000000E+00
hkr30c05                  13.6347        1.0000000E+00        0.0000000E+00
hkr30c06                 -13.3929        1.0000000E+00        0.0000000E+00
hkr30c07                 -10.1342        1.0000000E+00        0.0000000E+00
hkr30c08                 -12.1842        1.0000000E+00        0.0000000E+00
hkr30c09                  3.82283        1.0000000E+00        0.0000000E+00
hkr30c10                  13.6682        1.0000000E+00        0.0000000E+00
hkr30c11                 -20.3128        1.0000000E+00        0.0000000E+00
hkr30c12                  5.40912        1.0000000E+00        0.0000000E+00
hkr30c13                  7.80947        1.0000000E+00        0.0000000E+00
hkr30c14                  16.5449        1.0000000E+00        0.0000000E+00
hkr30c15                0.0612536        1.0000000E+00        0.0000000E+00
hkr30c16                   24.966        1.0000000E+00        0.0000000E+00
hkr30c17                 -1.71034        1.0000000E+00        0.0000000E+00
hkr30c18                  24.2512        1.0000000E+00        0.0000000E+00
hkr30c19                  12.0773        1.0000000E+00        0.0000000E+00
hkr31c00                  30.5666        1.0000000E+00        0.0000000E+00
hkr31c01                  9.66242        1.0000000E+00        0.0000000E+00
hkr31c02                  14.7499        1.0000000E+00        0.0000000E+00
hkr31c03                 -5.04858        1.0000000E+00        0.0000000E+00
hkr31c04                  32.1937        1.0000000E+00        0.0000000E+00
hkr31c05                 -14.6212        1.0000000E+00        0.0000000E+00
hkr31c06                  -1.2187        1.0000000E+00        0.0000000E+00
hkr31c07                  23.7025        1.0000000E+00        0.0000000E+00
hkr31c08                0.0821694        1.0000000E+00        0.0000000E+00
hkr31c09                -0.004919        1.0000000E+00        0.0000000E+00
hkr31c10                   20.186        1.0000000E+00        0.0000000E+00
hkr31c11                  21.3583        1.0000000E+00        0.0000000E+00
hkr31c12                  36.1744        1.0000000E+00        0.0000000E+00
hkr31c13                   16.283        1.0000000E+00        0.0000000E+00
hkr31c14                  7.26518        1.0000000E+00        0.0000000E+00
hkr31c15                 -10.4409        1.0000000E+00        0.0000000E+00
hkr31c16                  -1.7796        1.0000000E+00        0.0000000E+00
hkr31c17                  18.8543        1.0000000E+00        0.0000000E+00
hkr31c18                  20.0709        1.0000000E+00        0.0000000E+00
hkr31c19                  12.7869        1.0000000E+00        0.0000000E+00
hkr32c01                  3.20773        1.0000000E+00        0.0000000E+00
hkr32c02                  22.0191        1.0000000E+00        0.0000000E+00
hkr32c03                  15.4478        1.0000000E+00        0.0000000E+00
hkr32c04                  45.1882        1.0000000E+00        0.0000000E+00
hkr32c05                  11.5831        1.0000000E+00        0.0000000E+00
hkr32c06                  20.1667        1.0000000E+00        0.0000000E+00
hkr32c07                  -4.8244        1.0000000E+00        0.0000000E+00
hkr32c08                  30.9305        1.0000000E+00        0.0000000E+00
hkr32c09                -0.867787        1.0000000E+00        0.0000000E+00
hkr32c10                  2.39274        1.0000000E+00        0.0000000E+00
hkr32c11                 -11.6877        1.0000000E+00        0.0000000E+00
hkr32c12                  26.7158        1.0000000E+00        0.0000000E+00
hkr32c13                  23.2947        1.0000000E+00        0.0000000E+00
hkr32c14                 -3.42821        1.0000000E+00        0.0000000E+00
hkr32c15                  26.9911        1.0000000E+00        0.0000000E+00
hkr32c16                  3.71435        1.0000000E+00        0.0000000E+00
hkr32c17                 -3.75404        1.0000000E+00        0.0000000E+00
hkr32c18                 -27.9537        1.0000000E+00        0.0000000E+00
hkr32c19                 -15.1517        1.0000000E+00        0.0000000E+00
hkr33c02                 -19.0671        1.0000000E+00        0.0000000E+00
hkr33c03                  47.6627        1.0000000E+00        0.0000000E+00
hkr33c04                  11.8215        1.0000000E+00        0.0000000E+00
hkr33c05                  12.4598        1.0000000E+00        0.0000000E+00
hkr33c06                  12.8779        1.0000000E+00        0.0000000E+00
hkr33c07                  11.2694        1.0000000E+00        0.0000000E+00
hkr33c08                 -2.78384        1.0000000E+00        0.0000000E+00
hkr33c09                 -20.1757        1.0000000E+00        0.0000000E+00
hkr33c10                  16.5306        1.0000000E+00        0.0000000E+00
hkr33c11                 -8.20463        1.0000000E+00        0.0000000E+00
hkr33c12                  9.39467        1.0000000E+00        0.0000000E+00
hkr33c13                  4.84847        1.0000000E+00        0.0000000E+00
hkr33c14                  9.28262        1.0000000E+00        0.0000000E+00
hkr33c15                 -4.93122        1.0000000E+00        0.0000000E+00
hkr33c16                 -16.0031        1.0000000E+00        0.0000000E+00
hkr33c17                 -3.37401        1.0000000E+00        0.0000000E+00
hkr33c18                  14.1534        1.0000000E+00        0.0000000E+00
hkr33c19                  9.24832        1.0000000E+00        0.0000000E+00
hkr34c03                 -10.8713        1.0000000E+00        0.0000000E+00
hkr34c04                 -7.07442        1.0000000E+00        0.0000000E+00
hkr34c05                  12.4898        1.0000000E+00        0.0000000E+00
hkr34c06                  7.13519        1.0000000E+00        0.0000000E+00
hkr34c07                 -12.3915        1.0000000E+00        0.0000000E+00
hkr34c08                 -12.5462        1.0000000E+00        0.0000000E+00
hkr34c09                  5.83466        1.0000000E+00        0.0000000E+00
hkr34c10                  9.11015        1.0000000E+00        0.0000000E+00
hkr34c11                 -8.12992        1.0000000E+00        0.0000000E+00
hkr34c12                  3.55454        1.0000000E+00        0.0000000E+00
hkr34c13                  11.9858        1.0000000E+00        0.0000000E+00
hkr34c14                -0.261013        1.0000000E+00        0.0000000E+00
hkr34c15                -0.786166        1.0000000E+00        0.0000000E+00
hkr34c16                   19.731        1.0000000E+00        0.0000000E+00
hkr34c17                  8.58243        1.0000000E+00        0.0000000E+00
hkr34c18                   35.358        1.0000000E+00        0.0000000E+00
hkr34c19                  38.7705        1.0000000E+00        0.0000000E+00
hkr35c04                  32.8616        1.0000000E+00        0.0000000E+00
hkr35c05                  5.17432        1.0000000E+00        0.0000000E+00
hkr35c06                  24.9443        1.0000000E+00        0.0000000E+00
hkr35c07                  13.0449        1.0000000E+00        0.0000000E+00
hkr35c08                  11.1635        1.0000000E+00        0.0000000E+00
hkr35c09                  2.95996        1.0000000E+00        0.0000000E+00
hkr35c10                 -16.6871        1.0000000E+00        0.0000000E+00
hkr35c11                  3.19826        1.0000000E+00        0.0000000E+00
hkr35c12                   16.209        1.0000000E+00        0.0000000E+00
hkr35c13                 0.127105        1.0000000E+00        0.0000000E+00
hkr35c14                  14.9444        1.0000000E+00        0.0000000E+00
hkr35c15                  -9.2273        1.0000000E+00        0.0000000E+00
hkr35c16                 -19.5226        1.0000000E+00        0.0000000E+00
hkr35c17                  10.1207        1.0000000E+00        0.0000000E+00
hkr35c18                  17.4611        1.0000000E+00        0.0000000E+00
hkr36c04                  6.85782        1.0000000E+00        0.0000000E+00
hkr36c05                   16.808        1.0000000E+00        0.0000000E+00
hkr36c06                 -10.8744        1.0000000E+00        0.0000000E+00
hkr36c07                  45.4671        1.0000000E+00        0.0000000E+00
hkr36c08                  9.88456        1.0000000E+00        0.0000000E+00
hkr36c09                  18.5341        1.0000000E+00        0.0000000E+00
hkr36c10                 -16.9115        1.0000000E+00        0.0000000E+00
hkr36c11                -0.756566        1.0000000E+00        0.0000000E+00
hkr36c12                  23.4043        1.0000000E+00        0.0000000E+00
hkr36c13                 -16.7117        1.0000000E+00        0.0000000E+00
hkr36c14                  18.9984        1.0000000E+00        0.0000000E+00
hkr36c15                 -3.74954        1.0000000E+00        0.0000000E+00
hkr36c16                   8.2654        1.0000000E+00        0.0000000E+00
hkr36c17                  1.40339        1.0000000E+00        0.0000000E+00
hkr36c18                  14.4816        1.0000000E+00        0.0000000E+00
hkr37c05                  10.5956        1.0000000E+00        0.0000000E+00
hkr37c06                 -1.14775        1.0000000E+00        0.0000000E+00
hkr37c07                  30.0431        1.0000000E+00        0.0000000E+00
hkr37c08                  6.67621        1.0000000E+00        0.0000000E+00
hkr37c09                 -14.0064        1.0000000E+00        0.0000000E+00
hkr37c10                 -6.57801        1.0000000E+00        0.0000000E+00
hkr37c11                  17.8075        1.0000000E+00        0.0000000E+00
hkr37c12                  13.0441        1.0000000E+00        0.0000000E+00
hkr37c13                 -25.8374        1.0000000E+00        0.0000000E+00
hkr37c14                  11.8586        1.0000000E+00        0.0000000E+00
hkr37c15                  -13.216        1.0000000E+00        0.0000000E+00
hkr37c16                 -8.62071        1.0000000E+00        0.0000000E+00
hkr37c17                  4.60717        1.0000000E+00        0.0000000E+00
hkr38c05                  8.25097        1.0000000E+00        0.0000000E+00
hkr38c06                  18.4518        1.0000000E+00        0.0000000E+00
hkr38c07                 -2.40341        1.0000000E+00        0.0000000E+00
hkr38c08                 -3.54539        1.0000000E+00        0.0000000E+00
hkr38c09                   16.155        1.0000000E+00        0.0000000E+00
hkr38c10                  13.7289        1.0000000E+00        0.0000000E+00
hkr38c11                   27.679        1.0000000E+00        0.0000000E+00
hkr38c12                  24.5325        1.0000000E+00        0.0000000E+00
hkr38c13                  24.2427        1.0000000E+00        0.0000000E+00
hkr38c14                  9.90693        1.0000000E+00        0.0000000E+00
hkr38c15                 -19.8885        1.0000000E+00        0.0000000E+00
hkr38c16                  2.64872        1.0000000E+00        0.0000000E+00
hkr39c05                  16.4238        1.0000000E+00        0.0000000E+00
hkr39c06                  3.78572        1.0000000E+00        0.0000000E+00
hkr39c07                 -10.1145        1.0000000E+00        0.0000000E+00
hkr39c08                  25.2167        1.0000000E+00        0.0000000E+00
hkr39c09                   2.7345        1.0000000E+00        0.0000000E+00
hkr39c10                  11.5213        1.0000000E+00        0.0000000E+00
hkr39c11                 -9.45056        1.0000000E+00        0.0000000E+00
hkr39c12                  9.22831        1.0000000E+00        0.0000000E+00
hkr39c13                  10.3425        1.0000000E+00        0.0000000E+00
hkr39c14                 -6.83247        1.0000000E+00        0.0000000E+00
