single point
rch_1                     1.04448        1.0000000E+00        0.0000000E+00
rch_2                      1.3246        1.0000000E+00        0.0000000E+00
rcond00                   12854.9        1.0000000E+00        0.0000000E+00
rcond01                   9221.88        1.0000000E+00        0.0000000E+00
rcond02                   -5006.6        1.0000000E+00        0.0000000E+00
rcond03                   30804.1        1.0000000E+00        0.0000000E+00
rcond04                  -7028.36        1.0000000E+00        0.0000000E+00
rcond05                   25003.5        1.0000000E+00        0.0000000E+00
rcond06                  -11920.9        1.0000000E+00        0.0000000E+00
rcond07                  -3594.35        1.0000000E+00        0.0000000E+00
rcond08                   10684.8        1.0000000E+00        0.0000000E+00
rcond09                   2146.67        1.0000000E+00        0.0000000E+00
rcond10                    4105.8        1.0000000E+00        0.0000000E+00
rcond11                  -7802.03        1.0000000E+00        0.0000000E+00
rcond12                     14982        1.0000000E+00        0.0000000E+00
rcond13                   10158.8        1.0000000E+00        0.0000000E+00
rcond14                   20370.5        1.0000000E+00        0.0000000E+00
rcond15                   9412.66        1.0000000E+00        0.0000000E+00
rcond16                   1047.69        1.0000000E+00        0.0000000E+00
rcond17                   5742.54        1.0000000E+00        0.0000000E+00
rcond18                   11628.5        1.0000000E+00        0.0000000E+00
rcond19                  -20241.1        1.0000000E+00        0.0000000E+00
rcond20                   11379.7        1.0000000E+00        0.0000000E+00
rcond21                   9267.67        1.0000000E+00        0.0000000E+00
rcond22                   15086.2        1.0000000E+00        0.0000000E+00
rcond23                   22629.7        1.0000000E+00        0.0000000E+00
rcond24                   34556.4        1.0000000E+00        0.0000000E+00
rcond25                  -520.527        1.0000000E+00        0.0000000E+00
rcond26                   11888.6        1.0000000E+00        0.0000000E+00
rcond27                   13755.5        1.0000000E+00        0.0000000E+00
rcond28                   16079.6        1.0000000E+00        0.0000000E+00
rcond29                  -21329.6        1.0000000E+00        0.0000000E+00
rcond30                      1431        1.0000000E+00        0.0000000E+00
rcond31                   20892.6        1.0000000E+00        0.0000000E+00
rcond32                    2481.5        1.0000000E+00        0.0000000E+00
rcond33                   13243.1        1.0000000E+00        0.0000000E+00
rcond34                  -1343.93        1.0000000E+00        0.0000000E+00
rcond35                   2687.17        1.0000000E+00        0.0000000E+00
rcond36                   19644.4        1.0000000E+00        0.0000000E+00
rcond37                   5098.34        1.0000000E+00        0.0000000E+00
rcond38                   15938.7        1.0000000E+00        0.0000000E+00
rcond39                   2124.83        1.0000000E+00        0.0000000E+00
ss                    0.000217902        1.0000000E+00        0.0000000E+00
sy                      0.0196339        1.0000000E+00        0.0000000E+00
wf1_1                     705.688        1.0000000E+00        0.0000000E+00
wf2_1                      346.64        1.0000000E+00        0.0000000E+00
wf3_1                     344.051        1.0000000E+00        0.0000000E+00
wf4_1                     73.5824        1.0000000E+00        0.0000000E+00
wf5_1                     58.9988        1.0000000E+00        0.0000000E+00
wf6_1                     339.353        1.0000000E+00        0.0000000E+00
wf1_2                     1075.88        1.0000000E+00        0.0000000E+00
wf2_2                     334.947        1.0000000E+00        0.0000000E+00
wf3_2                     439.187        1.0000000E+00        0.0000000E+00
wf4_2                     47.1324        1.0000000E+00        0.0000000E+00
wf5_2                     75.5839        1.0000000E+00        0.0000000E+00
wf6_2                     478.399        1.0000000E+00        0.0000000E+00
hkr00c00                 -7.79025        1.0000000E+00        0.0000000E+00
hkr00c01                  17.4045        1.0000000E+00        0.0000000E+00
hkr00c02                  30.9485        1.0000000E+00        0.0000000E+00
hkr00c03                 0.638479        1.0000000E+00        0.0000000E+00
hkr00c04                 -18.0557        1.0000000E+00        0.0000000E+00
hkr00c05                 0.115849        1.0000000E+00        0.0000000E+00
hkr00c06                  -22.181        1.0000000E+00        0.0000000E+00
hkr00c07                  34.9608        1.0000000E+00        0.0000000E+00
hkr00c08                  15.1944        1.0000000E+00        0.0000000E+00
hkr00c09                  15.3995        1.0000000E+00        0.0000000E+00
hkr00c10                 0.465771        1.0000000E+00        0.0000000E+00
hkr00c11                  2.60467        1.0000000E+00        0.0000000E+00
hkr00c12                  3.56274        1.0000000E+00        0.0000000E+00
hkr00c13                 -12.4035        1.0000000E+00        0.0000000E+00
hkr00c14                  12.5322        1.0000000E+00        0.0000000E+00
hkr00c15                  10.9268        1.0000000E+00        0.0000000E+00
hkr00c16                  -1.2123        1.0000000E+00        0.0000000E+00
hkr00c17                  5.56746        1.0000000E+00        0.0000000E+00
hkr00c18                 -4.45489        1.0000000E+00        0.0000000E+00
hkr00c19                  12.5966        1.0000000E+00        0.0000000E+00
hkr01c00                 -2.41054        1.0000000E+00        0.0000000E+00
hkr01c01                  13.4252        1.0000000E+00        0.0000000E+00
hkr01c02                  36.9804        1.0000000E+00        0.0000000E+00
hkr01c03                 -1.20934        1.0000000E+00        0.0000000E+00
hkr01c04                  20.1188        1.0000000E+00        0.0000000E+00
hkr01c05                  22.9386        1.0000000E+00        0.0000000E+00
hkr01c06                  21.2022        1.0000000E+00        0.0000000E+00
hkr01c07                  4.47006        1.0000000E+00        0.0000000E+00
hkr01c08                 -11.3515        1.0000000E+00        0.0000000E+00
hkr01c09                  26.9354        1.0000000E+00        0.0000000E+00
hkr01c10                  8.16303        1.0000000E+00        0.0000000E+00
hkr01c11                  3.78028        1.0000000E+00        0.0000000E+00
hkr01c12                  14.4966        1.0000000E+00        0.0000000E+00
hkr01c13                  21.7268        1.0000000E+00        0.0000000E+00
hkr01c14                 -9.13765        1.0000000E+00        0.0000000E+00
hkr01c15                  2.92557        1.0000000E+00        0.0000000E+00
hkr01c16                  8.76811        1.0000000E+00        0.0000000E+00
hkr01c17                 0.294745        1.0000000E+00        0.0000000E+00
hkr01c18                  43.7789        1.0000000E+00        0.0000000E+00
hkr01c19                 -2.09788        1.0000000E+00        0.0000000E+00
hkr02c00                  6.11598        1.0000000E+00        0.0000000E+00
hkr02c01                  2.50205        1.0000000E+00        0.0000000E+00
hkr02c02                  -8.3175        1.0000000E+00        0.0000000E+00
hkr02c03                  4.88662        1.0000000E+00        0.0000000E+00
hkr02c04                  3.03333        1.0000000E+00        0.0000000E+00
hkr02c05                  12.0418        1.0000000E+00        0.0000000E+00
hkr02c06                -0.540869        1.0000000E+00        0.0000000E+00
hkr02c07                  11.0412        1.0000000E+00        0.0000000E+00
hkr02c08                  5.07995        1.0000000E+00        0.0000000E+00
hkr02c09                 -3.10296        1.0000000E+00        0.0000000E+00
hkr02c10                  -4.3326        1.0000000E+00        0.0000000E+00
hkr02c11                  19.8864        1.0000000E+00        0.0000000E+00
hkr02c12                  31.8685        1.0000000E+00        0.0000000E+00
hkr02c13                -0.944219        1.0000000E+00        0.0000000E+00
hkr02c14                  5.53691        1.0000000E+00        0.0000000E+00
hkr02c15                  5.01409        1.0000000E+00        0.0000000E+00
hkr02c16                  3.13195        1.0000000E+00        0.0000000E+00
hkr02c17                  4.10448        1.0000000E+00        0.0000000E+00
hkr02c18                 0.301583        1.0000000E+00        0.0000000E+00
hkr02c19                -0.683502        1.0000000E+00        0.0000000E+00
hkr03c00                  7.51941        1.0000000E+00        0.0000000E+00
hkr03c01                -0.917268        1.0000000E+00        0.0000000E+00
hkr03c02                 -11.9563        1.0000000E+00        0.0000000E+00
hkr03c03                 -1.35702        1.0000000E+00        0.0000000E+00
hkr03c04                  11.4914        1.0000000E+00        0.0000000E+00
hkr03c05                -0.503573        1.0000000E+00        0.0000000E+00
hkr03c06                  21.3204        1.0000000E+00        0.0000000E+00
hkr03c07                 -4.74186        1.0000000E+00        0.0000000E+00
hkr03c08                  4.98953        1.0000000E+00        0.0000000E+00
hkr03c09                  5.09729        1.0000000E+00        0.0000000E+00
hkr03c10                 -18.4359        1.0000000E+00        0.0000000E+00
hkr03c11                  15.3494        1.0000000E+00        0.0000000E+00
hkr03c12                  29.2839        1.0000000E+00        0.0000000E+00
hkr03c13                  5.20491        1.0000000E+00        0.0000000E+00
hkr03c14                 -32.6838        1.0000000E+00        0.0000000E+00
hkr03c15                  36.7529        1.0000000E+00        0.0000000E+00
hkr03c16                  8.79086        1.0000000E+00        0.0000000E+00
hkr03c17                  2.05984        1.0000000E+00        0.0000000E+00
hkr03c18                  25.2832        1.0000000E+00        0.0000000E+00
hkr03c19                  21.6926        1.0000000E+00        0.0000000E+00
hkr04c00                  6.53095        1.0000000E+00        0.0000000E+00
hkr04c01                 -11.5317        1.0000000E+00        0.0000000E+00
hkr04c02                  6.60732        1.0000000E+00        0.0000000E+00
hkr04c03                  34.6004        1.0000000E+00        0.0000000E+00
hkr04c04                 0.590976        1.0000000E+00        0.0000000E+00
hkr04c05                  32.1787        1.0000000E+00        0.0000000E+00
hkr04c06                  15.6276        1.0000000E+00        0.0000000E+00
hkr04c07                 -12.2901        1.0000000E+00        0.0000000E+00
hkr04c08                 -5.43689        1.0000000E+00        0.0000000E+00
hkr04c09                  30.0516        1.0000000E+00        0.0000000E+00
hkr04c10                  2.43808        1.0000000E+00        0.0000000E+00
hkr04c11                  16.8396        1.0000000E+00        0.0000000E+00
hkr04c12                  14.6984        1.0000000E+00        0.0000000E+00
hkr04c13                -0.231577        1.0000000E+00        0.0000000E+00
hkr04c14                 -3.51561        1.0000000E+00        0.0000000E+00
hkr04c15                  3.92513        1.0000000E+00        0.0000000E+00
hkr04c16                 -19.8641        1.0000000E+00        0.0000000E+00
hkr04c17                  9.33486        1.0000000E+00        0.0000000E+00
hkr04c18                 -8.99222        1.0000000E+00        0.0000000E+00
hkr04c19                  12.8023        1.0000000E+00        0.0000000E+00
hkr05c00                  15.3436        1.0000000E+00        0.0000000E+00
hkr05c01                  -3.3729        1.0000000E+00        0.0000000E+00
hkr05c02                  25.1051        1.0000000E+00        0.0000000E+00
hkr05c03                  -9.8095        1.0000000E+00        0.0000000E+00
hkr05c04                 -18.5109        1.0000000E+00        0.0000000E+00
hkr05c05                   11.744        1.0000000E+00        0.0000000E+00
hkr05c06                  9.14226        1.0000000E+00        0.0000000E+00
hkr05c07                 -25.0421        1.0000000E+00        0.0000000E+00
hkr05c08                   29.082        1.0000000E+00        0.0000000E+00
hkr05c09                  5.21489        1.0000000E+00        0.0000000E+00
hkr05c10                  15.4164        1.0000000E+00        0.0000000E+00
hkr05c11                  7.01973        1.0000000E+00        0.0000000E+00
hkr05c12                  30.9776        1.0000000E+00        0.0000000E+00
hkr05c13                 -4.20928        1.0000000E+00        0.0000000E+00
hkr05c14                  12.2458        1.0000000E+00        0.0000000E+00
hkr05c15                  24.1971        1.0000000E+00        0.0000000E+00
hkr05c16                  29.5371        1.0000000E+00        0.0000000E+00
hkr05c17                  2.38089        1.0000000E+00        0.0000000E+00
hkr05c18                 -22.5952        1.0000000E+00        0.0000000E+00
hkr05c19                0.0888908        1.0000000E+00        0.0000000E+00
hkr06c00                  21.8807        1.0000000E+00        0.0000000E+00
hkr06c01                 -2.26884        1.0000000E+00        0.0000000E+00
hkr06c02                   3.3874        1.0000000E+00        0.0000000E+00
hkr06c03                 -15.6795        1.0000000E+00        0.0000000E+00
hkr06c04                -0.271653        1.0000000E+00        0.0000000E+00
hkr06c05                   7.3392        1.0000000E+00        0.0000000E+00
hkr06c06                  5.87239        1.0000000E+00        0.0000000E+00
hkr06c07                 -3.83841        1.0000000E+00        0.0000000E+00
hkr06c08                  22.0895        1.0000000E+00        0.0000000E+00
hkr06c09                  6.96666        1.0000000E+00        0.0000000E+00
hkr06c10                 -27.4042        1.0000000E+00        0.0000000E+00
hkr06c11                -0.390417        1.0000000E+00        0.0000000E+00
hkr06c12                  25.4465        1.0000000E+00        0.0000000E+00
hkr06c13                  24.7075        1.0000000E+00        0.0000000E+00
hkr06c14                   -3.793        1.0000000E+00        0.0000000E+00
hkr06c15                 -3.70492        1.0000000E+00        0.0000000E+00
hkr06c16                 -2.57615        1.0000000E+00        0.0000000E+00
hkr06c17                 -7.06847        1.0000000E+00        0.0000000E+00
hkr06c18                  1.32688        1.0000000E+00        0.0000000E+00
hkr06c19                  9.31153        1.0000000E+00        0.0000000E+00
hkr07c00                  37.7802        1.0000000E+00        0.0000000E+00
hkr07c01                0.0806783        1.0000000E+00        0.0000000E+00
hkr07c02                  11.1654        1.0000000E+00        0.0000000E+00
hkr07c03                  21.3429        1.0000000E+00        0.0000000E+00
hkr07c04                  8.72249        1.0000000E+00        0.0000000E+00
hkr07c05                  3.67928        1.0000000E+00        0.0000000E+00
hkr07c06                   21.613        1.0000000E+00        0.0000000E+00
hkr07c07                  3.93106        1.0000000E+00        0.0000000E+00
hkr07c08                 -2.93568        1.0000000E+00        0.0000000E+00
hkr07c09                  4.18516        1.0000000E+00        0.0000000E+00
hkr07c10                 -3.16376        1.0000000E+00        0.0000000E+00
hkr07c11                  3.76908        1.0000000E+00        0.0000000E+00
hkr07c12                  17.1478        1.0000000E+00        0.0000000E+00
hkr07c13                  22.9863        1.0000000E+00        0.0000000E+00
hkr07c14                  6.79487        1.0000000E+00        0.0000000E+00
hkr07c15                 -22.0688        1.0000000E+00        0.0000000E+00
hkr07c16                 -4.24723        1.0000000E+00        0.0000000E+00
hkr07c17                 -32.8706        1.0000000E+00        0.0000000E+00
hkr07c18                  14.8693        1.0000000E+00        0.0000000E+00
hkr07c19                  12.1917        1.0000000E+00        0.0000000E+00
hkr08c00                -0.342991        1.0000000E+00        0.0000000E+00
hkr08c01                  3.08494        1.0000000E+00        0.0000000E+00
hkr08c02                  12.6291        1.0000000E+00        0.0000000E+00
hkr08c03                 -2.67635        1.0000000E+00        0.0000000E+00
hkr08c07                 -1.58981        1.0000000E+00        0.0000000E+00
hkr08c08                 -20.9502        1.0000000E+00        0.0000000E+00
hkr08c09                  -16.228        1.0000000E+00        0.0000000E+00
hkr08c10                -0.882758        1.0000000E+00        0.0000000E+00
hkr08c11                   19.702        1.0000000E+00        0.0000000E+00
hkr08c12                 -6.09183        1.0000000E+00        0.0000000E+00
hkr08c13                  25.0958        1.0000000E+00        0.0000000E+00
hkr08c14                   4.0114        1.0000000E+00        0.0000000E+00
hkr08c15                   45.235        1.0000000E+00        0.0000000E+00
hkr08c16                  15.6715        1.0000000E+00        0.0000000E+00
hkr08c17                  19.4992        1.0000000E+00        0.0000000E+00
hkr08c18                  7.99317        1.0000000E+00        0.0000000E+00
hkr08c19                  16.9962        1.0000000E+00        0.0000000E+00
hkr09c00                 -2.75989        1.0000000E+00        0.0000000E+00
hkr09c01                  5.89737        1.0000000E+00        0.0000000E+00
hkr09c02                  16.2435        1.0000000E+00        0.0000000E+00
hkr09c03                  8.57316        1.0000000E+00        0.0000000E+00
hkr09c08                  20.0991        1.0000000E+00        0.0000000E+00
hkr09c09                 -8.34139        1.0000000E+00        0.0000000E+00
hkr09c10                 -28.6056        1.0000000E+00        0.0000000E+00
hkr09c11                 -5.30178        1.0000000E+00        0.0000000E+00
hkr09c12                  13.9002        1.0000000E+00        0.0000000E+00
hkr09c13                   6.3248        1.0000000E+00        0.0000000E+00
hkr09c14                  5.72681        1.0000000E+00        0.0000000E+00
hkr09c15                  24.4354        1.0000000E+00        0.0000000E+00
hkr09c16                -0.975974        1.0000000E+00        0.0000000E+00
hkr09c17                  42.3845        1.0000000E+00        0.0000000E+00
hkr09c18                 -1.24459        1.0000000E+00        0.0000000E+00
hkr09c19                  32.7002        1.0000000E+00        0.0000000E+00
hkr10c00                  38.8593        1.0000000E+00        0.0000000E+00
hkr10c01                  8.05901        1.0000000E+00        0.0000000E+00
hkr10c02                  6.51635        1.0000000E+00        0.0000000E+00
hkr10c03                  5.73972        1.0000000E+00        0.0000000E+00
hkr10c08                   26.162        1.0000000E+00        0.0000000E+00
hkr10c09                  21.0241        1.0000000E+00        0.0000000E+00
hkr10c10                  -14.974        1.0000000E+00        0.0000000E+00
hkr10c11                 -13.6227        1.0000000E+00        0.0000000E+00
hkr10c12                 -5.96458        1.0000000E+00        0.0000000E+00
hkr10c13                0.0271516        1.0000000E+00        0.0000000E+00
hkr10c14                  19.5594        1.0000000E+00        0.0000000E+00
hkr10c15                 -2.11888        1.0000000E+00        0.0000000E+00
hkr10c16                 -4.52944        1.0000000E+00        0.0000000E+00
hkr10c17                  24.4875        1.0000000E+00        0.0000000E+00
hkr10c18                  13.5044        1.0000000E+00        0.0000000E+00
hkr10c19                  9.62211        1.0000000E+00        0.0000000E+00
hkr11c00                  10.8948        1.0000000E+00        0.0000000E+00
hkr11c01                  18.4062        1.0000000E+00        0.0000000E+00
hkr11c02                  3.79689        1.0000000E+00        0.0000000E+00
hkr11c03                  19.3074        1.0000000E+00        0.0000000E+00
hkr11c08                  4.72879        1.0000000E+00        0.0000000E+00
hkr11c09                  5.23293        1.0000000E+00        0.0000000E+00
hkr11c10                 -32.2589        1.0000000E+00        0.0000000E+00
hkr11c11                  14.1196        1.0000000E+00        0.0000000E+00
hkr11c12                  8.20407        1.0000000E+00        0.0000000E+00
hkr11c13                   -3.483        1.0000000E+00        0.0000000E+00
hkr11c14                 -16.0349        1.0000000E+00        0.0000000E+00
hkr11c15                 -4.43952        1.0000000E+00        0.0000000E+00
hkr11c16                  13.7796        1.0000000E+00        0.0000000E+00
hkr11c17                  19.3509        1.0000000E+00        0.0000000E+00
hkr11c18                  8.83192        1.0000000E+00        0.0000000E+00
hkr11c19                  34.5439        1.0000000E+00        0.0000000E+00
hkr12c00                  8.70581        1.0000000E+00        0.0000000E+00
hkr12c01                  14.5024        1.0000000E+00        0.0000000E+00
hkr12c02                 -8.87342        1.0000000E+00        0.0000000E+00
hkr12c03                  15.3335        1.0000000E+00        0.0000000E+00
hkr12c08                  19.5619        1.0000000E+00        0.0000000E+00
hkr12c09                  24.2248        1.0000000E+00        0.0000000E+00
hkr12c10                  8.14643        1.0000000E+00        0.0000000E+00
hkr12c11                  35.1548        1.0000000E+00        0.0000000E+00
hkr12c12                 -28.4321        1.0000000E+00        0.0000000E+00
hkr12c13                 -3.25627        1.0000000E+00        0.0000000E+00
hkr12c14                  1.94951        1.0000000E+00        0.0000000E+00
hkr12c15                  42.9919        1.0000000E+00        0.0000000E+00
hkr12c16                  24.7472        1.0000000E+00        0.0000000E+00
hkr12c17                 -4.16138        1.0000000E+00        0.0000000E+00
hkr12c18                  3.71508        1.0000000E+00        0.0000000E+00
hkr12c19               -0.0721659        1.0000000E+00        0.0000000E+00
hkr13c00                  10.6266        1.0000000E+00        0.0000000E+00
hkr13c01                  33.6248        1.0000000E+00        0.0000000E+00
hkr13c02                  24.4586        1.0000000E+00        0.0000000E+00
hkr13c03                 -15.2095        1.0000000E+00        0.0000000E+00
hkr13c08                   1.1236        1.0000000E+00        0.0000000E+00
hkr13c09                 0.909858        1.0000000E+00        0.0000000E+00
hkr13c10                   28.348        1.0000000E+00        0.0000000E+00
hkr13c11                   13.332        1.0000000E+00        0.0000000E+00
hkr13c12                -0.374229        1.0000000E+00        0.0000000E+00
hkr13c13                 -2.13877        1.0000000E+00        0.0000000E+00
hkr13c14                  4.53376        1.0000000E+00        0.0000000E+00
hkr13c15                  13.4914        1.0000000E+00        0.0000000E+00
hkr13c16                   28.073        1.0000000E+00        0.0000000E+00
hkr13c17               -0.0221737        1.0000000E+00        0.0000000E+00
hkr13c18                 -9.27106        1.0000000E+00        0.0000000E+00
hkr13c19                   -13.93        1.0000000E+00        0.0000000E+00
hkr14c00                  17.4872        1.0000000E+00        0.0000000E+00
hkr14c01                  27.2924        1.0000000E+00        0.0000000E+00
hkr14c02                 -5.37166        1.0000000E+00        0.0000000E+00
hkr14c03                  17.9106        1.0000000E+00        0.0000000E+00
hkr14c08                   -3.123        1.0000000E+00        0.0000000E+00
hkr14c09                  5.84974        1.0000000E+00        0.0000000E+00
hkr14c10                  30.1439        1.0000000E+00        0.0000000E+00
hkr14c11                 -5.44344        1.0000000E+00        0.0000000E+00
hkr14c12                  3.81706        1.0000000E+00        0.0000000E+00
hkr14c13                  7.17069        1.0000000E+00        0.0000000E+00
hkr14c14                 -9.14765        1.0000000E+00        0.0000000E+00
hkr14c15                 0.268114        1.0000000E+00        0.0000000E+00
hkr14c16                  25.4088        1.0000000E+00        0.0000000E+00
hkr14c17                  12.7354        1.0000000E+00        0.0000000E+00
hkr14c18                 -13.5892        1.0000000E+00        0.0000000E+00
hkr14c19                  20.5036        1.0000000E+00        0.0000000E+00
hkr15c00                 -0.22464        1.0000000E+00        0.0000000E+00
hkr15c01                  28.8347        1.0000000E+00        0.0000000E+00
hkr15c02                   5.6538        1.0000000E+00        0.0000000E+00
hkr15c03                 -15.6149        1.0000000E+00        0.0000000E+00
hkr15c08                 0.938002        1.0000000E+00        0.0000000E+00
hkr15c09                 -10.5113        1.0000000E+00        0.0000000E+00
hkr15c10                 -7.60175        1.0000000E+00        0.0000000E+00
hkr15c11                  18.7729        1.0000000E+00        0.0000000E+00
hkr15c12                  7.36609        1.0000000E+00        0.0000000E+00
hkr15c13                  -14.181        1.0000000E+00        0.0000000E+00
hkr15c14                 -11.3487        1.0000000E+00        0.0000000E+00
hkr15c15                  1.59387        1.0000000E+00        0.0000000E+00
hkr15c16                   8.0477        1.0000000E+00        0.0000000E+00
hkr15c17                  13.6586        1.0000000E+00        0.0000000E+00
hkr15c18                 -15.3735        1.0000000E+00        0.0000000E+00
hkr15c19                  15.7595        1.0000000E+00        0.0000000E+00
hkr16c00                 -16.7092        1.0000000E+00        0.0000000E+00
hkr16c01                   -7.028        1.0000000E+00        0.0000000E+00
hkr16c02                  22.0795        1.0000000E+00        0.0000000E+00
hkr16c03                  12.7767        1.0000000E+00        0.0000000E+00
hkr16c08                  26.3429        1.0000000E+00        0.0000000E+00
hkr16c09                 -17.8834        1.0000000E+00        0.0000000E+00
hkr16c10                  -10.477        1.0000000E+00        0.0000000E+00
hkr16c11                  48.7034        1.0000000E+00        0.0000000E+00
hkr16c12                   2.6235        1.0000000E+00        0.0000000E+00
hkr16c13                  17.5364        1.0000000E+00        0.0000000E+00
hkr16c14                  29.5763        1.0000000E+00        0.0000000E+00
hkr16c15                  17.5228        1.0000000E+00        0.0000000E+00
hkr16c16                  14.4149        1.0000000E+00        0.0000000E+00
hkr16c17                  9.89426        1.0000000E+00        0.0000000E+00
hkr16c18                  17.1219        1.0000000E+00        0.0000000E+00
hkr16c19                  30.7671        1.0000000E+00        0.0000000E+00
hkr17c00                 -8.26589        1.0000000E+00        0.0000000E+00
hkr17c01                 -12.0645        1.0000000E+00        0.0000000E+00
hkr17c02                  19.8707        1.0000000E+00        0.0000000E+00
hkr17c03                  4.58698        1.0000000E+00        0.0000000E+00
hkr17c08                 -8.23274        1.0000000E+00        0.0000000E+00
hkr17c09                  8.10421        1.0000000E+00        0.0000000E+00
hkr17c10                 -36.7271        1.0000000E+00        0.0000000E+00
hkr17c11                 -4.98626        1.0000000E+00        0.0000000E+00
hkr17c12                  25.2477        1.0000000E+00        0.0000000E+00
hkr17c13                  -9.1029        1.0000000E+00        0.0000000E+00
hkr17c14                 0.909387        1.0000000E+00        0.0000000E+00
hkr17c15                 -5.53109        1.0000000E+00        0.0000000E+00
hkr17c16                 -13.0562        1.0000000E+00        0.0000000E+00
hkr17c17                  16.9895        1.0000000E+00        0.0000000E+00
hkr17c18                  12.5051        1.0000000E+00        0.0000000E+00
hkr17c19                 -14.9986        1.0000000E+00        0.0000000E+00
hkr18c00                  24.2954        1.0000000E+00        0.0000000E+00
hkr18c01                 -13.0332        1.0000000E+00        0.0000000E+00
hkr18c02                   17.488        1.0000000E+00        0.0000000E+00
hkr18c03                  -6.2651        1.0000000E+00        0.0000000E+00
hkr18c08                 -13.2358        1.0000000E+00        0.0000000E+00
hkr18c09                  28.4063        1.0000000E+00        0.0000000E+00
hkr18c10                  10.5154        1.0000000E+00        0.0000000E+00
hkr18c11                 -9.40276        1.0000000E+00        0.0000000E+00
hkr18c12                 -18.3517        1.0000000E+00        0.0000000E+00
hkr18c13                  19.9366        1.0000000E+00        0.0000000E+00
hkr18c14                 0.477914        1.0000000E+00        0.0000000E+00
hkr18c15                 -21.4048        1.0000000E+00        0.0000000E+00
hkr18c16                  6.07206        1.0000000E+00        0.0000000E+00
hkr18c17                  18.3331        1.0000000E+00        0.0000000E+00
hkr18c18                  32.0906        1.0000000E+00        0.0000000E+00
hkr18c19                  21.3969        1.0000000E+00        0.0000000E+00
hkr19c00                  14.3814        1.0000000E+00        0.0000000E+00
hkr19c01                  14.4746        1.0000000E+00        0.0000000E+00
hkr19c02                 -22.7769        1.0000000E+00        0.0000000E+00
hkr19c03                 -2.83621        1.0000000E+00        0.0000000E+00
hkr19c08                  10.8759        1.0000000E+00        0.0000000E+00
hkr19c09                 -3.02768        1.0000000E+00        0.0000000E+00
hkr19c10                  10.2346        1.0000000E+00        0.0000000E+00
hkr19c11                  15.1826        1.0000000E+00        0.0000000E+00
hkr19c12                 -7.57442        1.0000000E+00        0.0000000E+00
hkr19c13                   11.609        1.0000000E+00        0.0000000E+00
hkr19c14                 -11.5743        1.0000000E+00        0.0000000E+00
hkr19c15                  1.89592        1.0000000E+00        0.0000000E+00
hkr19c16                  22.6085        1.0000000E+00        0.0000000E+00
hkr19c17                 -13.8669        1.0000000E+00        0.0000000E+00
hkr19c18                  11.1574        1.0000000E+00        0.0000000E+00
hkr19c19                  23.4459        1.0000000E+00        0.0000000E+00
hkr20c00                  24.7494        1.0000000E+00        0.0000000E+00
hkr20c01                 -3.53652        1.0000000E+00        0.0000000E+00
hkr20c02                 -9.69318        1.0000000E+00        0.0000000E+00
hkr20c03                 -10.2601        1.0000000E+00        0.0000000E+00
hkr20c08                 -6.25622        1.0000000E+00        0.0000000E+00
hkr20c09                   22.118        1.0000000E+00        0.0000000E+00
hkr20c10                  13.6465        1.0000000E+00        0.0000000E+00
hkr20c11                  -12.278        1.0000000E+00        0.0000000E+00
hkr20c12                 -1.56944        1.0000000E+00        0.0000000E+00
hkr20c13                  6.89637        1.0000000E+00        0.0000000E+00
hkr20c14                  7.87341        1.0000000E+00        0.0000000E+00
hkr20c15                 -1.92462        1.0000000E+00        0.0000000E+00
hkr20c16                  9.69478        1.0000000E+00        0.0000000E+00
hkr20c17                0.0632121        1.0000000E+00        0.0000000E+00
hkr20c18                  12.9081        1.0000000E+00        0.0000000E+00
hkr20c19                  2.33059        1.0000000E+00        0.0000000E+00
hkr21c00                  12.6358        1.0000000E+00        0.0000000E+00
hkr21c01                  10.9654        1.0000000E+00        0.0000000E+00
hkr21c02                 -15.9149        1.0000000E+00        0.0000000E+00
hkr21c03                  -17.543        1.0000000E+00        0.0000000E+00
hkr21c06                 -7.79674        1.0000000E+00        0.0000000E+00
hkr21c07                  31.0866        1.0000000E+00        0.0000000E+00
hkr21c08                  6.64399        1.0000000E+00        0.0000000E+00
hkr21c09                  -1.7888        1.0000000E+00        0.0000000E+00
hkr21c10                 0.762126        1.0000000E+00        0.0000000E+00
hkr21c11                  27.2641        1.0000000E+00        0.0000000E+00
hkr21c12                   8.9135        1.0000000E+00        0.0000000E+00
hkr21c13                  1.45589        1.0000000E+00        0.0000000E+00
hkr21c14                  34.8228        1.0000000E+00        0.0000000E+00
hkr21c15                  22.6941        1.0000000E+00        0.0000000E+00
hkr21c16                 -24.9254        1.0000000E+00        0.0000000E+00
hkr21c17                 -9.65597        1.0000000E+00        0.0000000E+00
hkr21c18                   -1.955        1.0000000E+00        0.0000000E+00
hkr21c19                  14.1423        1.0000000E+00        0.0000000E+00
hkr22c00                 -26.7131        1.0000000E+00        0.0000000E+00
hkr22c01                  3.54386        1.0000000E+00        0.0000000E+00
hkr22c02                  20.1184        1.0000000E+00        0.0000000E+00
hkr22c03                  8.32076        1.0000000E+00        0.0000000E+00
hkr22c04                  11.1279        1.0000000E+00        0.0000000E+00
hkr22c06                  24.1742        1.0000000E+00        0.0000000E+00
hkr22c07                 -3.80744        1.0000000E+00        0.0000000E+00
hkr22c08                 -13.9841        1.0000000E+00        0.0000000E+00
hkr22c09                 -2.30544        1.0000000E+00        0.0000000E+00
hkr22c10                  2.47503        1.0000000E+00        0.0000000E+00
hkr22c11                   27.008        1.0000000E+00        0.0000000E+00
hkr22c12                  9.98669        1.0000000E+00        0.0000000E+00
hkr22c13                  5.29869        1.0000000E+00        0.0000000E+00
hkr22c14                  7.86569        1.0000000E+00        0.0000000E+00
hkr22c15                  8.19288        1.0000000E+00        0.0000000E+00
hkr22c16                  10.9555        1.0000000E+00        0.0000000E+00
hkr22c17                  21.5203        1.0000000E+00        0.0000000E+00
hkr22c18                 -4.62831        1.0000000E+00        0.0000000E+00
hkr22c19                  12.6243        1.0000000E+00        0.0000000E+00
hkr23c00                  26.9783        1.0000000E+00        0.0000000E+00
hkr23c01                  13.3305        1.0000000E+00        0.0000000E+00
hkr23c02                   25.966        1.0000000E+00        0.0000000E+00
hkr23c03                  1.57953        1.0000000E+00        0.0000000E+00
hkr23c04                   3.2414        1.0000000E+00        0.0000000E+00
hkr23c05                  29.6882        1.0000000E+00        0.0000000E+00
hkr23c06                  11.9383        1.0000000E+00        0.0000000E+00
hkr23c07                  28.2557        1.0000000E+00        0.0000000E+00
hkr23c08                 -7.53629        1.0000000E+00        0.0000000E+00
hkr23c09                  4.23986        1.0000000E+00        0.0000000E+00
hkr23c10                   12.852        1.0000000E+00        0.0000000E+00
hkr23c11                  29.6529        1.0000000E+00        0.0000000E+00
hkr23c12                  28.0898        1.0000000E+00        0.0000000E+00
hkr23c13                 -24.4113        1.0000000E+00        0.0000000E+00
hkr23c14                 -5.04809        1.0000000E+00        0.0000000E+00
hkr23c15                  14.5631        1.0000000E+00        0.0000000E+00
hkr23c16                  7.09915        1.0000000E+00        0.0000000E+00
hkr23c17                   4.3691        1.0000000E+00        0.0000000E+00
hkr23c18                  25.8864        1.0000000E+00        0.0000000E+00
hkr23c19                  -1.7159        1.0000000E+00        0.0000000E+00
hkr24c00                  19.4249        1.0000000E+00        0.0000000E+00
hkr24c01                 0.170157        1.0000000E+00        0.0000000E+00
hkr24c02                  4.45949        1.0000000E+00        0.0000000E+00
hkr24c03                -0.400648        1.0000000E+00        0.0000000E+00
hkr24c04                  17.0577        1.0000000E+00        0.0000000E+00
hkr24c05                  20.5809        1.0000000E+00        0.0000000E+00
hkr24c06                  14.8645        1.0000000E+00        0.0000000E+00
hkr24c07                 -10.7044        1.0000000E+00        0.0000000E+00
hkr24c08                 -1.71836        1.0000000E+00        0.0000000E+00
hkr24c09                  9.09751        1.0000000E+00        0.0000000E+00
hkr24c10                 -1.56623        1.0000000E+00        0.0000000E+00
hkr24c11                  14.5907        1.0000000E+00        0.0000000E+00
hkr24c12                  6.93573        1.0000000E+00        0.0000000E+00
hkr24c13                  32.8309        1.0000000E+00        0.0000000E+00
hkr24c14                  7.62901        1.0000000E+00        0.0000000E+00
hkr24c15                  14.5117        1.0000000E+00        0.0000000E+00
hkr24c16                  12.0701        1.0000000E+00        0.0000000E+00
hkr24c17                  0.25195        1.0000000E+00        0.0000000E+00
hkr24c18                 -22.0898        1.0000000E+00        0.0000000E+00
hkr24c19                  11.0384        1.0000000E+00        0.0000000E+00
hkr25c00                  6.76114        1.0000000E+00        0.0000000E+00
hkr25c01                  13.2437        1.0000000E+00        0.0000000E+00
hkr25c02                   14.274        1.0000000E+00        0.0000000E+00
hkr25c03                 -5.76464        1.0000000E+00        0.0000000E+00
hkr25c04                 -1.53747        1.0000000E+00        0.0000000E+00
hkr25c05                  31.2322        1.0000000E+00        0.0000000E+00
hkr25c06                  19.9746        1.0000000E+00        0.0000000E+00
hkr25c07                  1.53346        1.0000000E+00        0.0000000E+00
hkr25c08                 -3.28333        1.0000000E+00        0.0000000E+00
hkr25c09                  8.81618        1.0000000E+00        0.0000000E+00
hkr25c10                 -6.48722        1.0000000E+00        0.0000000E+00
hkr25c11                 -7.02669        1.0000000E+00        0.0000000E+00
hkr25c12                 -10.0021        1.0000000E+00        0.0000000E+00
hkr25c13                  28.3011        1.0000000E+00        0.0000000E+00
hkr25c14                  10.1184        1.0000000E+00        0.0000000E+00
hkr25c15                  11.8584        1.0000000E+00        0.0000000E+00
hkr25c16                 -30.7742        1.0000000E+00        0.0000000E+00
hkr25c17                 -18.0116        1.0000000E+00        0.0000000E+00
hkr25c18                  5.97004        1.0000000E+00        0.0000000E+00
hkr25c19                 -4.41926        1.0000000E+00        0.0000000E+00
hkr26c00                 -16.4623        1.0000000E+00        0.0000000E+00
hkr26c01                  1.06951        1.0000000E+00        0.0000000E+00
hkr26c02                  9.11092        1.0000000E+00        0.0000000E+00
hkr26c03                   -4.613        1.0000000E+00        0.0000000E+00
hkr26c04                 -18.4281        1.0000000E+00        0.0000000E+00
hkr26c05                  32.9359        1.0000000E+00        0.0000000E+00
hkr26c06                  2.56208        1.0000000E+00        0.0000000E+00
hkr26c07                   33.053        1.0000000E+00        0.0000000E+00
hkr26c08                 -4.31533        1.0000000E+00        0.0000000E+00
hkr26c09                  29.7702        1.0000000E+00        0.0000000E+00
hkr26c10                   32.092        1.0000000E+00        0.0000000E+00
hkr26c11                 -16.7575        1.0000000E+00        0.0000000E+00
hkr26c12                 -12.4793        1.0000000E+00        0.0000000E+00
hkr26c13                 -11.1371        1.0000000E+00        0.0000000E+00
hkr26c14                 0.277201        1.0000000E+00        0.0000000E+00
hkr26c15                  6.51947        1.0000000E+00        0.0000000E+00
hkr26c16                 -17.1845        1.0000000E+00        0.0000000E+00
hkr26c17                  7.45966        1.0000000E+00        0.0000000E+00
hkr26c18                  11.9879        1.0000000E+00        0.0000000E+00
hkr26c19                 -6.93189        1.0000000E+00        0.0000000E+00
hkr27c00                  3.41027        1.0000000E+00        0.0000000E+00
hkr27c01                  38.7039        1.0000000E+00        0.0000000E+00
hkr27c02                 -14.7709        1.0000000E+00        0.0000000E+00
hkr27c03                   13.759        1.0000000E+00        0.0000000E+00
hkr27c04                  2.37384        1.0000000E+00        0.0000000E+00
hkr27c05                 -2.56235        1.0000000E+00        0.0000000E+00
hkr27c06                 -10.2194        1.0000000E+00        0.0000000E+00
hkr27c07                 -16.4214        1.0000000E+00        0.0000000E+00
hkr27c08                  11.8132        1.0000000E+00        0.0000000E+00
hkr27c09                  15.1718        1.0000000E+00        0.0000000E+00
hkr27c10                 -14.8272        1.0000000E+00        0.0000000E+00
hkr27c11                  4.59646        1.0000000E+00        0.0000000E+00
hkr27c12                 -2.06087        1.0000000E+00        0.0000000E+00
hkr27c13                 -10.1455        1.0000000E+00        0.0000000E+00
hkr27c14                  16.4806        1.0000000E+00        0.0000000E+00
hkr27c15                   22.245        1.0000000E+00        0.0000000E+00
hkr27c16                 -7.58836        1.0000000E+00        0.0000000E+00
hkr27c17                 -6.77112        1.0000000E+00        0.0000000E+00
hkr27c18                  7.90962        1.0000000E+00        0.0000000E+00
hkr27c19                  4.48453        1.0000000E+00        0.0000000E+00
hkr28c00                  26.6847        1.0000000E+00        0.0000000E+00
hkr28c01                 -1.21062        1.0000000E+00        0.0000000E+00
hkr28c02                  21.6411        1.0000000E+00        0.0000000E+00
hkr28c03                 -7.34713        1.0000000E+00        0.0000000E+00
hkr28c04                  4.92096        1.0000000E+00        0.0000000E+00
hkr28c05                  2.15589        1.0000000E+00        0.0000000E+00
hkr28c06                  17.2471        1.0000000E+00        0.0000000E+00
hkr28c07                 -5.39059        1.0000000E+00        0.0000000E+00
hkr28c08                  24.3105        1.0000000E+00        0.0000000E+00
hkr28c09                  18.5934        1.0000000E+00        0.0000000E+00
hkr28c10                  26.6123        1.0000000E+00        0.0000000E+00
hkr28c11                  18.3931        1.0000000E+00        0.0000000E+00
hkr28c12                  8.94211        1.0000000E+00        0.0000000E+00
hkr28c13                  13.6804        1.0000000E+00        0.0000000E+00
hkr28c14                  6.94841        1.0000000E+00        0.0000000E+00
hkr28c15                  13.4548        1.0000000E+00        0.0000000E+00
hkr28c16                  5.73683        1.0000000E+00        0.0000000E+00
hkr28c17                 0.368962        1.0000000E+00        0.0000000E+00
hkr28c18                  9.98233        1.0000000E+00        0.0000000E+00
hkr28c19                  5.29851        1.0000000E+00        0.0000000E+00
hkr29c00                   7.2972        1.0000000E+00        0.0000000E+00
hkr29c01                  17.3458        1.0000000E+00        0.0000000E+00
hkr29c02                  3.94634        1.0000000E+00        0.0000000E+00
hkr29c03               -0.0675392        1.0000000E+00        0.0000000E+00
hkr29c04                  18.8898        1.0000000E+00        0.0000000E+00
hkr29c05                  2.37253        1.0000000E+00        0.0000000E+00
hkr29c06                 0.771423        1.0000000E+00        0.0000000E+00
hkr29c07                  19.0193        1.0000000E+00        0.0000000E+00
hkr29c08                  26.3761        1.0000000E+00        0.0000000E+00
hkr29c09                  3.00015        1.0000000E+00        0.0000000E+00
hkr29c10                  3.33029        1.0000000E+00        0.0000000E+00
hkr29c11                  13.3186        1.0000000E+00        0.0000000E+00
hkr29c12                   4.5423        1.0000000E+00        0.0000000E+00
hkr29c13                  34.4144        1.0000000E+00        0.0000000E+00
hkr29c14                 -9.31102        1.0000000E+00        0.0000000E+00
hkr29c15                  16.8483        1.0000000E+00        0.0000000E+00
hkr29c16                 -9.53763        1.0000000E+00        0.0000000E+00
hkr29c17                  1.93461        1.0000000E+00        0.0000000E+00
hkr29c18                  15.5685        1.0000000E+00        0.0000000E+00
hkr29c19                 -7.75352        1.0000000E+00        0.0000000E+00
hkr30c00                 -12.0121        1.0000000E+00        0.0000000E+00
hkr30c01                   17.398        1.0000000E+00        0.0000000E+00
hkr30c02                 -10.9317        1.0000000E+00        0.0000000E+00
hkr30c03                  18.1504        1.0000000E+00        0.0000000E+00
hkr30c04                  4.87924        1.0000000E+00        0.0000000E+00
hkr30c05                 -11.6809        1.0000000E+00        0.0000000E+00
hkr30c06                  15.3636        1.0000000E+00        0.0000000E+00
hkr30c07                 -1.43836        1.0000000E+00        0.0000000E+00
hkr30c08                  30.4665        1.0000000E+00        0.0000000E+00
hkr30c09                 -3.25968        1.0000000E+00        0.0000000E+00
hkr30c10                  9.54004        1.0000000E+00        0.0000000E+00
hkr30c11                  9.67926        1.0000000E+00        0.0000000E+00
hkr30c12                  18.9156        1.0000000E+00        0.0000000E+00
hkr30c13                   1.0869        1.0000000E+00        0.0000000E+00
hkr30c14                0.0704811        1.0000000E+00        0.0000000E+00
hkr30c15                  3.49473        1.0000000E+00        0.0000000E+00
hkr30c16                 -12.1505        1.0000000E+00        0.0000000E+00
hkr30c17                  3.95357        1.0000000E+00        0.0000000E+00
hkr30c18                  3.77906        1.0000000E+00        0.0000000E+00
hkr30c19                 -10.0442        1.0000000E+00        0.0000000E+00
hkr31c00                   -9.783        1.0000000E+00        0.0000000E+00
hkr31c01                 -3.46416        1.0000000E+00        0.0000000E+00
hkr31c02                  11.3052        1.0000000E+00        0.0000000E+00
hkr31c03                  -8.9655        1.0000000E+00        0.0000000E+00
hkr31c04                  5.51839        1.0000000E+00        0.0000000E+00
hkr31c05                 -9.82536        1.0000000E+00        0.0000000E+00
hkr31c06                  28.0678        1.0000000E+00        0.0000000E+00
hkr31c07                  6.37422        1.0000000E+00        0.0000000E+00
hkr31c08                  3.60129        1.0000000E+00        0.0000000E+00
hkr31c09                -0.228729        1.0000000E+00        0.0000000E+00
hkr31c10                  5.15063        1.0000000E+00        0.0000000E+00
hkr31c11                  7.24866        1.0000000E+00        0.0000000E+00
hkr31c12                 -6.53904        1.0000000E+00        0.0000000E+00
hkr31c13                 -12.7678        1.0000000E+00        0.0000000E+00
hkr31c14                  14.2949        1.0000000E+00        0.0000000E+00
hkr31c15                  41.7618        1.0000000E+00        0.0000000E+00
hkr31c16                  18.6629        1.0000000E+00        0.0000000E+00
hkr31c17                -0.720994        1.0000000E+00        0.0000000E+00
hkr31c18                   5.0987        1.0000000E+00        0.0000000E+00
hkr31c19                  22.1026        1.0000000E+00        0.0000000E+00
hkr32c01                  20.4374        1.0000000E+00        0.0000000E+00
hkr32c02                  7.16618        1.0000000E+00        0.0000000E+00
hkr32c03                  6.79426        1.0000000E+00        0.0000000E+00
hkr32c04                  19.3577        1.0000000E+00        0.0000000E+00
hkr32c05                  19.4502        1.0000000E+00        0.0000000E+00
hkr32c06                  -10.897        1.0000000E+00        0.0000000E+00
hkr32c07                 0.954566        1.0000000E+00        0.0000000E+00
hkr32c08                 -1.82827        1.0000000E+00        0.0000000E+00
hkr32c09                 -1.56072        1.0000000E+00        0.0000000E+00
hkr32c10                  16.2895        1.0000000E+00        0.0000000E+00
hkr32c11                  11.8371        1.0000000E+00        0.0000000E+00
hkr32c12                 -9.45344        1.0000000E+00        0.0000000E+00
hkr32c13                0.0628814        1.0000000E+00        0.0000000E+00
hkr32c14                  32.7517        1.0000000E+00        0.0000000E+00
hkr32c15                 -10.9236        1.0000000E+00        0.0000000E+00
hkr32c16                  19.8039        1.0000000E+00        0.0000000E+00
hkr32c17                  7.53613        1.0000000E+00        0.0000000E+00
hkr32c18                 -25.2197        1.0000000E+00        0.0000000E+00
hkr32c19                  4.26532        1.0000000E+00        0.0000000E+00
hkr33c02                 -2.03415        1.0000000E+00        0.0000000E+00
hkr33c03                 -10.8287        1.0000000E+00        0.0000000E+00
hkr33c04                  -5.6315        1.0000000E+00        0.0000000E+00
hkr33c05                 -2.84299        1.0000000E+00        0.0000000E+00
hkr33c06                  7.26135        1.0000000E+00        0.0000000E+00
hkr33c07                 -6.34235        1.0000000E+00        0.0000000E+00
hkr33c08                  6.93068        1.0000000E+00        0.0000000E+00
hkr33c09                  10.2768        1.0000000E+00        0.0000000E+00
hkr33c10                  14.5657        1.0000000E+00        0.0000000E+00
hkr33c11                  15.4243        1.0000000E+00        0.0000000E+00
hkr33c12                  20.1053        1.0000000E+00        0.0000000E+00
hkr33c13                  25.6031        1.0000000E+00        0.0000000E+00
hkr33c14                  25.8651        1.0000000E+00        0.0000000E+00
hkr33c15                 0.319275        1.0000000E+00        0.0000000E+00
hkr33c16                  6.41253        1.0000000E+00        0.0000000E+00
hkr33c17                  30.0756        1.0000000E+00        0.0000000E+00
hkr33c18                  8.12785        1.0000000E+00        0.0000000E+00
hkr33c19                 -4.94624        1.0000000E+00        0.0000000E+00
hkr34c03                -0.250421        1.0000000E+00        0.0000000E+00
hkr34c04                 -9.11628        1.0000000E+00        0.0000000E+00
hkr34c05                   12.939        1.0000000E+00        0.0000000E+00
hkr34c06                 0.859915        1.0000000E+00        0.0000000E+00
hkr34c07                -0.822739        1.0000000E+00        0.0000000E+00
hkr34c08                 -4.30271        1.0000000E+00        0.0000000E+00
hkr34c09                  14.2029        1.0000000E+00        0.0000000E+00
hkr34c10                 -9.93686        1.0000000E+00        0.0000000E+00
hkr34c11                  26.7938        1.0000000E+00        0.0000000E+00
hkr34c12                 -28.5723        1.0000000E+00        0.0000000E+00
hkr34c13                 -17.8845        1.0000000E+00        0.0000000E+00
hkr34c14                  1.41667        1.0000000E+00        0.0000000E+00
hkr34c15                 -4.44428        1.0000000E+00        0.0000000E+00
hkr34c16                -0.580537        1.0000000E+00        0.0000000E+00
hkr34c17                  27.6623        1.0000000E+00        0.0000000E+00
hkr34c18                 -3.89962        1.0000000E+00        0.0000000E+00
hkr34c19                 -9.58238        1.0000000E+00        0.0000000E+00
hkr35c04                  11.0105        1.0000000E+00        0.0000000E+00
hkr35c05                 -14.1395        1.0000000E+00        0.0000000E+00
hkr35c06                  2.52399        1.0000000E+00        0.0000000E+00
hkr35c07                  8.46467        1.0000000E+00        0.0000000E+00
hkr35c08                  22.3259        1.0000000E+00        0.0000000E+00
hkr35c09                 -38.0674        1.0000000E+00        0.0000000E+00
hkr35c10                  18.6557        1.0000000E+00        0.0000000E+00
hkr35c11                -0.359732        1.0000000E+00        0.0000000E+00
hkr35c12               -0.0403007        1.0000000E+00        0.0000000E+00
hkr35c13                  8.71114        1.0000000E+00        0.0000000E+00
hkr35c14                  16.4218        1.0000000E+00        0.0000000E+00
hkr35c15                  7.15245        1.0000000E+00        0.0000000E+00
hkr35c16                  13.6449        1.0000000E+00        0.0000000E+00
hkr35c17                  21.5352        1.0000000E+00        0.0000000E+00
hkr35c18                  7.89653        1.0000000E+00        0.0000000E+00
hkr36c04                  12.4134        1.0000000E+00        0.0000000E+00
hkr36c05                 -6.61565        1.0000000E+00        0.0000000E+00
hkr36c06                  8.40067        1.0000000E+00        0.0000000E+00
hkr36c07                  12.1246        1.0000000E+00        0.0000000E+00
hkr36c08                  4.70949        1.0000000E+00        0.0000000E+00
hkr36c09                  2.53841        1.0000000E+00        0.0000000E+00
hkr36c10                  7.04127        1.0000000E+00        0.0000000E+00
hkr36c11                -0.108595        1.0000000E+00        0.0000000E+00
hkr36c12                  3.99143        1.0000000E+00        0.0000000E+00
hkr36c13                  35.9618        1.0000000E+00        0.0000000E+00
hkr36c14                 -18.6115        1.0000000E+00        0.0000000E+00
hkr36c15                  9.78194        1.0000000E+00        0.0000000E+00
hkr36c16                  -13.741        1.0000000E+00        0.0000000E+00
hkr36c17                  15.6233        1.0000000E+00        0.0000000E+00
hkr36c18                  15.2512        1.0000000E+00        0.0000000E+00
hkr37c05                  17.8782        1.0000000E+00        0.0000000E+00
hkr37c06                  15.2792        1.0000000E+00        0.0000000E+00
hkr37c07                  3.77086        1.0000000E+00        0.0000000E+00
hkr37c08                  11.9146        1.0000000E+00        0.0000000E+00
hkr37c09                   18.078        1.0000000E+00        0.0000000E+00
hkr37c10                  1.18439        1.0000000E+00        0.0000000E+00
hkr37c11                  20.4823        1.0000000E+00        0.0000000E+00
hkr37c12                -0.786641        1.0000000E+00        0.0000000E+00
hkr37c13                  22.8991        1.0000000E+00        0.0000000E+00
hkr37c14                 -8.49461        1.0000000E+00        0.0000000E+00
hkr37c15                  14.1861        1.0000000E+00        0.0000000E+00
hkr37c16                  6.95282        1.0000000E+00        0.0000000E+00
hkr37c17                   8.8355        1.0000000E+00        0.0000000E+00
hkr38c05                  16.6532        1.0000000E+00        0.0000000E+00
hkr38c06                  7.56696        1.0000000E+00        0.0000000E+00
hkr38c07                 -6.48624        1.0000000E+00        0.0000000E+00
hkr38c08                 -10.3393        1.0000000E+00        0.0000000E+00
hkr38c09                 -2.28544        1.0000000E+00        0.0000000E+00
hkr38c10                 -4.40779        1.0000000E+00        0.0000000E+00
hkr38c11                  1.35038        1.0000000E+00        0.0000000E+00
hkr38c12                  39.1666        1.0000000E+00        0.0000000E+00
hkr38c13                 -6.38361        1.0000000E+00        0.0000000E+00
hkr38c14                 -5.16765        1.0000000E+00        0.0000000E+00
hkr38c15                  6.37979        1.0000000E+00        0.0000000E+00
hkr38c16                  38.3627        1.0000000E+00        0.0000000E+00
hkr39c05                  10.3656        1.0000000E+00        0.0000000E+00
hkr39c06                  11.1335        1.0000000E+00        0.0000000E+00
hkr39c07                  -4.0703        1.0000000E+00        0.0000000E+00
hkr39c08                  38.5664        1.0000000E+00        0.0000000E+00
hkr39c09                  15.4696        1.0000000E+00        0.0000000E+00
hkr39c10                  2.12253        1.0000000E+00        0.0000000E+00
hkr39c11                  3.98441        1.0000000E+00        0.0000000E+00
hkr39c12                 -5.41578        1.0000000E+00        0.0000000E+00
hkr39c13                  11.4974        1.0000000E+00        0.0000000E+00
hkr39c14                 -31.5936        1.0000000E+00        0.0000000E+00
