single point
 rch_1                    0.9320776        1.0000000E+00        0.0000000E+00
 rch_2                    0.9688077        1.0000000E+00        0.0000000E+00
 rcond00                   25281.28        1.0000000E+00        0.0000000E+00
 rcond01                   35769.87        1.0000000E+00        0.0000000E+00
 rcond02                   6978.779        1.0000000E+00        0.0000000E+00
 rcond03                    3966.03        1.0000000E+00        0.0000000E+00
 rcond04                   4950.951        1.0000000E+00        0.0000000E+00
 rcond05                   4882.957        1.0000000E+00        0.0000000E+00
 rcond06                   1221.072        1.0000000E+00        0.0000000E+00
 rcond07                   1140.283        1.0000000E+00        0.0000000E+00
 rcond08                   13613.97        1.0000000E+00        0.0000000E+00
 rcond09                   2340.962        1.0000000E+00        0.0000000E+00
 rcond10                   2002.901        1.0000000E+00        0.0000000E+00
 rcond11                   1249.149        1.0000000E+00        0.0000000E+00
 rcond12                   4147.912        1.0000000E+00        0.0000000E+00
 rcond13                   12934.64        1.0000000E+00        0.0000000E+00
 rcond14                   5299.524        1.0000000E+00        0.0000000E+00
 rcond15                   6250.138        1.0000000E+00        0.0000000E+00
 rcond16                   7535.559        1.0000000E+00        0.0000000E+00
 rcond17                     4090.9        1.0000000E+00        0.0000000E+00
 rcond18                   349.8419        1.0000000E+00        0.0000000E+00
 rcond19                   10151.14        1.0000000E+00        0.0000000E+00
 rcond20                   2678.865        1.0000000E+00        0.0000000E+00
 rcond21                   1927.037        1.0000000E+00        0.0000000E+00
 rcond22                    7398.07        1.0000000E+00        0.0000000E+00
 rcond23                     3551.5        1.0000000E+00        0.0000000E+00
 rcond24                   1505.084        1.0000000E+00        0.0000000E+00
 rcond25                   4093.138        1.0000000E+00        0.0000000E+00
 rcond26                   35131.26        1.0000000E+00        0.0000000E+00
 rcond27                   4781.702        1.0000000E+00        0.0000000E+00
 rcond28                   1013.015        1.0000000E+00        0.0000000E+00
 rcond29                   4846.604        1.0000000E+00        0.0000000E+00
 rcond30                   4150.522        1.0000000E+00        0.0000000E+00
 rcond31                   36537.11        1.0000000E+00        0.0000000E+00
 rcond32                   49066.07        1.0000000E+00        0.0000000E+00
 rcond33                   26970.14        1.0000000E+00        0.0000000E+00
 rcond34                   49462.14        1.0000000E+00        0.0000000E+00
 rcond35                   3767.543        1.0000000E+00        0.0000000E+00
 rcond36                   1086.239        1.0000000E+00        0.0000000E+00
 rcond37                   2607.824        1.0000000E+00        0.0000000E+00
 rcond38                   17055.04        1.0000000E+00        0.0000000E+00
 rcond39                    5655.81        1.0000000E+00        0.0000000E+00
 ss                    1.836736e-05        1.0000000E+00        0.0000000E+00
 sy                      0.01226658        1.0000000E+00        0.0000000E+00
 wf1_1                     677.8007       -1.0000000E+00        0.0000000E+00
 wf2_1                     356.6566       -1.0000000E+00        0.0000000E+00
 wf3_1                     321.3711       -1.0000000E+00        0.0000000E+00
 wf4_1                      71.9655       -1.0000000E+00        0.0000000E+00
 wf5_1                     63.16306       -1.0000000E+00        0.0000000E+00
 wf6_1                     379.5036       -1.0000000E+00        0.0000000E+00
 wf1_2                     853.5353       -1.0000000E+00        0.0000000E+00
 wf2_2                     483.1203       -1.0000000E+00        0.0000000E+00
 wf3_2                     427.7258       -1.0000000E+00        0.0000000E+00
 wf4_2                     111.5363       -1.0000000E+00        0.0000000E+00
 wf5_2                     84.19451       -1.0000000E+00        0.0000000E+00
 wf6_2                     487.2363       -1.0000000E+00        0.0000000E+00
 hkr00c00                  34.05974        1.0000000E+00        0.0000000E+00
 hkr00c01                  2.320287        1.0000000E+00        0.0000000E+00
 hkr00c02                  13.37389        1.0000000E+00        0.0000000E+00
 hkr00c03                  15.57943        1.0000000E+00        0.0000000E+00
 hkr00c04                  6.142931        1.0000000E+00        0.0000000E+00
 hkr00c05                  4.696474        1.0000000E+00        0.0000000E+00
 hkr00c06                  5.086039        1.0000000E+00        0.0000000E+00
 hkr00c07                  11.02058        1.0000000E+00        0.0000000E+00
 hkr00c08                  36.31655        1.0000000E+00        0.0000000E+00
 hkr00c09                  4.303754        1.0000000E+00        0.0000000E+00
 hkr00c10                  6.520804        1.0000000E+00        0.0000000E+00
 hkr00c11                  1.892965        1.0000000E+00        0.0000000E+00
 hkr00c12                  2.122762        1.0000000E+00        0.0000000E+00
 hkr00c13                 0.7398682        1.0000000E+00        0.0000000E+00
 hkr00c14                  1.067378        1.0000000E+00        0.0000000E+00
 hkr00c15                  8.255844        1.0000000E+00        0.0000000E+00
 hkr00c16                  33.09501        1.0000000E+00        0.0000000E+00
 hkr00c17                  0.496883        1.0000000E+00        0.0000000E+00
 hkr00c18                  18.06122        1.0000000E+00        0.0000000E+00
 hkr00c19                  7.372684        1.0000000E+00        0.0000000E+00
 hkr01c00                 0.6507782        1.0000000E+00        0.0000000E+00
 hkr01c01                 0.9399905        1.0000000E+00        0.0000000E+00
 hkr01c02                  6.290542        1.0000000E+00        0.0000000E+00
 hkr01c03                  2.042743        1.0000000E+00        0.0000000E+00
 hkr01c04                  2.934849        1.0000000E+00        0.0000000E+00
 hkr01c05                  47.55064        1.0000000E+00        0.0000000E+00
 hkr01c06                  13.38892        1.0000000E+00        0.0000000E+00
 hkr01c07                  5.581931        1.0000000E+00        0.0000000E+00
 hkr01c08                  2.356184        1.0000000E+00        0.0000000E+00
 hkr01c09                  2.278751        1.0000000E+00        0.0000000E+00
 hkr01c10                  3.482175        1.0000000E+00        0.0000000E+00
 hkr01c11                   7.83863        1.0000000E+00        0.0000000E+00
 hkr01c12                  3.058943        1.0000000E+00        0.0000000E+00
 hkr01c13                  7.088966        1.0000000E+00        0.0000000E+00
 hkr01c14                   7.14045        1.0000000E+00        0.0000000E+00
 hkr01c15                  16.88065        1.0000000E+00        0.0000000E+00
 hkr01c16                   1.41439        1.0000000E+00        0.0000000E+00
 hkr01c17                  2.742478        1.0000000E+00        0.0000000E+00
 hkr01c18                    10.636        1.0000000E+00        0.0000000E+00
 hkr01c19                  2.594473        1.0000000E+00        0.0000000E+00
 hkr02c00                   3.97121        1.0000000E+00        0.0000000E+00
 hkr02c01                  5.277623        1.0000000E+00        0.0000000E+00
 hkr02c02                  23.26794        1.0000000E+00        0.0000000E+00
 hkr02c03                  61.55203        1.0000000E+00        0.0000000E+00
 hkr02c04                  22.13744        1.0000000E+00        0.0000000E+00
 hkr02c05                  3.682773        1.0000000E+00        0.0000000E+00
 hkr02c06                  22.05609        1.0000000E+00        0.0000000E+00
 hkr02c07                  14.14867        1.0000000E+00        0.0000000E+00
 hkr02c08                  10.56627        1.0000000E+00        0.0000000E+00
 hkr02c09                  8.896329        1.0000000E+00        0.0000000E+00
 hkr02c10                 0.4741159        1.0000000E+00        0.0000000E+00
 hkr02c11                  6.932761        1.0000000E+00        0.0000000E+00
 hkr02c12                  17.61144        1.0000000E+00        0.0000000E+00
 hkr02c13                   3.53134        1.0000000E+00        0.0000000E+00
 hkr02c14                  1.635164        1.0000000E+00        0.0000000E+00
 hkr02c15                  2.426345        1.0000000E+00        0.0000000E+00
 hkr02c16                  36.33322        1.0000000E+00        0.0000000E+00
 hkr02c17                  9.132566        1.0000000E+00        0.0000000E+00
 hkr02c18                  31.16588        1.0000000E+00        0.0000000E+00
 hkr02c19                  6.903614        1.0000000E+00        0.0000000E+00
 hkr03c00                  1.442313        1.0000000E+00        0.0000000E+00
 hkr03c01                  5.137095        1.0000000E+00        0.0000000E+00
 hkr03c02                  19.35224        1.0000000E+00        0.0000000E+00
 hkr03c03                  1.003828        1.0000000E+00        0.0000000E+00
 hkr03c04                  5.704409        1.0000000E+00        0.0000000E+00
 hkr03c05                  3.728553        1.0000000E+00        0.0000000E+00
 hkr03c06                  3.178706        1.0000000E+00        0.0000000E+00
 hkr03c07                  8.224411        1.0000000E+00        0.0000000E+00
 hkr03c08                  2.641848        1.0000000E+00        0.0000000E+00
 hkr03c09                  1.585835        1.0000000E+00        0.0000000E+00
 hkr03c10                  1.306553        1.0000000E+00        0.0000000E+00
 hkr03c11                  4.696875        1.0000000E+00        0.0000000E+00
 hkr03c12                  9.260692        1.0000000E+00        0.0000000E+00
 hkr03c13                  5.704403        1.0000000E+00        0.0000000E+00
 hkr03c14                  61.53847        1.0000000E+00        0.0000000E+00
 hkr03c15                 0.4018905        1.0000000E+00        0.0000000E+00
 hkr03c16                  1.807789        1.0000000E+00        0.0000000E+00
 hkr03c17                   26.5139        1.0000000E+00        0.0000000E+00
 hkr03c18                  8.088798        1.0000000E+00        0.0000000E+00
 hkr03c19                   4.27507        1.0000000E+00        0.0000000E+00
 hkr04c00                   18.9884        1.0000000E+00        0.0000000E+00
 hkr04c01                   17.5262        1.0000000E+00        0.0000000E+00
 hkr04c02                  6.919584        1.0000000E+00        0.0000000E+00
 hkr04c03                  14.67672        1.0000000E+00        0.0000000E+00
 hkr04c04                  5.138266        1.0000000E+00        0.0000000E+00
 hkr04c05                  1.798494        1.0000000E+00        0.0000000E+00
 hkr04c06                 0.5430584        1.0000000E+00        0.0000000E+00
 hkr04c07                  7.460988        1.0000000E+00        0.0000000E+00
 hkr04c08                  2.823895        1.0000000E+00        0.0000000E+00
 hkr04c09                  31.22411        1.0000000E+00        0.0000000E+00
 hkr04c10                  6.353515        1.0000000E+00        0.0000000E+00
 hkr04c11                  1.743196        1.0000000E+00        0.0000000E+00
 hkr04c12                  21.25715        1.0000000E+00        0.0000000E+00
 hkr04c13                  8.450438        1.0000000E+00        0.0000000E+00
 hkr04c14                  4.456898        1.0000000E+00        0.0000000E+00
 hkr04c15                  1.930416        1.0000000E+00        0.0000000E+00
 hkr04c16                  1.510201        1.0000000E+00        0.0000000E+00
 hkr04c17                  33.11184        1.0000000E+00        0.0000000E+00
 hkr04c18                  18.23108        1.0000000E+00        0.0000000E+00
 hkr04c19                  7.717356        1.0000000E+00        0.0000000E+00
 hkr05c00                  5.128623        1.0000000E+00        0.0000000E+00
 hkr05c01                  13.01264        1.0000000E+00        0.0000000E+00
 hkr05c02                  4.234402        1.0000000E+00        0.0000000E+00
 hkr05c03                   5.26651        1.0000000E+00        0.0000000E+00
 hkr05c04                   6.59475        1.0000000E+00        0.0000000E+00
 hkr05c05                  2.326904        1.0000000E+00        0.0000000E+00
 hkr05c06                  25.99191        1.0000000E+00        0.0000000E+00
 hkr05c07                  2.365983        1.0000000E+00        0.0000000E+00
 hkr05c08                  10.18703        1.0000000E+00        0.0000000E+00
 hkr05c09                  13.89364        1.0000000E+00        0.0000000E+00
 hkr05c10                  6.207144        1.0000000E+00        0.0000000E+00
 hkr05c11                  4.674367        1.0000000E+00        0.0000000E+00
 hkr05c12                  10.91081        1.0000000E+00        0.0000000E+00
 hkr05c13                  9.265499        1.0000000E+00        0.0000000E+00
 hkr05c14                  6.970633        1.0000000E+00        0.0000000E+00
 hkr05c15                   10.8315        1.0000000E+00        0.0000000E+00
 hkr05c16                  22.83527        1.0000000E+00        0.0000000E+00
 hkr05c17                  5.162871        1.0000000E+00        0.0000000E+00
 hkr05c18                  11.52438        1.0000000E+00        0.0000000E+00
 hkr05c19                  4.746405        1.0000000E+00        0.0000000E+00
 hkr06c00                  2.571785        1.0000000E+00        0.0000000E+00
 hkr06c01                  5.059154        1.0000000E+00        0.0000000E+00
 hkr06c02                   5.09121        1.0000000E+00        0.0000000E+00
 hkr06c03                  10.15244        1.0000000E+00        0.0000000E+00
 hkr06c04                  4.420222        1.0000000E+00        0.0000000E+00
 hkr06c05                  20.91801        1.0000000E+00        0.0000000E+00
 hkr06c06                   1.04536        1.0000000E+00        0.0000000E+00
 hkr06c07                  1.096678        1.0000000E+00        0.0000000E+00
 hkr06c08                  20.35135        1.0000000E+00        0.0000000E+00
 hkr06c09                  1.477498        1.0000000E+00        0.0000000E+00
 hkr06c10                  20.09549        1.0000000E+00        0.0000000E+00
 hkr06c11                  11.88088        1.0000000E+00        0.0000000E+00
 hkr06c12                  11.82606        1.0000000E+00        0.0000000E+00
 hkr06c13                  13.11776        1.0000000E+00        0.0000000E+00
 hkr06c14                   10.7409        1.0000000E+00        0.0000000E+00
 hkr06c15                  5.831811        1.0000000E+00        0.0000000E+00
 hkr06c16                  2.840443        1.0000000E+00        0.0000000E+00
 hkr06c17                  1.153273        1.0000000E+00        0.0000000E+00
 hkr06c18                  4.975202        1.0000000E+00        0.0000000E+00
 hkr06c19                  3.697106        1.0000000E+00        0.0000000E+00
 hkr07c00                  1.393147        1.0000000E+00        0.0000000E+00
 hkr07c01                    91.803        1.0000000E+00        0.0000000E+00
 hkr07c02                  4.770253        1.0000000E+00        0.0000000E+00
 hkr07c03                  2.924343        1.0000000E+00        0.0000000E+00
 hkr07c04                  1.378327        1.0000000E+00        0.0000000E+00
 hkr07c05                  1.668979        1.0000000E+00        0.0000000E+00
 hkr07c06                  37.47585        1.0000000E+00        0.0000000E+00
 hkr07c07                   5.31808        1.0000000E+00        0.0000000E+00
 hkr07c08                  7.328378        1.0000000E+00        0.0000000E+00
 hkr07c09                  6.693567        1.0000000E+00        0.0000000E+00
 hkr07c10                  9.061501        1.0000000E+00        0.0000000E+00
 hkr07c11                 0.2301056        1.0000000E+00        0.0000000E+00
 hkr07c12                  3.334293        1.0000000E+00        0.0000000E+00
 hkr07c13                  6.821602        1.0000000E+00        0.0000000E+00
 hkr07c14                  1.566246        1.0000000E+00        0.0000000E+00
 hkr07c15                  9.752966        1.0000000E+00        0.0000000E+00
 hkr07c16                  3.375114        1.0000000E+00        0.0000000E+00
 hkr07c17                  1.921576        1.0000000E+00        0.0000000E+00
 hkr07c18                  14.72791        1.0000000E+00        0.0000000E+00
 hkr07c19                  7.582008        1.0000000E+00        0.0000000E+00
 hkr08c00                 0.8710319        1.0000000E+00        0.0000000E+00
 hkr08c01                  11.62807        1.0000000E+00        0.0000000E+00
 hkr08c02                  2.719766        1.0000000E+00        0.0000000E+00
 hkr08c03                  112.9114        1.0000000E+00        0.0000000E+00
 hkr08c07                  4.841402        1.0000000E+00        0.0000000E+00
 hkr08c08                  1.246453        1.0000000E+00        0.0000000E+00
 hkr08c09                  10.57462        1.0000000E+00        0.0000000E+00
 hkr08c10                  11.83008        1.0000000E+00        0.0000000E+00
 hkr08c11                  5.145183        1.0000000E+00        0.0000000E+00
 hkr08c12                  14.85451        1.0000000E+00        0.0000000E+00
 hkr08c13                  9.471626        1.0000000E+00        0.0000000E+00
 hkr08c14                 0.7447427        1.0000000E+00        0.0000000E+00
 hkr08c15                  6.552946        1.0000000E+00        0.0000000E+00
 hkr08c16                  4.091338        1.0000000E+00        0.0000000E+00
 hkr08c17                   2.08154        1.0000000E+00        0.0000000E+00
 hkr08c18                    6.8396        1.0000000E+00        0.0000000E+00
 hkr08c19                  6.637907        1.0000000E+00        0.0000000E+00
 hkr09c00                  4.245626        1.0000000E+00        0.0000000E+00
 hkr09c01                  1.212477        1.0000000E+00        0.0000000E+00
 hkr09c02                 0.7305775        1.0000000E+00        0.0000000E+00
 hkr09c03                  26.48689        1.0000000E+00        0.0000000E+00
 hkr09c08                  3.323004        1.0000000E+00        0.0000000E+00
 hkr09c09                  16.65244        1.0000000E+00        0.0000000E+00
 hkr09c10                  1.808155        1.0000000E+00        0.0000000E+00
 hkr09c11                  7.954382        1.0000000E+00        0.0000000E+00
 hkr09c12                  36.50268        1.0000000E+00        0.0000000E+00
 hkr09c13                  6.064762        1.0000000E+00        0.0000000E+00
 hkr09c14                  29.10529        1.0000000E+00        0.0000000E+00
 hkr09c15                  1.742071        1.0000000E+00        0.0000000E+00
 hkr09c16                  2.140763        1.0000000E+00        0.0000000E+00
 hkr09c17                  4.208957        1.0000000E+00        0.0000000E+00
 hkr09c18                  2.635482        1.0000000E+00        0.0000000E+00
 hkr09c19                  5.584397        1.0000000E+00        0.0000000E+00
 hkr10c00                  242.9213        1.0000000E+00        0.0000000E+00
 hkr10c01                  52.63218        1.0000000E+00        0.0000000E+00
 hkr10c02                  11.35758        1.0000000E+00        0.0000000E+00
 hkr10c03                  2.354486        1.0000000E+00        0.0000000E+00
 hkr10c08                  5.714326        1.0000000E+00        0.0000000E+00
 hkr10c09                   9.35114        1.0000000E+00        0.0000000E+00
 hkr10c10                  48.47808        1.0000000E+00        0.0000000E+00
 hkr10c11                  12.84363        1.0000000E+00        0.0000000E+00
 hkr10c12                  2.695158        1.0000000E+00        0.0000000E+00
 hkr10c13                  3.656983        1.0000000E+00        0.0000000E+00
 hkr10c14                  4.822482        1.0000000E+00        0.0000000E+00
 hkr10c15                 0.7355338        1.0000000E+00        0.0000000E+00
 hkr10c16                 0.9044271        1.0000000E+00        0.0000000E+00
 hkr10c17                  2.521575        1.0000000E+00        0.0000000E+00
 hkr10c18                  1.098876        1.0000000E+00        0.0000000E+00
 hkr10c19                  12.23007        1.0000000E+00        0.0000000E+00
 hkr11c00                  8.047056        1.0000000E+00        0.0000000E+00
 hkr11c01                  5.285517        1.0000000E+00        0.0000000E+00
 hkr11c02                  4.780729        1.0000000E+00        0.0000000E+00
 hkr11c03                  7.694467        1.0000000E+00        0.0000000E+00
 hkr11c08                  14.00155        1.0000000E+00        0.0000000E+00
 hkr11c09                  4.664913        1.0000000E+00        0.0000000E+00
 hkr11c10                 0.8050708        1.0000000E+00        0.0000000E+00
 hkr11c11                  7.480271        1.0000000E+00        0.0000000E+00
 hkr11c12                  4.622221        1.0000000E+00        0.0000000E+00
 hkr11c13                 0.4426914        1.0000000E+00        0.0000000E+00
 hkr11c14                  1.185344        1.0000000E+00        0.0000000E+00
 hkr11c15                  2.478282        1.0000000E+00        0.0000000E+00
 hkr11c16                  6.348908        1.0000000E+00        0.0000000E+00
 hkr11c17                  16.94472        1.0000000E+00        0.0000000E+00
 hkr11c18                    66.582        1.0000000E+00        0.0000000E+00
 hkr11c19                  5.010085        1.0000000E+00        0.0000000E+00
 hkr12c00                  25.26204        1.0000000E+00        0.0000000E+00
 hkr12c01                  10.91683        1.0000000E+00        0.0000000E+00
 hkr12c02                  32.05182        1.0000000E+00        0.0000000E+00
 hkr12c03                  11.59877        1.0000000E+00        0.0000000E+00
 hkr12c08                  2.398053        1.0000000E+00        0.0000000E+00
 hkr12c09                  1.945847        1.0000000E+00        0.0000000E+00
 hkr12c10                   1.87697        1.0000000E+00        0.0000000E+00
 hkr12c11                   5.90506        1.0000000E+00        0.0000000E+00
 hkr12c12                  24.36922        1.0000000E+00        0.0000000E+00
 hkr12c13                  2.484574        1.0000000E+00        0.0000000E+00
 hkr12c14                  1.874701        1.0000000E+00        0.0000000E+00
 hkr12c15                  5.148597        1.0000000E+00        0.0000000E+00
 hkr12c16                  7.887345        1.0000000E+00        0.0000000E+00
 hkr12c17                  8.931779        1.0000000E+00        0.0000000E+00
 hkr12c18                  2.849676        1.0000000E+00        0.0000000E+00
 hkr12c19                  3.387288        1.0000000E+00        0.0000000E+00
 hkr13c00                  4.750705        1.0000000E+00        0.0000000E+00
 hkr13c01                  22.01296        1.0000000E+00        0.0000000E+00
 hkr13c02                   7.05957        1.0000000E+00        0.0000000E+00
 hkr13c03                  13.34378        1.0000000E+00        0.0000000E+00
 hkr13c08                  13.14671        1.0000000E+00        0.0000000E+00
 hkr13c09                  6.918754        1.0000000E+00        0.0000000E+00
 hkr13c10                  16.68003        1.0000000E+00        0.0000000E+00
 hkr13c11                  2.690288        1.0000000E+00        0.0000000E+00
 hkr13c12                  16.22712        1.0000000E+00        0.0000000E+00
 hkr13c13                  5.763058        1.0000000E+00        0.0000000E+00
 hkr13c14                  41.79442        1.0000000E+00        0.0000000E+00
 hkr13c15                  9.510078        1.0000000E+00        0.0000000E+00
 hkr13c16                  7.522222        1.0000000E+00        0.0000000E+00
 hkr13c17                  5.809874        1.0000000E+00        0.0000000E+00
 hkr13c18                  5.768109        1.0000000E+00        0.0000000E+00
 hkr13c19                  6.321977        1.0000000E+00        0.0000000E+00
 hkr14c00                  2.206007        1.0000000E+00        0.0000000E+00
 hkr14c01                  2.910996        1.0000000E+00        0.0000000E+00
 hkr14c02                  3.788623        1.0000000E+00        0.0000000E+00
 hkr14c03                  13.90307        1.0000000E+00        0.0000000E+00
 hkr14c08                  4.302976        1.0000000E+00        0.0000000E+00
 hkr14c09                   3.79015        1.0000000E+00        0.0000000E+00
 hkr14c10                  10.98198        1.0000000E+00        0.0000000E+00
 hkr14c11                 0.8602118        1.0000000E+00        0.0000000E+00
 hkr14c12                  9.528449        1.0000000E+00        0.0000000E+00
 hkr14c13                  16.97978        1.0000000E+00        0.0000000E+00
 hkr14c14                  31.95831        1.0000000E+00        0.0000000E+00
 hkr14c15                  1.922886        1.0000000E+00        0.0000000E+00
 hkr14c16                  7.534795        1.0000000E+00        0.0000000E+00
 hkr14c17                  4.753034        1.0000000E+00        0.0000000E+00
 hkr14c18                  12.48612        1.0000000E+00        0.0000000E+00
 hkr14c19                  3.995014        1.0000000E+00        0.0000000E+00
 hkr15c00                  2.930178        1.0000000E+00        0.0000000E+00
 hkr15c01                  24.02798        1.0000000E+00        0.0000000E+00
 hkr15c02                 0.4665353        1.0000000E+00        0.0000000E+00
 hkr15c03                  7.443694        1.0000000E+00        0.0000000E+00
 hkr15c08                 0.8243506        1.0000000E+00        0.0000000E+00
 hkr15c09                  1.836926        1.0000000E+00        0.0000000E+00
 hkr15c10                   12.2588        1.0000000E+00        0.0000000E+00
 hkr15c11                   5.97141        1.0000000E+00        0.0000000E+00
 hkr15c12                  22.96113        1.0000000E+00        0.0000000E+00
 hkr15c13                  3.258726        1.0000000E+00        0.0000000E+00
 hkr15c14                   19.8177        1.0000000E+00        0.0000000E+00
 hkr15c15                  24.23468        1.0000000E+00        0.0000000E+00
 hkr15c16                  4.829067        1.0000000E+00        0.0000000E+00
 hkr15c17                  8.727852        1.0000000E+00        0.0000000E+00
 hkr15c18                  3.236307        1.0000000E+00        0.0000000E+00
 hkr15c19                  2.979449        1.0000000E+00        0.0000000E+00
 hkr16c00                  15.67276        1.0000000E+00        0.0000000E+00
 hkr16c01                  4.035299        1.0000000E+00        0.0000000E+00
 hkr16c02                  2.780343        1.0000000E+00        0.0000000E+00
 hkr16c03                  14.26553        1.0000000E+00        0.0000000E+00
 hkr16c08                  6.584053        1.0000000E+00        0.0000000E+00
 hkr16c09                  5.387636        1.0000000E+00        0.0000000E+00
 hkr16c10                  2.835612        1.0000000E+00        0.0000000E+00
 hkr16c11                  7.889854        1.0000000E+00        0.0000000E+00
 hkr16c12                  13.88979        1.0000000E+00        0.0000000E+00
 hkr16c13                  5.633152        1.0000000E+00        0.0000000E+00
 hkr16c14                  13.51803        1.0000000E+00        0.0000000E+00
 hkr16c15                  2.735584        1.0000000E+00        0.0000000E+00
 hkr16c16                 0.7711656        1.0000000E+00        0.0000000E+00
 hkr16c17                  3.745628        1.0000000E+00        0.0000000E+00
 hkr16c18                  10.09327        1.0000000E+00        0.0000000E+00
 hkr16c19                  6.742715        1.0000000E+00        0.0000000E+00
 hkr17c00                  7.122996        1.0000000E+00        0.0000000E+00
 hkr17c01                 0.7098838        1.0000000E+00        0.0000000E+00
 hkr17c02                  15.85267        1.0000000E+00        0.0000000E+00
 hkr17c03                   12.7996        1.0000000E+00        0.0000000E+00
 hkr17c08                  18.51754        1.0000000E+00        0.0000000E+00
 hkr17c09                  12.05856        1.0000000E+00        0.0000000E+00
 hkr17c10                  5.828378        1.0000000E+00        0.0000000E+00
 hkr17c11                  4.699219        1.0000000E+00        0.0000000E+00
 hkr17c12                  4.671588        1.0000000E+00        0.0000000E+00
 hkr17c13                 0.8744357        1.0000000E+00        0.0000000E+00
 hkr17c14                  6.283764        1.0000000E+00        0.0000000E+00
 hkr17c15                  1.694313        1.0000000E+00        0.0000000E+00
 hkr17c16                  6.256529        1.0000000E+00        0.0000000E+00
 hkr17c17                  1.020192        1.0000000E+00        0.0000000E+00
 hkr17c18                  10.32416        1.0000000E+00        0.0000000E+00
 hkr17c19                  5.313053        1.0000000E+00        0.0000000E+00
 hkr18c00                  3.234898        1.0000000E+00        0.0000000E+00
 hkr18c01                  15.15529        1.0000000E+00        0.0000000E+00
 hkr18c02                  1.700013        1.0000000E+00        0.0000000E+00
 hkr18c03                  40.69869        1.0000000E+00        0.0000000E+00
 hkr18c08                  1.731854        1.0000000E+00        0.0000000E+00
 hkr18c09                  11.82626        1.0000000E+00        0.0000000E+00
 hkr18c10                  16.87604        1.0000000E+00        0.0000000E+00
 hkr18c11                  8.648182        1.0000000E+00        0.0000000E+00
 hkr18c12                  6.248636        1.0000000E+00        0.0000000E+00
 hkr18c13                  2.648154        1.0000000E+00        0.0000000E+00
 hkr18c14                   3.54173        1.0000000E+00        0.0000000E+00
 hkr18c15                  13.56349        1.0000000E+00        0.0000000E+00
 hkr18c16                   93.2264        1.0000000E+00        0.0000000E+00
 hkr18c17                  9.070078        1.0000000E+00        0.0000000E+00
 hkr18c18                  9.647954        1.0000000E+00        0.0000000E+00
 hkr18c19                  2.638948        1.0000000E+00        0.0000000E+00
 hkr19c00                  17.30717        1.0000000E+00        0.0000000E+00
 hkr19c01                  2.096546        1.0000000E+00        0.0000000E+00
 hkr19c02                  10.71521        1.0000000E+00        0.0000000E+00
 hkr19c03                  33.08302        1.0000000E+00        0.0000000E+00
 hkr19c08                  9.728661        1.0000000E+00        0.0000000E+00
 hkr19c09                  21.56681        1.0000000E+00        0.0000000E+00
 hkr19c10                 0.8002545        1.0000000E+00        0.0000000E+00
 hkr19c11                  27.49384        1.0000000E+00        0.0000000E+00
 hkr19c12                  3.691752        1.0000000E+00        0.0000000E+00
 hkr19c13                  1.200352        1.0000000E+00        0.0000000E+00
 hkr19c14                  4.912143        1.0000000E+00        0.0000000E+00
 hkr19c15                  2.084261        1.0000000E+00        0.0000000E+00
 hkr19c16                  5.991552        1.0000000E+00        0.0000000E+00
 hkr19c17                  62.76726        1.0000000E+00        0.0000000E+00
 hkr19c18                  1.232607        1.0000000E+00        0.0000000E+00
 hkr19c19                  4.984907        1.0000000E+00        0.0000000E+00
 hkr20c00                  9.645051        1.0000000E+00        0.0000000E+00
 hkr20c01                   7.55188        1.0000000E+00        0.0000000E+00
 hkr20c02                  6.589448        1.0000000E+00        0.0000000E+00
 hkr20c03                  9.434846        1.0000000E+00        0.0000000E+00
 hkr20c08                  12.09966        1.0000000E+00        0.0000000E+00
 hkr20c09                  2.339232        1.0000000E+00        0.0000000E+00
 hkr20c10                  6.905673        1.0000000E+00        0.0000000E+00
 hkr20c11                  3.423984        1.0000000E+00        0.0000000E+00
 hkr20c12                  2.445381        1.0000000E+00        0.0000000E+00
 hkr20c13                 0.5921427        1.0000000E+00        0.0000000E+00
 hkr20c14                  1.719738        1.0000000E+00        0.0000000E+00
 hkr20c15                   31.3291        1.0000000E+00        0.0000000E+00
 hkr20c16                  5.473274        1.0000000E+00        0.0000000E+00
 hkr20c17                  44.38714        1.0000000E+00        0.0000000E+00
 hkr20c18                  1.671038        1.0000000E+00        0.0000000E+00
 hkr20c19                 0.9667046        1.0000000E+00        0.0000000E+00
 hkr21c00                  2.683451        1.0000000E+00        0.0000000E+00
 hkr21c01                  4.394212        1.0000000E+00        0.0000000E+00
 hkr21c02                  15.52145        1.0000000E+00        0.0000000E+00
 hkr21c03                  1.307524        1.0000000E+00        0.0000000E+00
 hkr21c06                  84.89804        1.0000000E+00        0.0000000E+00
 hkr21c07                  75.87142        1.0000000E+00        0.0000000E+00
 hkr21c08                   23.5467        1.0000000E+00        0.0000000E+00
 hkr21c09                  8.186195        1.0000000E+00        0.0000000E+00
 hkr21c10                  4.013065        1.0000000E+00        0.0000000E+00
 hkr21c11                  7.965038        1.0000000E+00        0.0000000E+00
 hkr21c12                  49.46387        1.0000000E+00        0.0000000E+00
 hkr21c13                   2.61948        1.0000000E+00        0.0000000E+00
 hkr21c14                  7.356779        1.0000000E+00        0.0000000E+00
 hkr21c15                  5.614883        1.0000000E+00        0.0000000E+00
 hkr21c16                  2.505398        1.0000000E+00        0.0000000E+00
 hkr21c17                  36.82438        1.0000000E+00        0.0000000E+00
 hkr21c18                  6.893738        1.0000000E+00        0.0000000E+00
 hkr21c19                  6.135159        1.0000000E+00        0.0000000E+00
 hkr22c00                  16.64777        1.0000000E+00        0.0000000E+00
 hkr22c01                 0.3706654        1.0000000E+00        0.0000000E+00
 hkr22c02                  6.277165        1.0000000E+00        0.0000000E+00
 hkr22c03                  9.411745        1.0000000E+00        0.0000000E+00
 hkr22c04                  8.138686        1.0000000E+00        0.0000000E+00
 hkr22c06                  3.311742        1.0000000E+00        0.0000000E+00
 hkr22c07                  15.26761        1.0000000E+00        0.0000000E+00
 hkr22c08                  6.957671        1.0000000E+00        0.0000000E+00
 hkr22c09                 0.9202747        1.0000000E+00        0.0000000E+00
 hkr22c10                  1.196545        1.0000000E+00        0.0000000E+00
 hkr22c11                  9.961562        1.0000000E+00        0.0000000E+00
 hkr22c12                   3.70529        1.0000000E+00        0.0000000E+00
 hkr22c13                  17.61063        1.0000000E+00        0.0000000E+00
 hkr22c14                  10.74024        1.0000000E+00        0.0000000E+00
 hkr22c15                 0.6727981        1.0000000E+00        0.0000000E+00
 hkr22c16                  13.01158        1.0000000E+00        0.0000000E+00
 hkr22c17                  5.952633        1.0000000E+00        0.0000000E+00
 hkr22c18                  23.93186        1.0000000E+00        0.0000000E+00
 hkr22c19                  5.218253        1.0000000E+00        0.0000000E+00
 hkr23c00                  15.98476        1.0000000E+00        0.0000000E+00
 hkr23c01                  21.99703        1.0000000E+00        0.0000000E+00
 hkr23c02                   6.12782        1.0000000E+00        0.0000000E+00
 hkr23c03                  2.664687        1.0000000E+00        0.0000000E+00
 hkr23c04                  33.14611        1.0000000E+00        0.0000000E+00
 hkr23c05                  10.80668        1.0000000E+00        0.0000000E+00
 hkr23c06                  37.62418        1.0000000E+00        0.0000000E+00
 hkr23c07                  18.80934        1.0000000E+00        0.0000000E+00
 hkr23c08                  26.07812        1.0000000E+00        0.0000000E+00
 hkr23c09                   5.61326        1.0000000E+00        0.0000000E+00
 hkr23c10                  38.22392        1.0000000E+00        0.0000000E+00
 hkr23c11                 0.4094136        1.0000000E+00        0.0000000E+00
 hkr23c12                  23.09632        1.0000000E+00        0.0000000E+00
 hkr23c13                  9.285316        1.0000000E+00        0.0000000E+00
 hkr23c14                  3.247409        1.0000000E+00        0.0000000E+00
 hkr23c15                    2.3436        1.0000000E+00        0.0000000E+00
 hkr23c16                  1.891939        1.0000000E+00        0.0000000E+00
 hkr23c17                 0.6502928        1.0000000E+00        0.0000000E+00
 hkr23c18                  27.06544        1.0000000E+00        0.0000000E+00
 hkr23c19                  6.812574        1.0000000E+00        0.0000000E+00
 hkr24c00                  7.916598        1.0000000E+00        0.0000000E+00
 hkr24c01                  2.832058        1.0000000E+00        0.0000000E+00
 hkr24c02                  56.46459        1.0000000E+00        0.0000000E+00
 hkr24c03                  1.094859        1.0000000E+00        0.0000000E+00
 hkr24c04                  3.053197        1.0000000E+00        0.0000000E+00
 hkr24c05                  2.752495        1.0000000E+00        0.0000000E+00
 hkr24c06                  22.55418        1.0000000E+00        0.0000000E+00
 hkr24c07                  39.45163        1.0000000E+00        0.0000000E+00
 hkr24c08                  3.857981        1.0000000E+00        0.0000000E+00
 hkr24c09                  28.05933        1.0000000E+00        0.0000000E+00
 hkr24c10                  7.505411        1.0000000E+00        0.0000000E+00
 hkr24c11                  9.140311        1.0000000E+00        0.0000000E+00
 hkr24c12                  20.16844        1.0000000E+00        0.0000000E+00
 hkr24c13                  3.493304        1.0000000E+00        0.0000000E+00
 hkr24c14                  21.70227        1.0000000E+00        0.0000000E+00
 hkr24c15                  7.747892        1.0000000E+00        0.0000000E+00
 hkr24c16                  6.490885        1.0000000E+00        0.0000000E+00
 hkr24c17                   6.01416        1.0000000E+00        0.0000000E+00
 hkr24c18                  28.60369        1.0000000E+00        0.0000000E+00
 hkr24c19                  13.01636        1.0000000E+00        0.0000000E+00
 hkr25c00                  9.306867        1.0000000E+00        0.0000000E+00
 hkr25c01                  18.29571        1.0000000E+00        0.0000000E+00
 hkr25c02                  12.33209        1.0000000E+00        0.0000000E+00
 hkr25c03                  2.768272        1.0000000E+00        0.0000000E+00
 hkr25c04                  4.176261        1.0000000E+00        0.0000000E+00
 hkr25c05                  45.14859        1.0000000E+00        0.0000000E+00
 hkr25c06                  7.632155        1.0000000E+00        0.0000000E+00
 hkr25c07                  1.938372        1.0000000E+00        0.0000000E+00
 hkr25c08                   253.033        1.0000000E+00        0.0000000E+00
 hkr25c09                  5.727506        1.0000000E+00        0.0000000E+00
 hkr25c10                  10.62706        1.0000000E+00        0.0000000E+00
 hkr25c11                  1.931261        1.0000000E+00        0.0000000E+00
 hkr25c12                  1.279649        1.0000000E+00        0.0000000E+00
 hkr25c13                  1.690577        1.0000000E+00        0.0000000E+00
 hkr25c14                  12.70727        1.0000000E+00        0.0000000E+00
 hkr25c15                  45.15162        1.0000000E+00        0.0000000E+00
 hkr25c16                  2.748683        1.0000000E+00        0.0000000E+00
 hkr25c17                  13.50919        1.0000000E+00        0.0000000E+00
 hkr25c18                  2.404689        1.0000000E+00        0.0000000E+00
 hkr25c19                  2.651335        1.0000000E+00        0.0000000E+00
 hkr26c00                  40.56992        1.0000000E+00        0.0000000E+00
 hkr26c01                  5.031781        1.0000000E+00        0.0000000E+00
 hkr26c02                  2.389111        1.0000000E+00        0.0000000E+00
 hkr26c03                   10.8088        1.0000000E+00        0.0000000E+00
 hkr26c04                  6.157779        1.0000000E+00        0.0000000E+00
 hkr26c05                  21.23045        1.0000000E+00        0.0000000E+00
 hkr26c06                 0.9415112        1.0000000E+00        0.0000000E+00
 hkr26c07                 0.7474245        1.0000000E+00        0.0000000E+00
 hkr26c08                  8.226313        1.0000000E+00        0.0000000E+00
 hkr26c09                  14.27447        1.0000000E+00        0.0000000E+00
 hkr26c10                  3.074164        1.0000000E+00        0.0000000E+00
 hkr26c11                   6.69105        1.0000000E+00        0.0000000E+00
 hkr26c12                  4.632181        1.0000000E+00        0.0000000E+00
 hkr26c13                  4.485639        1.0000000E+00        0.0000000E+00
 hkr26c14                  5.467007        1.0000000E+00        0.0000000E+00
 hkr26c15                  3.057639        1.0000000E+00        0.0000000E+00
 hkr26c16                  19.62636        1.0000000E+00        0.0000000E+00
 hkr26c17                  5.859174        1.0000000E+00        0.0000000E+00
 hkr26c18                  3.179553        1.0000000E+00        0.0000000E+00
 hkr26c19                  17.08395        1.0000000E+00        0.0000000E+00
 hkr27c00                  4.528017        1.0000000E+00        0.0000000E+00
 hkr27c01                  10.06278        1.0000000E+00        0.0000000E+00
 hkr27c02                  8.078206        1.0000000E+00        0.0000000E+00
 hkr27c03                  1.078121        1.0000000E+00        0.0000000E+00
 hkr27c04                  11.07941        1.0000000E+00        0.0000000E+00
 hkr27c05                  7.256403        1.0000000E+00        0.0000000E+00
 hkr27c06                  3.661254        1.0000000E+00        0.0000000E+00
 hkr27c07                   53.7173        1.0000000E+00        0.0000000E+00
 hkr27c08                  126.6632        1.0000000E+00        0.0000000E+00
 hkr27c09                  18.85563        1.0000000E+00        0.0000000E+00
 hkr27c10                  0.418214        1.0000000E+00        0.0000000E+00
 hkr27c11                  10.57694        1.0000000E+00        0.0000000E+00
 hkr27c12                  9.325571        1.0000000E+00        0.0000000E+00
 hkr27c13                  1.812446        1.0000000E+00        0.0000000E+00
 hkr27c14                   16.3648        1.0000000E+00        0.0000000E+00
 hkr27c15                  1.667772        1.0000000E+00        0.0000000E+00
 hkr27c16                  9.199244        1.0000000E+00        0.0000000E+00
 hkr27c17                  3.837607        1.0000000E+00        0.0000000E+00
 hkr27c18                  1.859334        1.0000000E+00        0.0000000E+00
 hkr27c19                  3.767123        1.0000000E+00        0.0000000E+00
 hkr28c00                  12.01051        1.0000000E+00        0.0000000E+00
 hkr28c01                  4.965535        1.0000000E+00        0.0000000E+00
 hkr28c02                  73.09447        1.0000000E+00        0.0000000E+00
 hkr28c03                  12.03931        1.0000000E+00        0.0000000E+00
 hkr28c04                  2.811863        1.0000000E+00        0.0000000E+00
 hkr28c05                   6.26807        1.0000000E+00        0.0000000E+00
 hkr28c06                  5.797962        1.0000000E+00        0.0000000E+00
 hkr28c07                  6.458711        1.0000000E+00        0.0000000E+00
 hkr28c08                   8.51827        1.0000000E+00        0.0000000E+00
 hkr28c09                  13.52159        1.0000000E+00        0.0000000E+00
 hkr28c10                  19.63371        1.0000000E+00        0.0000000E+00
 hkr28c11                  4.528501        1.0000000E+00        0.0000000E+00
 hkr28c12                   1.40529        1.0000000E+00        0.0000000E+00
 hkr28c13                  5.099536        1.0000000E+00        0.0000000E+00
 hkr28c14                  20.84323        1.0000000E+00        0.0000000E+00
 hkr28c15                  8.487996        1.0000000E+00        0.0000000E+00
 hkr28c16                   2.43328        1.0000000E+00        0.0000000E+00
 hkr28c17                  4.543658        1.0000000E+00        0.0000000E+00
 hkr28c18                  7.191365        1.0000000E+00        0.0000000E+00
 hkr28c19                  4.415776        1.0000000E+00        0.0000000E+00
 hkr29c00                  57.01708        1.0000000E+00        0.0000000E+00
 hkr29c01                  3.244336        1.0000000E+00        0.0000000E+00
 hkr29c02                  2.264684        1.0000000E+00        0.0000000E+00
 hkr29c03                  5.273153        1.0000000E+00        0.0000000E+00
 hkr29c04                  7.829042        1.0000000E+00        0.0000000E+00
 hkr29c05                  35.41621        1.0000000E+00        0.0000000E+00
 hkr29c06                  6.482122        1.0000000E+00        0.0000000E+00
 hkr29c07                  7.449836        1.0000000E+00        0.0000000E+00
 hkr29c08                  2.665565        1.0000000E+00        0.0000000E+00
 hkr29c09                  2.376027        1.0000000E+00        0.0000000E+00
 hkr29c10                  3.875142        1.0000000E+00        0.0000000E+00
 hkr29c11                  46.53938        1.0000000E+00        0.0000000E+00
 hkr29c12                  16.04467        1.0000000E+00        0.0000000E+00
 hkr29c13                  4.439573        1.0000000E+00        0.0000000E+00
 hkr29c14                  1.184786        1.0000000E+00        0.0000000E+00
 hkr29c15                   6.24319        1.0000000E+00        0.0000000E+00
 hkr29c16                  23.24306        1.0000000E+00        0.0000000E+00
 hkr29c17                  2.191035        1.0000000E+00        0.0000000E+00
 hkr29c18                  13.90525        1.0000000E+00        0.0000000E+00
 hkr29c19                  29.75194        1.0000000E+00        0.0000000E+00
 hkr30c00                  9.936619        1.0000000E+00        0.0000000E+00
 hkr30c01                 0.8773051        1.0000000E+00        0.0000000E+00
 hkr30c02                  6.613992        1.0000000E+00        0.0000000E+00
 hkr30c03                   2.45262        1.0000000E+00        0.0000000E+00
 hkr30c04                  5.376643        1.0000000E+00        0.0000000E+00
 hkr30c05                  2.028302        1.0000000E+00        0.0000000E+00
 hkr30c06                  163.0195        1.0000000E+00        0.0000000E+00
 hkr30c07                  10.72855        1.0000000E+00        0.0000000E+00
 hkr30c08                  3.427914        1.0000000E+00        0.0000000E+00
 hkr30c09                  12.52657        1.0000000E+00        0.0000000E+00
 hkr30c10                  0.369635        1.0000000E+00        0.0000000E+00
 hkr30c11                   2.25763        1.0000000E+00        0.0000000E+00
 hkr30c12                  1.723482        1.0000000E+00        0.0000000E+00
 hkr30c13                  35.46461        1.0000000E+00        0.0000000E+00
 hkr30c14                  3.142143        1.0000000E+00        0.0000000E+00
 hkr30c15                  97.93333        1.0000000E+00        0.0000000E+00
 hkr30c16                  23.25895        1.0000000E+00        0.0000000E+00
 hkr30c17                  2.035833        1.0000000E+00        0.0000000E+00
 hkr30c18                    3.7327        1.0000000E+00        0.0000000E+00
 hkr30c19                  7.643637        1.0000000E+00        0.0000000E+00
 hkr31c00                  1.120376        1.0000000E+00        0.0000000E+00
 hkr31c01                  36.63891        1.0000000E+00        0.0000000E+00
 hkr31c02                  24.13741        1.0000000E+00        0.0000000E+00
 hkr31c03                  96.88521        1.0000000E+00        0.0000000E+00
 hkr31c04                  4.564661        1.0000000E+00        0.0000000E+00
 hkr31c05                  1.683419        1.0000000E+00        0.0000000E+00
 hkr31c06                  1.680564        1.0000000E+00        0.0000000E+00
 hkr31c07                  3.206741        1.0000000E+00        0.0000000E+00
 hkr31c08                  28.84874        1.0000000E+00        0.0000000E+00
 hkr31c09                  21.48017        1.0000000E+00        0.0000000E+00
 hkr31c10                  1.802453        1.0000000E+00        0.0000000E+00
 hkr31c11                  3.901775        1.0000000E+00        0.0000000E+00
 hkr31c12                  28.69091        1.0000000E+00        0.0000000E+00
 hkr31c13                  6.075322        1.0000000E+00        0.0000000E+00
 hkr31c14                  17.87704        1.0000000E+00        0.0000000E+00
 hkr31c15                  3.887632        1.0000000E+00        0.0000000E+00
 hkr31c16                  24.71558        1.0000000E+00        0.0000000E+00
 hkr31c17                 0.7605707        1.0000000E+00        0.0000000E+00
 hkr31c18                  4.158379        1.0000000E+00        0.0000000E+00
 hkr31c19                  4.924453        1.0000000E+00        0.0000000E+00
 hkr32c01                 0.6653534        1.0000000E+00        0.0000000E+00
 hkr32c02                  3.219054        1.0000000E+00        0.0000000E+00
 hkr32c03                  6.297086        1.0000000E+00        0.0000000E+00
 hkr32c04                  1.423665        1.0000000E+00        0.0000000E+00
 hkr32c05                  2.145929        1.0000000E+00        0.0000000E+00
 hkr32c06                  16.13934        1.0000000E+00        0.0000000E+00
 hkr32c07                  25.02404        1.0000000E+00        0.0000000E+00
 hkr32c08                  17.01611        1.0000000E+00        0.0000000E+00
 hkr32c09                   9.69902        1.0000000E+00        0.0000000E+00
 hkr32c10                  22.84417        1.0000000E+00        0.0000000E+00
 hkr32c11                  7.220212        1.0000000E+00        0.0000000E+00
 hkr32c12                  4.147775        1.0000000E+00        0.0000000E+00
 hkr32c13                  69.91113        1.0000000E+00        0.0000000E+00
 hkr32c14                  6.363559        1.0000000E+00        0.0000000E+00
 hkr32c15                  1.381763        1.0000000E+00        0.0000000E+00
 hkr32c16                  6.732789        1.0000000E+00        0.0000000E+00
 hkr32c17                  8.921218        1.0000000E+00        0.0000000E+00
 hkr32c18                  1.326111        1.0000000E+00        0.0000000E+00
 hkr32c19                  1.384412        1.0000000E+00        0.0000000E+00
 hkr33c02                  14.82259        1.0000000E+00        0.0000000E+00
 hkr33c03                  6.561709        1.0000000E+00        0.0000000E+00
 hkr33c04                  6.067508        1.0000000E+00        0.0000000E+00
 hkr33c05                  3.523865        1.0000000E+00        0.0000000E+00
 hkr33c06                  3.255175        1.0000000E+00        0.0000000E+00
 hkr33c07                  2.852276        1.0000000E+00        0.0000000E+00
 hkr33c08                  10.49989        1.0000000E+00        0.0000000E+00
 hkr33c09                  5.614506        1.0000000E+00        0.0000000E+00
 hkr33c10                  5.582003        1.0000000E+00        0.0000000E+00
 hkr33c11                  17.22786        1.0000000E+00        0.0000000E+00
 hkr33c12                  3.983796        1.0000000E+00        0.0000000E+00
 hkr33c13                  5.634627        1.0000000E+00        0.0000000E+00
 hkr33c14                  6.418718        1.0000000E+00        0.0000000E+00
 hkr33c15                  19.34422        1.0000000E+00        0.0000000E+00
 hkr33c16                  11.64399        1.0000000E+00        0.0000000E+00
 hkr33c17                  2.713616        1.0000000E+00        0.0000000E+00
 hkr33c18                  6.751607        1.0000000E+00        0.0000000E+00
 hkr33c19                  1.642385        1.0000000E+00        0.0000000E+00
 hkr34c03                  14.92001        1.0000000E+00        0.0000000E+00
 hkr34c04                  6.566009        1.0000000E+00        0.0000000E+00
 hkr34c05                   5.97761        1.0000000E+00        0.0000000E+00
 hkr34c06                  8.162789        1.0000000E+00        0.0000000E+00
 hkr34c07                  38.20155        1.0000000E+00        0.0000000E+00
 hkr34c08                  3.451944        1.0000000E+00        0.0000000E+00
 hkr34c09                  13.10359        1.0000000E+00        0.0000000E+00
 hkr34c10                  3.177785        1.0000000E+00        0.0000000E+00
 hkr34c11                  9.779614        1.0000000E+00        0.0000000E+00
 hkr34c12                  4.813548        1.0000000E+00        0.0000000E+00
 hkr34c13                  1.814263        1.0000000E+00        0.0000000E+00
 hkr34c14                  10.62203        1.0000000E+00        0.0000000E+00
 hkr34c15                  0.215342        1.0000000E+00        0.0000000E+00
 hkr34c16                  4.162395        1.0000000E+00        0.0000000E+00
 hkr34c17                  2.774006        1.0000000E+00        0.0000000E+00
 hkr34c18                  4.490521        1.0000000E+00        0.0000000E+00
 hkr34c19                   2.40744        1.0000000E+00        0.0000000E+00
 hkr35c04                   5.59423        1.0000000E+00        0.0000000E+00
 hkr35c05                  3.784097        1.0000000E+00        0.0000000E+00
 hkr35c06                  9.947232        1.0000000E+00        0.0000000E+00
 hkr35c07                  139.3781        1.0000000E+00        0.0000000E+00
 hkr35c08                  5.148667        1.0000000E+00        0.0000000E+00
 hkr35c09                  2.571127        1.0000000E+00        0.0000000E+00
 hkr35c10                  66.50596        1.0000000E+00        0.0000000E+00
 hkr35c11                  8.253892        1.0000000E+00        0.0000000E+00
 hkr35c12                  2.429237        1.0000000E+00        0.0000000E+00
 hkr35c13                  2.046809        1.0000000E+00        0.0000000E+00
 hkr35c14                  26.88218        1.0000000E+00        0.0000000E+00
 hkr35c15                  41.93931        1.0000000E+00        0.0000000E+00
 hkr35c16                  5.539435        1.0000000E+00        0.0000000E+00
 hkr35c17                  1.165485        1.0000000E+00        0.0000000E+00
 hkr35c18                  103.6655        1.0000000E+00        0.0000000E+00
 hkr36c04                  4.845106        1.0000000E+00        0.0000000E+00
 hkr36c05                   35.3761        1.0000000E+00        0.0000000E+00
 hkr36c06                  5.512429        1.0000000E+00        0.0000000E+00
 hkr36c07                  6.210979        1.0000000E+00        0.0000000E+00
 hkr36c08                  16.60424        1.0000000E+00        0.0000000E+00
 hkr36c09                  27.85302        1.0000000E+00        0.0000000E+00
 hkr36c10                  2.664067        1.0000000E+00        0.0000000E+00
 hkr36c11                 0.7142697        1.0000000E+00        0.0000000E+00
 hkr36c12                  9.938882        1.0000000E+00        0.0000000E+00
 hkr36c13                  3.812857        1.0000000E+00        0.0000000E+00
 hkr36c14                  11.70713        1.0000000E+00        0.0000000E+00
 hkr36c15                   17.9535        1.0000000E+00        0.0000000E+00
 hkr36c16                  7.853684        1.0000000E+00        0.0000000E+00
 hkr36c17                  10.78688        1.0000000E+00        0.0000000E+00
 hkr36c18                  9.339473        1.0000000E+00        0.0000000E+00
 hkr37c05                  101.4554        1.0000000E+00        0.0000000E+00
 hkr37c06                  1.890391        1.0000000E+00        0.0000000E+00
 hkr37c07                  10.45363        1.0000000E+00        0.0000000E+00
 hkr37c08                  5.456168        1.0000000E+00        0.0000000E+00
 hkr37c09                   1.42252        1.0000000E+00        0.0000000E+00
 hkr37c10                  22.91112        1.0000000E+00        0.0000000E+00
 hkr37c11                  94.48263        1.0000000E+00        0.0000000E+00
 hkr37c12                  17.85566        1.0000000E+00        0.0000000E+00
 hkr37c13                  51.56908        1.0000000E+00        0.0000000E+00
 hkr37c14                  8.404456        1.0000000E+00        0.0000000E+00
 hkr37c15                  6.684805        1.0000000E+00        0.0000000E+00
 hkr37c16                  97.83226        1.0000000E+00        0.0000000E+00
 hkr37c17                  1.073097        1.0000000E+00        0.0000000E+00
 hkr38c05                  6.405842        1.0000000E+00        0.0000000E+00
 hkr38c06                  10.51661        1.0000000E+00        0.0000000E+00
 hkr38c07                   4.72109        1.0000000E+00        0.0000000E+00
 hkr38c08                  9.656638        1.0000000E+00        0.0000000E+00
 hkr38c09                  9.933155        1.0000000E+00        0.0000000E+00
 hkr38c10                   91.2508        1.0000000E+00        0.0000000E+00
 hkr38c11                  6.971095        1.0000000E+00        0.0000000E+00
 hkr38c12                  9.641824        1.0000000E+00        0.0000000E+00
 hkr38c13                  1.539463        1.0000000E+00        0.0000000E+00
 hkr38c14                  1.190616        1.0000000E+00        0.0000000E+00
 hkr38c15                  7.164783        1.0000000E+00        0.0000000E+00
 hkr38c16                  4.168637        1.0000000E+00        0.0000000E+00
 hkr39c05                  10.73559        1.0000000E+00        0.0000000E+00
 hkr39c06                  33.74009        1.0000000E+00        0.0000000E+00
 hkr39c07                  6.860202        1.0000000E+00        0.0000000E+00
 hkr39c08                  4.786176        1.0000000E+00        0.0000000E+00
 hkr39c09                  9.200208        1.0000000E+00        0.0000000E+00
 hkr39c10                  42.58326        1.0000000E+00        0.0000000E+00
 hkr39c11                  1.420236        1.0000000E+00        0.0000000E+00
 hkr39c12                  62.87154        1.0000000E+00        0.0000000E+00
 hkr39c13                  12.36231        1.0000000E+00        0.0000000E+00
 hkr39c14                  100.3115        1.0000000E+00        0.0000000E+00
