single point
rch_1                    0.955442        1.0000000E+00        0.0000000E+00
rch_2                     1.15571        1.0000000E+00        0.0000000E+00
rcond00                  -5531.54        1.0000000E+00        0.0000000E+00
rcond01                   3008.35        1.0000000E+00        0.0000000E+00
rcond02                  -848.938        1.0000000E+00        0.0000000E+00
rcond03                   4821.22        1.0000000E+00        0.0000000E+00
rcond04                   11218.6        1.0000000E+00        0.0000000E+00
rcond05                   12508.7        1.0000000E+00        0.0000000E+00
rcond06                   18220.8        1.0000000E+00        0.0000000E+00
rcond07                  -237.649        1.0000000E+00        0.0000000E+00
rcond08                  -18141.7        1.0000000E+00        0.0000000E+00
rcond09                    4066.3        1.0000000E+00        0.0000000E+00
rcond10                   12995.5        1.0000000E+00        0.0000000E+00
rcond11                   16386.4        1.0000000E+00        0.0000000E+00
rcond12                   6847.31        1.0000000E+00        0.0000000E+00
rcond13                   12730.7        1.0000000E+00        0.0000000E+00
rcond14                  -1168.95        1.0000000E+00        0.0000000E+00
rcond15                  -4917.53        1.0000000E+00        0.0000000E+00
rcond16                  -20351.4        1.0000000E+00        0.0000000E+00
rcond17                    2020.7        1.0000000E+00        0.0000000E+00
rcond18                   26501.3        1.0000000E+00        0.0000000E+00
rcond19                   5776.68        1.0000000E+00        0.0000000E+00
rcond20                   4900.14        1.0000000E+00        0.0000000E+00
rcond21                  -7471.88        1.0000000E+00        0.0000000E+00
rcond22                   107.687        1.0000000E+00        0.0000000E+00
rcond23                   14119.3        1.0000000E+00        0.0000000E+00
rcond24                   9263.39        1.0000000E+00        0.0000000E+00
rcond25                  -15171.9        1.0000000E+00        0.0000000E+00
rcond26                   3101.54        1.0000000E+00        0.0000000E+00
rcond27                   11337.2        1.0000000E+00        0.0000000E+00
rcond28                   -2482.9        1.0000000E+00        0.0000000E+00
rcond29                   17685.6        1.0000000E+00        0.0000000E+00
rcond30                   112.428        1.0000000E+00        0.0000000E+00
rcond31                   8395.32        1.0000000E+00        0.0000000E+00
rcond32                   12438.3        1.0000000E+00        0.0000000E+00
rcond33                   5322.47        1.0000000E+00        0.0000000E+00
rcond34                  -7694.87        1.0000000E+00        0.0000000E+00
rcond35                   9653.28        1.0000000E+00        0.0000000E+00
rcond36                   7067.55        1.0000000E+00        0.0000000E+00
rcond37                  -20558.8        1.0000000E+00        0.0000000E+00
rcond38                   15764.4        1.0000000E+00        0.0000000E+00
rcond39                  -6113.01        1.0000000E+00        0.0000000E+00
ss                   -0.000190228        1.0000000E+00        0.0000000E+00
sy                      0.0210555        1.0000000E+00        0.0000000E+00
wf1_1                     660.244        1.0000000E+00        0.0000000E+00
wf2_1                     360.742        1.0000000E+00        0.0000000E+00
wf3_1                     293.094        1.0000000E+00        0.0000000E+00
wf4_1                     75.6093        1.0000000E+00        0.0000000E+00
wf5_1                     62.4861        1.0000000E+00        0.0000000E+00
wf6_1                      386.04        1.0000000E+00        0.0000000E+00
wf1_2                     440.104        1.0000000E+00        0.0000000E+00
wf2_2                     270.968        1.0000000E+00        0.0000000E+00
wf3_2                     516.138        1.0000000E+00        0.0000000E+00
wf4_2                       62.24        1.0000000E+00        0.0000000E+00
wf5_2                     63.1377        1.0000000E+00        0.0000000E+00
wf6_2                     441.645        1.0000000E+00        0.0000000E+00
hkr00c00                  14.7506        1.0000000E+00        0.0000000E+00
hkr00c01                 -6.56821        1.0000000E+00        0.0000000E+00
hkr00c02                -0.653426        1.0000000E+00        0.0000000E+00
hkr00c03                  16.8125        1.0000000E+00        0.0000000E+00
hkr00c04                 -7.81897        1.0000000E+00        0.0000000E+00
hkr00c05                  1.69667        1.0000000E+00        0.0000000E+00
hkr00c06                  17.2735        1.0000000E+00        0.0000000E+00
hkr00c07                  4.65157        1.0000000E+00        0.0000000E+00
hkr00c08                 -16.2053        1.0000000E+00        0.0000000E+00
hkr00c09                  2.24754        1.0000000E+00        0.0000000E+00
hkr00c10                  2.37338        1.0000000E+00        0.0000000E+00
hkr00c11                  34.1235        1.0000000E+00        0.0000000E+00
hkr00c12                   1.0317        1.0000000E+00        0.0000000E+00
hkr00c13                  37.1944        1.0000000E+00        0.0000000E+00
hkr00c14                  10.6423        1.0000000E+00        0.0000000E+00
hkr00c15                 -7.48848        1.0000000E+00        0.0000000E+00
hkr00c16                 -4.36563        1.0000000E+00        0.0000000E+00
hkr00c17                  33.5321        1.0000000E+00        0.0000000E+00
hkr00c18                  26.5481        1.0000000E+00        0.0000000E+00
hkr00c19                 -2.01719        1.0000000E+00        0.0000000E+00
hkr01c00                  10.1006        1.0000000E+00        0.0000000E+00
hkr01c01                  19.2822        1.0000000E+00        0.0000000E+00
hkr01c02                 -21.2028        1.0000000E+00        0.0000000E+00
hkr01c03                 -1.59022        1.0000000E+00        0.0000000E+00
hkr01c04                 0.596574        1.0000000E+00        0.0000000E+00
hkr01c05                 -17.7232        1.0000000E+00        0.0000000E+00
hkr01c06                 -8.35359        1.0000000E+00        0.0000000E+00
hkr01c07                  11.5366        1.0000000E+00        0.0000000E+00
hkr01c08                  19.0107        1.0000000E+00        0.0000000E+00
hkr01c09                  9.13603        1.0000000E+00        0.0000000E+00
hkr01c10                 -7.49908        1.0000000E+00        0.0000000E+00
hkr01c11                 -4.94562        1.0000000E+00        0.0000000E+00
hkr01c12                  5.96556        1.0000000E+00        0.0000000E+00
hkr01c13                 -3.77659        1.0000000E+00        0.0000000E+00
hkr01c14                  15.0254        1.0000000E+00        0.0000000E+00
hkr01c15                   4.0887        1.0000000E+00        0.0000000E+00
hkr01c16                  16.6564        1.0000000E+00        0.0000000E+00
hkr01c17                  9.76536        1.0000000E+00        0.0000000E+00
hkr01c18                  4.70488        1.0000000E+00        0.0000000E+00
hkr01c19                 -7.58265        1.0000000E+00        0.0000000E+00
hkr02c00                 -13.6752        1.0000000E+00        0.0000000E+00
hkr02c01                  11.6287        1.0000000E+00        0.0000000E+00
hkr02c02                   4.1882        1.0000000E+00        0.0000000E+00
hkr02c03                 -13.5111        1.0000000E+00        0.0000000E+00
hkr02c04                  21.8422        1.0000000E+00        0.0000000E+00
hkr02c05                 -12.2951        1.0000000E+00        0.0000000E+00
hkr02c06                  13.1798        1.0000000E+00        0.0000000E+00
hkr02c07                  3.67349        1.0000000E+00        0.0000000E+00
hkr02c08                  54.4235        1.0000000E+00        0.0000000E+00
hkr02c09                  7.64009        1.0000000E+00        0.0000000E+00
hkr02c10                 0.348863        1.0000000E+00        0.0000000E+00
hkr02c11                 -16.3344        1.0000000E+00        0.0000000E+00
hkr02c12                 -7.19635        1.0000000E+00        0.0000000E+00
hkr02c13                  2.45697        1.0000000E+00        0.0000000E+00
hkr02c14                 -2.89327        1.0000000E+00        0.0000000E+00
hkr02c15                   1.2606        1.0000000E+00        0.0000000E+00
hkr02c16                  18.6846        1.0000000E+00        0.0000000E+00
hkr02c17                  1.87437        1.0000000E+00        0.0000000E+00
hkr02c18                  26.1232        1.0000000E+00        0.0000000E+00
hkr02c19                  7.54286        1.0000000E+00        0.0000000E+00
hkr03c00                 -9.43053        1.0000000E+00        0.0000000E+00
hkr03c01                 -11.8085        1.0000000E+00        0.0000000E+00
hkr03c02                   14.501        1.0000000E+00        0.0000000E+00
hkr03c03                 0.757797        1.0000000E+00        0.0000000E+00
hkr03c04                 -12.7563        1.0000000E+00        0.0000000E+00
hkr03c05                  1.42867        1.0000000E+00        0.0000000E+00
hkr03c06                  7.83732        1.0000000E+00        0.0000000E+00
hkr03c07                 -3.28513        1.0000000E+00        0.0000000E+00
hkr03c08                  21.4049        1.0000000E+00        0.0000000E+00
hkr03c09                  25.5562        1.0000000E+00        0.0000000E+00
hkr03c10                  14.1575        1.0000000E+00        0.0000000E+00
hkr03c11                  20.7285        1.0000000E+00        0.0000000E+00
hkr03c12                 -15.9793        1.0000000E+00        0.0000000E+00
hkr03c13                 -4.81951        1.0000000E+00        0.0000000E+00
hkr03c14                 -4.17446        1.0000000E+00        0.0000000E+00
hkr03c15                  5.20287        1.0000000E+00        0.0000000E+00
hkr03c16                 -13.6053        1.0000000E+00        0.0000000E+00
hkr03c17                 -12.4276        1.0000000E+00        0.0000000E+00
hkr03c18                  13.6377        1.0000000E+00        0.0000000E+00
hkr03c19                  21.4521        1.0000000E+00        0.0000000E+00
hkr04c00                 -14.2344        1.0000000E+00        0.0000000E+00
hkr04c01                  1.50784        1.0000000E+00        0.0000000E+00
hkr04c02                 -18.0121        1.0000000E+00        0.0000000E+00
hkr04c03                  22.2767        1.0000000E+00        0.0000000E+00
hkr04c04                  9.29483        1.0000000E+00        0.0000000E+00
hkr04c05                  16.8377        1.0000000E+00        0.0000000E+00
hkr04c06                 -27.2623        1.0000000E+00        0.0000000E+00
hkr04c07                  11.3752        1.0000000E+00        0.0000000E+00
hkr04c08                   5.2389        1.0000000E+00        0.0000000E+00
hkr04c09                  29.1145        1.0000000E+00        0.0000000E+00
hkr04c10                  8.52067        1.0000000E+00        0.0000000E+00
hkr04c11                   1.3864        1.0000000E+00        0.0000000E+00
hkr04c12                  12.1787        1.0000000E+00        0.0000000E+00
hkr04c13                  27.7448        1.0000000E+00        0.0000000E+00
hkr04c14                 -6.97089        1.0000000E+00        0.0000000E+00
hkr04c15                 -2.55208        1.0000000E+00        0.0000000E+00
hkr04c16                0.0426322        1.0000000E+00        0.0000000E+00
hkr04c17                  15.0188        1.0000000E+00        0.0000000E+00
hkr04c18                  26.7007        1.0000000E+00        0.0000000E+00
hkr04c19                  3.27579        1.0000000E+00        0.0000000E+00
hkr05c00                  35.5004        1.0000000E+00        0.0000000E+00
hkr05c01                  4.01557        1.0000000E+00        0.0000000E+00
hkr05c02                  34.2223        1.0000000E+00        0.0000000E+00
hkr05c03                 -25.1567        1.0000000E+00        0.0000000E+00
hkr05c04                 -24.2061        1.0000000E+00        0.0000000E+00
hkr05c05                  19.9351        1.0000000E+00        0.0000000E+00
hkr05c06                 -7.08635        1.0000000E+00        0.0000000E+00
hkr05c07                 -1.45526        1.0000000E+00        0.0000000E+00
hkr05c08                 -4.12979        1.0000000E+00        0.0000000E+00
hkr05c09                  1.82121        1.0000000E+00        0.0000000E+00
hkr05c10                 -4.97155        1.0000000E+00        0.0000000E+00
hkr05c11                  -21.755        1.0000000E+00        0.0000000E+00
hkr05c12                  7.25277        1.0000000E+00        0.0000000E+00
hkr05c13                  2.43073        1.0000000E+00        0.0000000E+00
hkr05c14                   32.464        1.0000000E+00        0.0000000E+00
hkr05c15                 -26.2848        1.0000000E+00        0.0000000E+00
hkr05c16                  13.2846        1.0000000E+00        0.0000000E+00
hkr05c17                  18.0451        1.0000000E+00        0.0000000E+00
hkr05c18                  27.8701        1.0000000E+00        0.0000000E+00
hkr05c19                  34.1079        1.0000000E+00        0.0000000E+00
hkr06c00                  43.3877        1.0000000E+00        0.0000000E+00
hkr06c01                 -16.7962        1.0000000E+00        0.0000000E+00
hkr06c02                  10.3555        1.0000000E+00        0.0000000E+00
hkr06c03                  14.3186        1.0000000E+00        0.0000000E+00
hkr06c04                  23.5708        1.0000000E+00        0.0000000E+00
hkr06c05                  29.8593        1.0000000E+00        0.0000000E+00
hkr06c06                 -1.01595        1.0000000E+00        0.0000000E+00
hkr06c07                 -11.3709        1.0000000E+00        0.0000000E+00
hkr06c08                   1.8204        1.0000000E+00        0.0000000E+00
hkr06c09                  4.88359        1.0000000E+00        0.0000000E+00
hkr06c10                  8.46916        1.0000000E+00        0.0000000E+00
hkr06c11                  8.16936        1.0000000E+00        0.0000000E+00
hkr06c12                  4.32416        1.0000000E+00        0.0000000E+00
hkr06c13                  4.00542        1.0000000E+00        0.0000000E+00
hkr06c14                  6.82479        1.0000000E+00        0.0000000E+00
hkr06c15                 -4.30319        1.0000000E+00        0.0000000E+00
hkr06c16                 -2.25592        1.0000000E+00        0.0000000E+00
hkr06c17                  17.2258        1.0000000E+00        0.0000000E+00
hkr06c18                 -24.2212        1.0000000E+00        0.0000000E+00
hkr06c19                  38.7115        1.0000000E+00        0.0000000E+00
hkr07c00                 -3.31838        1.0000000E+00        0.0000000E+00
hkr07c01                -0.236716        1.0000000E+00        0.0000000E+00
hkr07c02                 -9.83012        1.0000000E+00        0.0000000E+00
hkr07c03                  18.0345        1.0000000E+00        0.0000000E+00
hkr07c04                  11.5292        1.0000000E+00        0.0000000E+00
hkr07c05                 -6.62151        1.0000000E+00        0.0000000E+00
hkr07c06                  6.60611        1.0000000E+00        0.0000000E+00
hkr07c07                 -17.8185        1.0000000E+00        0.0000000E+00
hkr07c08                  1.28784        1.0000000E+00        0.0000000E+00
hkr07c09                 -11.9468        1.0000000E+00        0.0000000E+00
hkr07c10                  29.8837        1.0000000E+00        0.0000000E+00
hkr07c11                  10.3861        1.0000000E+00        0.0000000E+00
hkr07c12                  16.2032        1.0000000E+00        0.0000000E+00
hkr07c13                 -11.4315        1.0000000E+00        0.0000000E+00
hkr07c14                  42.9857        1.0000000E+00        0.0000000E+00
hkr07c15                  19.5503        1.0000000E+00        0.0000000E+00
hkr07c16                 -4.56085        1.0000000E+00        0.0000000E+00
hkr07c17                  3.41582        1.0000000E+00        0.0000000E+00
hkr07c18                  10.9623        1.0000000E+00        0.0000000E+00
hkr07c19                  11.7637        1.0000000E+00        0.0000000E+00
hkr08c00                   22.534        1.0000000E+00        0.0000000E+00
hkr08c01                  5.07299        1.0000000E+00        0.0000000E+00
hkr08c02                  40.5226        1.0000000E+00        0.0000000E+00
hkr08c03                 -1.13299        1.0000000E+00        0.0000000E+00
hkr08c07                 -9.30384        1.0000000E+00        0.0000000E+00
hkr08c08                  11.7683        1.0000000E+00        0.0000000E+00
hkr08c09                  -30.893        1.0000000E+00        0.0000000E+00
hkr08c10                  17.9359        1.0000000E+00        0.0000000E+00
hkr08c11                   9.3503        1.0000000E+00        0.0000000E+00
hkr08c12                 -2.33027        1.0000000E+00        0.0000000E+00
hkr08c13                  15.8201        1.0000000E+00        0.0000000E+00
hkr08c14                  11.6653        1.0000000E+00        0.0000000E+00
hkr08c15                  1.43188        1.0000000E+00        0.0000000E+00
hkr08c16                 -9.19547        1.0000000E+00        0.0000000E+00
hkr08c17                 -24.1095        1.0000000E+00        0.0000000E+00
hkr08c18                  31.8633        1.0000000E+00        0.0000000E+00
hkr08c19                 -14.3018        1.0000000E+00        0.0000000E+00
hkr09c00                  8.41837        1.0000000E+00        0.0000000E+00
hkr09c01                 -12.1183        1.0000000E+00        0.0000000E+00
hkr09c02                  2.96925        1.0000000E+00        0.0000000E+00
hkr09c03                  1.10529        1.0000000E+00        0.0000000E+00
hkr09c08                  4.17615        1.0000000E+00        0.0000000E+00
hkr09c09                 -9.13112        1.0000000E+00        0.0000000E+00
hkr09c10                  11.4292        1.0000000E+00        0.0000000E+00
hkr09c11                  1.23927        1.0000000E+00        0.0000000E+00
hkr09c12                  5.66128        1.0000000E+00        0.0000000E+00
hkr09c13                 -15.3829        1.0000000E+00        0.0000000E+00
hkr09c14                 -11.5907        1.0000000E+00        0.0000000E+00
hkr09c15                 -4.73634        1.0000000E+00        0.0000000E+00
hkr09c16                  8.98683        1.0000000E+00        0.0000000E+00
hkr09c17                  22.2336        1.0000000E+00        0.0000000E+00
hkr09c18                  4.66975        1.0000000E+00        0.0000000E+00
hkr09c19                   -5.368        1.0000000E+00        0.0000000E+00
hkr10c00                  20.3725        1.0000000E+00        0.0000000E+00
hkr10c01                  8.39508        1.0000000E+00        0.0000000E+00
hkr10c02                   6.0371        1.0000000E+00        0.0000000E+00
hkr10c03                  12.0323        1.0000000E+00        0.0000000E+00
hkr10c08                  5.58196        1.0000000E+00        0.0000000E+00
hkr10c09                -0.710266        1.0000000E+00        0.0000000E+00
hkr10c10                   7.9662        1.0000000E+00        0.0000000E+00
hkr10c11                  30.3552        1.0000000E+00        0.0000000E+00
hkr10c12                   17.481        1.0000000E+00        0.0000000E+00
hkr10c13                 -4.88646        1.0000000E+00        0.0000000E+00
hkr10c14                  -2.2695        1.0000000E+00        0.0000000E+00
hkr10c15                  26.1652        1.0000000E+00        0.0000000E+00
hkr10c16                  2.97752        1.0000000E+00        0.0000000E+00
hkr10c17                  8.79138        1.0000000E+00        0.0000000E+00
hkr10c18               -0.0810897        1.0000000E+00        0.0000000E+00
hkr10c19                  6.46652        1.0000000E+00        0.0000000E+00
hkr11c00                   12.062        1.0000000E+00        0.0000000E+00
hkr11c01                  52.1863        1.0000000E+00        0.0000000E+00
hkr11c02                 -6.63092        1.0000000E+00        0.0000000E+00
hkr11c03                 -3.47482        1.0000000E+00        0.0000000E+00
hkr11c08                  5.18458        1.0000000E+00        0.0000000E+00
hkr11c09                  15.8745        1.0000000E+00        0.0000000E+00
hkr11c10                 -7.79758        1.0000000E+00        0.0000000E+00
hkr11c11                  13.0594        1.0000000E+00        0.0000000E+00
hkr11c12                   13.887        1.0000000E+00        0.0000000E+00
hkr11c13                   30.098        1.0000000E+00        0.0000000E+00
hkr11c14                -0.544212        1.0000000E+00        0.0000000E+00
hkr11c15                  22.2999        1.0000000E+00        0.0000000E+00
hkr11c16                  37.6934        1.0000000E+00        0.0000000E+00
hkr11c17                  -18.292        1.0000000E+00        0.0000000E+00
hkr11c18                 -20.8162        1.0000000E+00        0.0000000E+00
hkr11c19                 -2.90614        1.0000000E+00        0.0000000E+00
hkr12c00                 -8.99209        1.0000000E+00        0.0000000E+00
hkr12c01                  6.69801        1.0000000E+00        0.0000000E+00
hkr12c02                  22.8797        1.0000000E+00        0.0000000E+00
hkr12c03                  9.65783        1.0000000E+00        0.0000000E+00
hkr12c08                 -5.76978        1.0000000E+00        0.0000000E+00
hkr12c09                 -2.98196        1.0000000E+00        0.0000000E+00
hkr12c10                  15.0615        1.0000000E+00        0.0000000E+00
hkr12c11                 -27.8515        1.0000000E+00        0.0000000E+00
hkr12c12                  6.15517        1.0000000E+00        0.0000000E+00
hkr12c13                  10.0123        1.0000000E+00        0.0000000E+00
hkr12c14                  7.46346        1.0000000E+00        0.0000000E+00
hkr12c15                 -1.12212        1.0000000E+00        0.0000000E+00
hkr12c16                  18.3202        1.0000000E+00        0.0000000E+00
hkr12c17                 -5.70513        1.0000000E+00        0.0000000E+00
hkr12c18                   23.113        1.0000000E+00        0.0000000E+00
hkr12c19                 -13.0512        1.0000000E+00        0.0000000E+00
hkr13c00                  6.77187        1.0000000E+00        0.0000000E+00
hkr13c01                  8.94495        1.0000000E+00        0.0000000E+00
hkr13c02                 -13.3522        1.0000000E+00        0.0000000E+00
hkr13c03                 -9.12535        1.0000000E+00        0.0000000E+00
hkr13c08                  25.6671        1.0000000E+00        0.0000000E+00
hkr13c09                  18.4543        1.0000000E+00        0.0000000E+00
hkr13c10                  22.8011        1.0000000E+00        0.0000000E+00
hkr13c11                  15.9716        1.0000000E+00        0.0000000E+00
hkr13c12                 -12.5142        1.0000000E+00        0.0000000E+00
hkr13c13                -0.524527        1.0000000E+00        0.0000000E+00
hkr13c14                 -11.5147        1.0000000E+00        0.0000000E+00
hkr13c15                  2.59879        1.0000000E+00        0.0000000E+00
hkr13c16                  -3.0082        1.0000000E+00        0.0000000E+00
hkr13c17                 -13.4708        1.0000000E+00        0.0000000E+00
hkr13c18                  16.3207        1.0000000E+00        0.0000000E+00
hkr13c19                  29.9705        1.0000000E+00        0.0000000E+00
hkr14c00                  6.53549        1.0000000E+00        0.0000000E+00
hkr14c01                  13.3162        1.0000000E+00        0.0000000E+00
hkr14c02                  5.11548        1.0000000E+00        0.0000000E+00
hkr14c03                  11.9213        1.0000000E+00        0.0000000E+00
hkr14c08                 -8.72304        1.0000000E+00        0.0000000E+00
hkr14c09                  25.8473        1.0000000E+00        0.0000000E+00
hkr14c10                 -18.0879        1.0000000E+00        0.0000000E+00
hkr14c11                 -1.63507        1.0000000E+00        0.0000000E+00
hkr14c12                   -4.398        1.0000000E+00        0.0000000E+00
hkr14c13                  9.93148        1.0000000E+00        0.0000000E+00
hkr14c14                   8.4566        1.0000000E+00        0.0000000E+00
hkr14c15                  20.3374        1.0000000E+00        0.0000000E+00
hkr14c16                  -1.6951        1.0000000E+00        0.0000000E+00
hkr14c17                  28.1816        1.0000000E+00        0.0000000E+00
hkr14c18                 -8.35599        1.0000000E+00        0.0000000E+00
hkr14c19                 -4.08201        1.0000000E+00        0.0000000E+00
hkr15c00                 -2.15367        1.0000000E+00        0.0000000E+00
hkr15c01                  3.87553        1.0000000E+00        0.0000000E+00
hkr15c02                  18.9739        1.0000000E+00        0.0000000E+00
hkr15c03                  33.0241        1.0000000E+00        0.0000000E+00
hkr15c08                  12.2676        1.0000000E+00        0.0000000E+00
hkr15c09                  15.3435        1.0000000E+00        0.0000000E+00
hkr15c10                   6.8922        1.0000000E+00        0.0000000E+00
hkr15c11                  4.53802        1.0000000E+00        0.0000000E+00
hkr15c12                   11.137        1.0000000E+00        0.0000000E+00
hkr15c13                -0.967443        1.0000000E+00        0.0000000E+00
hkr15c14                  10.4917        1.0000000E+00        0.0000000E+00
hkr15c15                  5.41548        1.0000000E+00        0.0000000E+00
hkr15c16                  13.3428        1.0000000E+00        0.0000000E+00
hkr15c17                  13.0695        1.0000000E+00        0.0000000E+00
hkr15c18                 0.681978        1.0000000E+00        0.0000000E+00
hkr15c19                 -15.7357        1.0000000E+00        0.0000000E+00
hkr16c00                  5.99298        1.0000000E+00        0.0000000E+00
hkr16c01                  39.0467        1.0000000E+00        0.0000000E+00
hkr16c02                 -5.16688        1.0000000E+00        0.0000000E+00
hkr16c03                  21.5373        1.0000000E+00        0.0000000E+00
hkr16c08                 -7.86009        1.0000000E+00        0.0000000E+00
hkr16c09                  18.1706        1.0000000E+00        0.0000000E+00
hkr16c10                 -24.2201        1.0000000E+00        0.0000000E+00
hkr16c11                 -4.29037        1.0000000E+00        0.0000000E+00
hkr16c12                  6.51136        1.0000000E+00        0.0000000E+00
hkr16c13                 -16.9752        1.0000000E+00        0.0000000E+00
hkr16c14                  2.90027        1.0000000E+00        0.0000000E+00
hkr16c15                -0.120681        1.0000000E+00        0.0000000E+00
hkr16c16                  1.20333        1.0000000E+00        0.0000000E+00
hkr16c17                  3.32697        1.0000000E+00        0.0000000E+00
hkr16c18                  15.6761        1.0000000E+00        0.0000000E+00
hkr16c19                 -6.14305        1.0000000E+00        0.0000000E+00
hkr17c00                  -8.9895        1.0000000E+00        0.0000000E+00
hkr17c01                  20.3905        1.0000000E+00        0.0000000E+00
hkr17c02                  2.02325        1.0000000E+00        0.0000000E+00
hkr17c03                 -8.35114        1.0000000E+00        0.0000000E+00
hkr17c08                 -21.6105        1.0000000E+00        0.0000000E+00
hkr17c09                  2.90492        1.0000000E+00        0.0000000E+00
hkr17c10                  -17.893        1.0000000E+00        0.0000000E+00
hkr17c11                   5.3256        1.0000000E+00        0.0000000E+00
hkr17c12                 -33.4461        1.0000000E+00        0.0000000E+00
hkr17c13                  19.3872        1.0000000E+00        0.0000000E+00
hkr17c14                 -5.60754        1.0000000E+00        0.0000000E+00
hkr17c15                 -30.4284        1.0000000E+00        0.0000000E+00
hkr17c16                  8.86149        1.0000000E+00        0.0000000E+00
hkr17c17                  16.1284        1.0000000E+00        0.0000000E+00
hkr17c18                  16.0327        1.0000000E+00        0.0000000E+00
hkr17c19                 -18.9248        1.0000000E+00        0.0000000E+00
hkr18c00                 -16.5481        1.0000000E+00        0.0000000E+00
hkr18c01                  28.0959        1.0000000E+00        0.0000000E+00
hkr18c02                  10.2283        1.0000000E+00        0.0000000E+00
hkr18c03                  23.0063        1.0000000E+00        0.0000000E+00
hkr18c08                 0.250639        1.0000000E+00        0.0000000E+00
hkr18c09                  22.3696        1.0000000E+00        0.0000000E+00
hkr18c10                  15.9697        1.0000000E+00        0.0000000E+00
hkr18c11                 -18.2726        1.0000000E+00        0.0000000E+00
hkr18c12                  10.1088        1.0000000E+00        0.0000000E+00
hkr18c13                  15.1839        1.0000000E+00        0.0000000E+00
hkr18c14                 -5.93622        1.0000000E+00        0.0000000E+00
hkr18c15                 -5.39696        1.0000000E+00        0.0000000E+00
hkr18c16                 -3.54851        1.0000000E+00        0.0000000E+00
hkr18c17                   -7.022        1.0000000E+00        0.0000000E+00
hkr18c18                   5.9795        1.0000000E+00        0.0000000E+00
hkr18c19                 -16.5699        1.0000000E+00        0.0000000E+00
hkr19c00                 -5.90317        1.0000000E+00        0.0000000E+00
hkr19c01                  13.1441        1.0000000E+00        0.0000000E+00
hkr19c02                  1.42517        1.0000000E+00        0.0000000E+00
hkr19c03                  4.59681        1.0000000E+00        0.0000000E+00
hkr19c08                 -9.21063        1.0000000E+00        0.0000000E+00
hkr19c09                  9.13857        1.0000000E+00        0.0000000E+00
hkr19c10                 -13.7886        1.0000000E+00        0.0000000E+00
hkr19c11                  36.3692        1.0000000E+00        0.0000000E+00
hkr19c12                   31.875        1.0000000E+00        0.0000000E+00
hkr19c13                  7.97346        1.0000000E+00        0.0000000E+00
hkr19c14                 -5.37561        1.0000000E+00        0.0000000E+00
hkr19c15                 0.108422        1.0000000E+00        0.0000000E+00
hkr19c16                  17.8681        1.0000000E+00        0.0000000E+00
hkr19c17                  9.16731        1.0000000E+00        0.0000000E+00
hkr19c18                  21.9831        1.0000000E+00        0.0000000E+00
hkr19c19                  16.5759        1.0000000E+00        0.0000000E+00
hkr20c00                  5.06666        1.0000000E+00        0.0000000E+00
hkr20c01                  11.0901        1.0000000E+00        0.0000000E+00
hkr20c02                  5.82909        1.0000000E+00        0.0000000E+00
hkr20c03                  16.7292        1.0000000E+00        0.0000000E+00
hkr20c08                  1.49353        1.0000000E+00        0.0000000E+00
hkr20c09                  29.2332        1.0000000E+00        0.0000000E+00
hkr20c10                  25.8418        1.0000000E+00        0.0000000E+00
hkr20c11                 -26.3325        1.0000000E+00        0.0000000E+00
hkr20c12                   7.5644        1.0000000E+00        0.0000000E+00
hkr20c13                  5.99778        1.0000000E+00        0.0000000E+00
hkr20c14                  30.7348        1.0000000E+00        0.0000000E+00
hkr20c15                 -5.21572        1.0000000E+00        0.0000000E+00
hkr20c16                 -8.90318        1.0000000E+00        0.0000000E+00
hkr20c17                  12.6981        1.0000000E+00        0.0000000E+00
hkr20c18                  9.77567        1.0000000E+00        0.0000000E+00
hkr20c19                  16.9436        1.0000000E+00        0.0000000E+00
hkr21c00                  -2.3594        1.0000000E+00        0.0000000E+00
hkr21c01                 -21.7562        1.0000000E+00        0.0000000E+00
hkr21c02                  -1.6275        1.0000000E+00        0.0000000E+00
hkr21c03                 -11.5573        1.0000000E+00        0.0000000E+00
hkr21c06                  13.2812        1.0000000E+00        0.0000000E+00
hkr21c07                  15.3476        1.0000000E+00        0.0000000E+00
hkr21c08                  5.10999        1.0000000E+00        0.0000000E+00
hkr21c09                  -7.3313        1.0000000E+00        0.0000000E+00
hkr21c10                   19.131        1.0000000E+00        0.0000000E+00
hkr21c11                  10.5344        1.0000000E+00        0.0000000E+00
hkr21c12                 -9.05375        1.0000000E+00        0.0000000E+00
hkr21c13                -0.146905        1.0000000E+00        0.0000000E+00
hkr21c14                   8.3854        1.0000000E+00        0.0000000E+00
hkr21c15                 -11.1493        1.0000000E+00        0.0000000E+00
hkr21c16                  16.5653        1.0000000E+00        0.0000000E+00
hkr21c17                  7.86312        1.0000000E+00        0.0000000E+00
hkr21c18                 0.225247        1.0000000E+00        0.0000000E+00
hkr21c19                 -1.51277        1.0000000E+00        0.0000000E+00
hkr22c00                  14.4695        1.0000000E+00        0.0000000E+00
hkr22c01                 -10.9544        1.0000000E+00        0.0000000E+00
hkr22c02                  13.1593        1.0000000E+00        0.0000000E+00
hkr22c03                 -17.3751        1.0000000E+00        0.0000000E+00
hkr22c04                  2.47747        1.0000000E+00        0.0000000E+00
hkr22c06                 -23.5438        1.0000000E+00        0.0000000E+00
hkr22c07                 -8.85371        1.0000000E+00        0.0000000E+00
hkr22c08                  -18.205        1.0000000E+00        0.0000000E+00
hkr22c09                 -3.93852        1.0000000E+00        0.0000000E+00
hkr22c10                 0.751586        1.0000000E+00        0.0000000E+00
hkr22c11                 -20.4953        1.0000000E+00        0.0000000E+00
hkr22c12                  16.0286        1.0000000E+00        0.0000000E+00
hkr22c13                  10.6659        1.0000000E+00        0.0000000E+00
hkr22c14                  14.2974        1.0000000E+00        0.0000000E+00
hkr22c15                  27.4258        1.0000000E+00        0.0000000E+00
hkr22c16                  15.0323        1.0000000E+00        0.0000000E+00
hkr22c17                -0.443197        1.0000000E+00        0.0000000E+00
hkr22c18                 -5.71684        1.0000000E+00        0.0000000E+00
hkr22c19                  23.7566        1.0000000E+00        0.0000000E+00
hkr23c00                 -22.4839        1.0000000E+00        0.0000000E+00
hkr23c01                 -13.3431        1.0000000E+00        0.0000000E+00
hkr23c02                  13.2832        1.0000000E+00        0.0000000E+00
hkr23c03                  41.9619        1.0000000E+00        0.0000000E+00
hkr23c04                 -11.5204        1.0000000E+00        0.0000000E+00
hkr23c05                 -10.6485        1.0000000E+00        0.0000000E+00
hkr23c06                  8.81015        1.0000000E+00        0.0000000E+00
hkr23c07                  38.8751        1.0000000E+00        0.0000000E+00
hkr23c08                  2.30419        1.0000000E+00        0.0000000E+00
hkr23c09                  20.5477        1.0000000E+00        0.0000000E+00
hkr23c10                  7.00027        1.0000000E+00        0.0000000E+00
hkr23c11                  1.94004        1.0000000E+00        0.0000000E+00
hkr23c12                 -2.05408        1.0000000E+00        0.0000000E+00
hkr23c13                 -9.18314        1.0000000E+00        0.0000000E+00
hkr23c14                  10.4795        1.0000000E+00        0.0000000E+00
hkr23c15                -0.620581        1.0000000E+00        0.0000000E+00
hkr23c16                  11.8052        1.0000000E+00        0.0000000E+00
hkr23c17                  42.4685        1.0000000E+00        0.0000000E+00
hkr23c18                  -18.519        1.0000000E+00        0.0000000E+00
hkr23c19                  19.8264        1.0000000E+00        0.0000000E+00
hkr24c00                  6.06554        1.0000000E+00        0.0000000E+00
hkr24c01                  16.5576        1.0000000E+00        0.0000000E+00
hkr24c02                 -6.60285        1.0000000E+00        0.0000000E+00
hkr24c03                  20.2691        1.0000000E+00        0.0000000E+00
hkr24c04                 -7.79781        1.0000000E+00        0.0000000E+00
hkr24c05                 -0.39432        1.0000000E+00        0.0000000E+00
hkr24c06                  29.6165        1.0000000E+00        0.0000000E+00
hkr24c07                  25.2781        1.0000000E+00        0.0000000E+00
hkr24c08                  25.6698        1.0000000E+00        0.0000000E+00
hkr24c09                    21.54        1.0000000E+00        0.0000000E+00
hkr24c10                   25.129        1.0000000E+00        0.0000000E+00
hkr24c11                  11.9096        1.0000000E+00        0.0000000E+00
hkr24c12                 -2.97901        1.0000000E+00        0.0000000E+00
hkr24c13                  33.9376        1.0000000E+00        0.0000000E+00
hkr24c14                  24.7587        1.0000000E+00        0.0000000E+00
hkr24c15                  21.1399        1.0000000E+00        0.0000000E+00
hkr24c16                 -2.86579        1.0000000E+00        0.0000000E+00
hkr24c17                 -32.5735        1.0000000E+00        0.0000000E+00
hkr24c18                  1.78221        1.0000000E+00        0.0000000E+00
hkr24c19                  5.10358        1.0000000E+00        0.0000000E+00
hkr25c00                0.0242049        1.0000000E+00        0.0000000E+00
hkr25c01                  12.4531        1.0000000E+00        0.0000000E+00
hkr25c02                  24.4422        1.0000000E+00        0.0000000E+00
hkr25c03                  12.4516        1.0000000E+00        0.0000000E+00
hkr25c04                  4.02098        1.0000000E+00        0.0000000E+00
hkr25c05                   35.159        1.0000000E+00        0.0000000E+00
hkr25c06                  17.1576        1.0000000E+00        0.0000000E+00
hkr25c07                  7.09319        1.0000000E+00        0.0000000E+00
hkr25c08                  16.5108        1.0000000E+00        0.0000000E+00
hkr25c09                  14.1915        1.0000000E+00        0.0000000E+00
hkr25c10                  8.46721        1.0000000E+00        0.0000000E+00
hkr25c11                  30.0936        1.0000000E+00        0.0000000E+00
hkr25c12                  21.2045        1.0000000E+00        0.0000000E+00
hkr25c13                  14.9366        1.0000000E+00        0.0000000E+00
hkr25c14                    16.59        1.0000000E+00        0.0000000E+00
hkr25c15                 -3.46118        1.0000000E+00        0.0000000E+00
hkr25c16                  22.9467        1.0000000E+00        0.0000000E+00
hkr25c17                  26.2613        1.0000000E+00        0.0000000E+00
hkr25c18                 -8.71136        1.0000000E+00        0.0000000E+00
hkr25c19                 -12.8625        1.0000000E+00        0.0000000E+00
hkr26c00                 -1.07563        1.0000000E+00        0.0000000E+00
hkr26c01                   13.041        1.0000000E+00        0.0000000E+00
hkr26c02                 -4.43739        1.0000000E+00        0.0000000E+00
hkr26c03                 -16.8765        1.0000000E+00        0.0000000E+00
hkr26c04                 -1.35643        1.0000000E+00        0.0000000E+00
hkr26c05                 -12.8389        1.0000000E+00        0.0000000E+00
hkr26c06                 -6.69552        1.0000000E+00        0.0000000E+00
hkr26c07                   3.6276        1.0000000E+00        0.0000000E+00
hkr26c08                  8.34552        1.0000000E+00        0.0000000E+00
hkr26c09                  1.05582        1.0000000E+00        0.0000000E+00
hkr26c10                  0.15911        1.0000000E+00        0.0000000E+00
hkr26c11                 -7.88795        1.0000000E+00        0.0000000E+00
hkr26c12                 -31.7898        1.0000000E+00        0.0000000E+00
hkr26c13                 -7.89835        1.0000000E+00        0.0000000E+00
hkr26c14                  7.25796        1.0000000E+00        0.0000000E+00
hkr26c15                  4.85705        1.0000000E+00        0.0000000E+00
hkr26c16                   17.167        1.0000000E+00        0.0000000E+00
hkr26c17                  9.91977        1.0000000E+00        0.0000000E+00
hkr26c18                 -13.9843        1.0000000E+00        0.0000000E+00
hkr26c19                  17.9232        1.0000000E+00        0.0000000E+00
hkr27c00                  13.2112        1.0000000E+00        0.0000000E+00
hkr27c01                  14.7852        1.0000000E+00        0.0000000E+00
hkr27c02                  -3.0911        1.0000000E+00        0.0000000E+00
hkr27c03                  25.0984        1.0000000E+00        0.0000000E+00
hkr27c04                  5.98929        1.0000000E+00        0.0000000E+00
hkr27c05                 -9.49198        1.0000000E+00        0.0000000E+00
hkr27c06                  7.80284        1.0000000E+00        0.0000000E+00
hkr27c07                 0.110551        1.0000000E+00        0.0000000E+00
hkr27c08                 -9.74718        1.0000000E+00        0.0000000E+00
hkr27c09                  20.5491        1.0000000E+00        0.0000000E+00
hkr27c10                  20.8094        1.0000000E+00        0.0000000E+00
hkr27c11                   4.7292        1.0000000E+00        0.0000000E+00
hkr27c12                  4.76875        1.0000000E+00        0.0000000E+00
hkr27c13                  15.4991        1.0000000E+00        0.0000000E+00
hkr27c14                   14.163        1.0000000E+00        0.0000000E+00
hkr27c15                 -11.5875        1.0000000E+00        0.0000000E+00
hkr27c16                  5.85114        1.0000000E+00        0.0000000E+00
hkr27c17                   17.254        1.0000000E+00        0.0000000E+00
hkr27c18                  17.2411        1.0000000E+00        0.0000000E+00
hkr27c19                  5.73526        1.0000000E+00        0.0000000E+00
hkr28c00                   41.406        1.0000000E+00        0.0000000E+00
hkr28c01                  4.75468        1.0000000E+00        0.0000000E+00
hkr28c02                  15.7222        1.0000000E+00        0.0000000E+00
hkr28c03                  5.30459        1.0000000E+00        0.0000000E+00
hkr28c04                 -2.47682        1.0000000E+00        0.0000000E+00
hkr28c05                  2.58736        1.0000000E+00        0.0000000E+00
hkr28c06                  -8.1348        1.0000000E+00        0.0000000E+00
hkr28c07               0.00728375        1.0000000E+00        0.0000000E+00
hkr28c08                 -20.5561        1.0000000E+00        0.0000000E+00
hkr28c09                 -3.84709        1.0000000E+00        0.0000000E+00
hkr28c10                  31.3746        1.0000000E+00        0.0000000E+00
hkr28c11                 -10.8138        1.0000000E+00        0.0000000E+00
hkr28c12                  15.3572        1.0000000E+00        0.0000000E+00
hkr28c13                  7.65938        1.0000000E+00        0.0000000E+00
hkr28c14                  26.5847        1.0000000E+00        0.0000000E+00
hkr28c15                 -16.1821        1.0000000E+00        0.0000000E+00
hkr28c16                 -13.5104        1.0000000E+00        0.0000000E+00
hkr28c17                 -2.09303        1.0000000E+00        0.0000000E+00
hkr28c18                 -17.4435        1.0000000E+00        0.0000000E+00
hkr28c19                 -4.73271        1.0000000E+00        0.0000000E+00
hkr29c00                 -0.89192        1.0000000E+00        0.0000000E+00
hkr29c01                  7.79285        1.0000000E+00        0.0000000E+00
hkr29c02                  -11.718        1.0000000E+00        0.0000000E+00
hkr29c03                 -1.40988        1.0000000E+00        0.0000000E+00
hkr29c04                  19.7501        1.0000000E+00        0.0000000E+00
hkr29c05                 -8.59855        1.0000000E+00        0.0000000E+00
hkr29c06                  18.7844        1.0000000E+00        0.0000000E+00
hkr29c07                  31.7441        1.0000000E+00        0.0000000E+00
hkr29c08                  29.8393        1.0000000E+00        0.0000000E+00
hkr29c09                 -9.63318        1.0000000E+00        0.0000000E+00
hkr29c10                  3.43321        1.0000000E+00        0.0000000E+00
hkr29c11                  4.80154        1.0000000E+00        0.0000000E+00
hkr29c12                 -16.6097        1.0000000E+00        0.0000000E+00
hkr29c13                  2.57252        1.0000000E+00        0.0000000E+00
hkr29c14               -0.0422127        1.0000000E+00        0.0000000E+00
hkr29c15                  6.26018        1.0000000E+00        0.0000000E+00
hkr29c16                  2.02622        1.0000000E+00        0.0000000E+00
hkr29c17                 -8.24039        1.0000000E+00        0.0000000E+00
hkr29c18                -0.483814        1.0000000E+00        0.0000000E+00
hkr29c19                  24.4294        1.0000000E+00        0.0000000E+00
hkr30c00                  3.63207        1.0000000E+00        0.0000000E+00
hkr30c01                 -19.3544        1.0000000E+00        0.0000000E+00
hkr30c02                -0.895568        1.0000000E+00        0.0000000E+00
hkr30c03                  19.1582        1.0000000E+00        0.0000000E+00
hkr30c04                 -3.38029        1.0000000E+00        0.0000000E+00
hkr30c05                 -12.3388        1.0000000E+00        0.0000000E+00
hkr30c06                  14.6763        1.0000000E+00        0.0000000E+00
hkr30c07                 -5.63947        1.0000000E+00        0.0000000E+00
hkr30c08                 -18.4644        1.0000000E+00        0.0000000E+00
hkr30c09                 -13.4615        1.0000000E+00        0.0000000E+00
hkr30c10                  20.4462        1.0000000E+00        0.0000000E+00
hkr30c11                 -17.1653        1.0000000E+00        0.0000000E+00
hkr30c12                  -14.402        1.0000000E+00        0.0000000E+00
hkr30c13                 -43.9926        1.0000000E+00        0.0000000E+00
hkr30c14                   3.7546        1.0000000E+00        0.0000000E+00
hkr30c15                 -7.44245        1.0000000E+00        0.0000000E+00
hkr30c16                  10.9012        1.0000000E+00        0.0000000E+00
hkr30c17                  26.7551        1.0000000E+00        0.0000000E+00
hkr30c18                 -1.93726        1.0000000E+00        0.0000000E+00
hkr30c19                  3.02099        1.0000000E+00        0.0000000E+00
hkr31c00                 -21.8597        1.0000000E+00        0.0000000E+00
hkr31c01                  10.1967        1.0000000E+00        0.0000000E+00
hkr31c02                  29.2261        1.0000000E+00        0.0000000E+00
hkr31c03                 -33.6619        1.0000000E+00        0.0000000E+00
hkr31c04                 0.528808        1.0000000E+00        0.0000000E+00
hkr31c05                0.0852745        1.0000000E+00        0.0000000E+00
hkr31c06                  -4.8659        1.0000000E+00        0.0000000E+00
hkr31c07                  28.1742        1.0000000E+00        0.0000000E+00
hkr31c08                 -24.2273        1.0000000E+00        0.0000000E+00
hkr31c09                  20.6955        1.0000000E+00        0.0000000E+00
hkr31c10                  29.3206        1.0000000E+00        0.0000000E+00
hkr31c11                 -4.31443        1.0000000E+00        0.0000000E+00
hkr31c12                 -4.78737        1.0000000E+00        0.0000000E+00
hkr31c13                 -17.4461        1.0000000E+00        0.0000000E+00
hkr31c14                  39.9139        1.0000000E+00        0.0000000E+00
hkr31c15                  4.57177        1.0000000E+00        0.0000000E+00
hkr31c16                    -5.56        1.0000000E+00        0.0000000E+00
hkr31c17                 -9.18892        1.0000000E+00        0.0000000E+00
hkr31c18                   17.388        1.0000000E+00        0.0000000E+00
hkr31c19                 -1.59627        1.0000000E+00        0.0000000E+00
hkr32c01                  1.12328        1.0000000E+00        0.0000000E+00
hkr32c02                 -9.27352        1.0000000E+00        0.0000000E+00
hkr32c03                  1.07083        1.0000000E+00        0.0000000E+00
hkr32c04                  9.24665        1.0000000E+00        0.0000000E+00
hkr32c05                  7.21381        1.0000000E+00        0.0000000E+00
hkr32c06                 -8.01493        1.0000000E+00        0.0000000E+00
hkr32c07                  16.8197        1.0000000E+00        0.0000000E+00
hkr32c08                  19.0665        1.0000000E+00        0.0000000E+00
hkr32c09                  9.54558        1.0000000E+00        0.0000000E+00
hkr32c10                 -3.57124        1.0000000E+00        0.0000000E+00
hkr32c11                  14.1319        1.0000000E+00        0.0000000E+00
hkr32c12                 -4.14756        1.0000000E+00        0.0000000E+00
hkr32c13                  33.0549        1.0000000E+00        0.0000000E+00
hkr32c14                    18.22        1.0000000E+00        0.0000000E+00
hkr32c15                  24.2928        1.0000000E+00        0.0000000E+00
hkr32c16                  5.81331        1.0000000E+00        0.0000000E+00
hkr32c17                 -25.4689        1.0000000E+00        0.0000000E+00
hkr32c18                  8.13025        1.0000000E+00        0.0000000E+00
hkr32c19                  33.0408        1.0000000E+00        0.0000000E+00
hkr33c02                   4.0416        1.0000000E+00        0.0000000E+00
hkr33c03                  14.0589        1.0000000E+00        0.0000000E+00
hkr33c04                  13.1101        1.0000000E+00        0.0000000E+00
hkr33c05                   10.336        1.0000000E+00        0.0000000E+00
hkr33c06                  11.0405        1.0000000E+00        0.0000000E+00
hkr33c07                  3.02293        1.0000000E+00        0.0000000E+00
hkr33c08                  12.8735        1.0000000E+00        0.0000000E+00
hkr33c09                  43.9287        1.0000000E+00        0.0000000E+00
hkr33c10                  14.2031        1.0000000E+00        0.0000000E+00
hkr33c11                 -33.6193        1.0000000E+00        0.0000000E+00
hkr33c12                  3.56286        1.0000000E+00        0.0000000E+00
hkr33c13                  10.9756        1.0000000E+00        0.0000000E+00
hkr33c14                  4.72367        1.0000000E+00        0.0000000E+00
hkr33c15                 -1.16437        1.0000000E+00        0.0000000E+00
hkr33c16                   5.9101        1.0000000E+00        0.0000000E+00
hkr33c17                  8.92783        1.0000000E+00        0.0000000E+00
hkr33c18                 -4.88666        1.0000000E+00        0.0000000E+00
hkr33c19                  -19.696        1.0000000E+00        0.0000000E+00
hkr34c03                  2.32328        1.0000000E+00        0.0000000E+00
hkr34c04                  8.19487        1.0000000E+00        0.0000000E+00
hkr34c05                  17.1232        1.0000000E+00        0.0000000E+00
hkr34c06                  2.97264        1.0000000E+00        0.0000000E+00
hkr34c07                 -12.8336        1.0000000E+00        0.0000000E+00
hkr34c08                  33.0808        1.0000000E+00        0.0000000E+00
hkr34c09                -0.598244        1.0000000E+00        0.0000000E+00
hkr34c10                  17.9964        1.0000000E+00        0.0000000E+00
hkr34c11                 -1.70395        1.0000000E+00        0.0000000E+00
hkr34c12                 -5.16513        1.0000000E+00        0.0000000E+00
hkr34c13                 -24.8944        1.0000000E+00        0.0000000E+00
hkr34c14                  12.7048        1.0000000E+00        0.0000000E+00
hkr34c15                  16.8881        1.0000000E+00        0.0000000E+00
hkr34c16                 -16.4041        1.0000000E+00        0.0000000E+00
hkr34c17                  11.8764        1.0000000E+00        0.0000000E+00
hkr34c18                  11.3019        1.0000000E+00        0.0000000E+00
hkr34c19                  3.13353        1.0000000E+00        0.0000000E+00
hkr35c04                  19.5886        1.0000000E+00        0.0000000E+00
hkr35c05                  18.0209        1.0000000E+00        0.0000000E+00
hkr35c06                  10.0459        1.0000000E+00        0.0000000E+00
hkr35c07                   14.927        1.0000000E+00        0.0000000E+00
hkr35c08                 -4.91236        1.0000000E+00        0.0000000E+00
hkr35c09                  15.7186        1.0000000E+00        0.0000000E+00
hkr35c10                 -6.33008        1.0000000E+00        0.0000000E+00
hkr35c11                  20.5565        1.0000000E+00        0.0000000E+00
hkr35c12                  3.24753        1.0000000E+00        0.0000000E+00
hkr35c13                  3.66069        1.0000000E+00        0.0000000E+00
hkr35c14                  6.79775        1.0000000E+00        0.0000000E+00
hkr35c15                 -11.7871        1.0000000E+00        0.0000000E+00
hkr35c16                  26.5908        1.0000000E+00        0.0000000E+00
hkr35c17                 -23.4098        1.0000000E+00        0.0000000E+00
hkr35c18                  10.7403        1.0000000E+00        0.0000000E+00
hkr36c04                  19.9088        1.0000000E+00        0.0000000E+00
hkr36c05                  22.3739        1.0000000E+00        0.0000000E+00
hkr36c06                   22.338        1.0000000E+00        0.0000000E+00
hkr36c07                  22.6176        1.0000000E+00        0.0000000E+00
hkr36c08                  13.2853        1.0000000E+00        0.0000000E+00
hkr36c09                  25.9159        1.0000000E+00        0.0000000E+00
hkr36c10                  5.76039        1.0000000E+00        0.0000000E+00
hkr36c11                 -2.21475        1.0000000E+00        0.0000000E+00
hkr36c12                  10.0985        1.0000000E+00        0.0000000E+00
hkr36c13                 -11.9787        1.0000000E+00        0.0000000E+00
hkr36c14                 -9.98027        1.0000000E+00        0.0000000E+00
hkr36c15                  3.94135        1.0000000E+00        0.0000000E+00
hkr36c16                 -7.23814        1.0000000E+00        0.0000000E+00
hkr36c17                 -16.3127        1.0000000E+00        0.0000000E+00
hkr36c18                 -7.96784        1.0000000E+00        0.0000000E+00
hkr37c05                  0.61862        1.0000000E+00        0.0000000E+00
hkr37c06                  23.6246        1.0000000E+00        0.0000000E+00
hkr37c07                 -2.12252        1.0000000E+00        0.0000000E+00
hkr37c08                  5.10547        1.0000000E+00        0.0000000E+00
hkr37c09                 -15.1401        1.0000000E+00        0.0000000E+00
hkr37c10                 -1.95701        1.0000000E+00        0.0000000E+00
hkr37c11                  5.39047        1.0000000E+00        0.0000000E+00
hkr37c12                  15.4171        1.0000000E+00        0.0000000E+00
hkr37c13                  19.6579        1.0000000E+00        0.0000000E+00
hkr37c14                  11.2528        1.0000000E+00        0.0000000E+00
hkr37c15                  3.65131        1.0000000E+00        0.0000000E+00
hkr37c16                 -2.62503        1.0000000E+00        0.0000000E+00
hkr37c17                  14.9269        1.0000000E+00        0.0000000E+00
hkr38c05                 -7.45279        1.0000000E+00        0.0000000E+00
hkr38c06                  29.9113        1.0000000E+00        0.0000000E+00
hkr38c07                0.0281455        1.0000000E+00        0.0000000E+00
hkr38c08                 -12.2272        1.0000000E+00        0.0000000E+00
hkr38c09                 -2.68443        1.0000000E+00        0.0000000E+00
hkr38c10                 -5.25667        1.0000000E+00        0.0000000E+00
hkr38c11                -0.758662        1.0000000E+00        0.0000000E+00
hkr38c12                 -2.10874        1.0000000E+00        0.0000000E+00
hkr38c13                  18.1119        1.0000000E+00        0.0000000E+00
hkr38c14                  10.3636        1.0000000E+00        0.0000000E+00
hkr38c15                  38.4349        1.0000000E+00        0.0000000E+00
hkr38c16                  16.2152        1.0000000E+00        0.0000000E+00
hkr39c05                 -10.1736        1.0000000E+00        0.0000000E+00
hkr39c06                 -4.96375        1.0000000E+00        0.0000000E+00
hkr39c07                 -4.87545        1.0000000E+00        0.0000000E+00
hkr39c08                 -1.91407        1.0000000E+00        0.0000000E+00
hkr39c09                  3.30296        1.0000000E+00        0.0000000E+00
hkr39c10                  10.9496        1.0000000E+00        0.0000000E+00
hkr39c11                  4.72856        1.0000000E+00        0.0000000E+00
hkr39c12                  37.5389        1.0000000E+00        0.0000000E+00
hkr39c13                 -13.9025        1.0000000E+00        0.0000000E+00
hkr39c14                 -14.7113        1.0000000E+00        0.0000000E+00
