single point
 rch_1                     1.015459        1.0000000E+00        0.0000000E+00
 rch_2                    0.5817019        1.0000000E+00        0.0000000E+00
 rcond00                   2989.776        1.0000000E+00        0.0000000E+00
 rcond01                    10508.8        1.0000000E+00        0.0000000E+00
 rcond02                   1934.184        1.0000000E+00        0.0000000E+00
 rcond03                   10125.52        1.0000000E+00        0.0000000E+00
 rcond04                   2272.344        1.0000000E+00        0.0000000E+00
 rcond05                   12095.23        1.0000000E+00        0.0000000E+00
 rcond06                   3531.652        1.0000000E+00        0.0000000E+00
 rcond07                   11301.91        1.0000000E+00        0.0000000E+00
 rcond08                   59004.89        1.0000000E+00        0.0000000E+00
 rcond09                   25705.94        1.0000000E+00        0.0000000E+00
 rcond10                   5572.044        1.0000000E+00        0.0000000E+00
 rcond11                   45273.13        1.0000000E+00        0.0000000E+00
 rcond12                   8280.506        1.0000000E+00        0.0000000E+00
 rcond13                   10026.82        1.0000000E+00        0.0000000E+00
 rcond14                   3331.575        1.0000000E+00        0.0000000E+00
 rcond15                     3849.5        1.0000000E+00        0.0000000E+00
 rcond16                   1525.366        1.0000000E+00        0.0000000E+00
 rcond17                   8492.921        1.0000000E+00        0.0000000E+00
 rcond18                    1434.51        1.0000000E+00        0.0000000E+00
 rcond19                   982.5467        1.0000000E+00        0.0000000E+00
 rcond20                   1768.634        1.0000000E+00        0.0000000E+00
 rcond21                    2361.62        1.0000000E+00        0.0000000E+00
 rcond22                   5083.631        1.0000000E+00        0.0000000E+00
 rcond23                   2290.458        1.0000000E+00        0.0000000E+00
 rcond24                    3975.08        1.0000000E+00        0.0000000E+00
 rcond25                   3885.654        1.0000000E+00        0.0000000E+00
 rcond26                   17756.95        1.0000000E+00        0.0000000E+00
 rcond27                   30131.87        1.0000000E+00        0.0000000E+00
 rcond28                   3121.264        1.0000000E+00        0.0000000E+00
 rcond29                   3932.033        1.0000000E+00        0.0000000E+00
 rcond30                   35554.59        1.0000000E+00        0.0000000E+00
 rcond31                   2560.095        1.0000000E+00        0.0000000E+00
 rcond32                   26553.97        1.0000000E+00        0.0000000E+00
 rcond33                   3577.152        1.0000000E+00        0.0000000E+00
 rcond34                   1563.199        1.0000000E+00        0.0000000E+00
 rcond35                    6054.41        1.0000000E+00        0.0000000E+00
 rcond36                   14854.82        1.0000000E+00        0.0000000E+00
 rcond37                   59177.85        1.0000000E+00        0.0000000E+00
 rcond38                   2709.312        1.0000000E+00        0.0000000E+00
 rcond39                   7462.946        1.0000000E+00        0.0000000E+00
 ss                    1.265775e-05        1.0000000E+00        0.0000000E+00
 sy                     0.004650027        1.0000000E+00        0.0000000E+00
 wf1_1                     639.2769       -1.0000000E+00        0.0000000E+00
 wf2_1                     353.1405       -1.0000000E+00        0.0000000E+00
 wf3_1                     312.4873       -1.0000000E+00        0.0000000E+00
 wf4_1                      73.6687       -1.0000000E+00        0.0000000E+00
 wf5_1                     64.48609       -1.0000000E+00        0.0000000E+00
 wf6_1                     376.9198       -1.0000000E+00        0.0000000E+00
 wf1_2                     559.0947       -1.0000000E+00        0.0000000E+00
 wf2_2                     476.8769       -1.0000000E+00        0.0000000E+00
 wf3_2                     326.1798       -1.0000000E+00        0.0000000E+00
 wf4_2                     65.49892       -1.0000000E+00        0.0000000E+00
 wf5_2                     108.3006       -1.0000000E+00        0.0000000E+00
 wf6_2                     544.5209       -1.0000000E+00        0.0000000E+00
 hkr00c00                  6.755651        1.0000000E+00        0.0000000E+00
 hkr00c01                 0.4027647        1.0000000E+00        0.0000000E+00
 hkr00c02                  1.575776        1.0000000E+00        0.0000000E+00
 hkr00c03                  12.35744        1.0000000E+00        0.0000000E+00
 hkr00c04                  33.41645        1.0000000E+00        0.0000000E+00
 hkr00c05                  32.72728        1.0000000E+00        0.0000000E+00
 hkr00c06                  13.52809        1.0000000E+00        0.0000000E+00
 hkr00c07                  13.46918        1.0000000E+00        0.0000000E+00
 hkr00c08                  5.719812        1.0000000E+00        0.0000000E+00
 hkr00c09                    2.7852        1.0000000E+00        0.0000000E+00
 hkr00c10                  1.505763        1.0000000E+00        0.0000000E+00
 hkr00c11                  7.730301        1.0000000E+00        0.0000000E+00
 hkr00c12                  6.939726        1.0000000E+00        0.0000000E+00
 hkr00c13                  14.64224        1.0000000E+00        0.0000000E+00
 hkr00c14                  30.18723        1.0000000E+00        0.0000000E+00
 hkr00c15                  78.28589        1.0000000E+00        0.0000000E+00
 hkr00c16                  7.380225        1.0000000E+00        0.0000000E+00
 hkr00c17                  4.940773        1.0000000E+00        0.0000000E+00
 hkr00c18                   3.84836        1.0000000E+00        0.0000000E+00
 hkr00c19                  2.756186        1.0000000E+00        0.0000000E+00
 hkr01c00                  2.299736        1.0000000E+00        0.0000000E+00
 hkr01c01                  3.017275        1.0000000E+00        0.0000000E+00
 hkr01c02                  2.444498        1.0000000E+00        0.0000000E+00
 hkr01c03                  22.92351        1.0000000E+00        0.0000000E+00
 hkr01c04                  14.45545        1.0000000E+00        0.0000000E+00
 hkr01c05                  1.132095        1.0000000E+00        0.0000000E+00
 hkr01c06                  23.77555        1.0000000E+00        0.0000000E+00
 hkr01c07                  4.145917        1.0000000E+00        0.0000000E+00
 hkr01c08                 0.9513445        1.0000000E+00        0.0000000E+00
 hkr01c09                  2.385947        1.0000000E+00        0.0000000E+00
 hkr01c10                   23.3097        1.0000000E+00        0.0000000E+00
 hkr01c11                  1.576624        1.0000000E+00        0.0000000E+00
 hkr01c12                  10.48197        1.0000000E+00        0.0000000E+00
 hkr01c13                  8.524644        1.0000000E+00        0.0000000E+00
 hkr01c14                 0.7540308        1.0000000E+00        0.0000000E+00
 hkr01c15                  4.428954        1.0000000E+00        0.0000000E+00
 hkr01c16                   37.8624        1.0000000E+00        0.0000000E+00
 hkr01c17                  4.661504        1.0000000E+00        0.0000000E+00
 hkr01c18                  31.23633        1.0000000E+00        0.0000000E+00
 hkr01c19                  10.43295        1.0000000E+00        0.0000000E+00
 hkr02c00                  6.244112        1.0000000E+00        0.0000000E+00
 hkr02c01                  1.700071        1.0000000E+00        0.0000000E+00
 hkr02c02                  20.92274        1.0000000E+00        0.0000000E+00
 hkr02c03                  3.901438        1.0000000E+00        0.0000000E+00
 hkr02c04                  51.93497        1.0000000E+00        0.0000000E+00
 hkr02c05                  23.26792        1.0000000E+00        0.0000000E+00
 hkr02c06                  2.245252        1.0000000E+00        0.0000000E+00
 hkr02c07                  2.241295        1.0000000E+00        0.0000000E+00
 hkr02c08                  5.103582        1.0000000E+00        0.0000000E+00
 hkr02c09                  12.41949        1.0000000E+00        0.0000000E+00
 hkr02c10                  3.216937        1.0000000E+00        0.0000000E+00
 hkr02c11                  3.803423        1.0000000E+00        0.0000000E+00
 hkr02c12                  70.30883        1.0000000E+00        0.0000000E+00
 hkr02c13                 0.8670143        1.0000000E+00        0.0000000E+00
 hkr02c14                   13.5507        1.0000000E+00        0.0000000E+00
 hkr02c15                  14.60278        1.0000000E+00        0.0000000E+00
 hkr02c16                  68.53893        1.0000000E+00        0.0000000E+00
 hkr02c17                   4.16326        1.0000000E+00        0.0000000E+00
 hkr02c18                  1.422071        1.0000000E+00        0.0000000E+00
 hkr02c19                  11.47661        1.0000000E+00        0.0000000E+00
 hkr03c00                  5.379401        1.0000000E+00        0.0000000E+00
 hkr03c01                  6.028963        1.0000000E+00        0.0000000E+00
 hkr03c02                  3.112024        1.0000000E+00        0.0000000E+00
 hkr03c03                  6.264185        1.0000000E+00        0.0000000E+00
 hkr03c04                  4.504194        1.0000000E+00        0.0000000E+00
 hkr03c05                  2.376931        1.0000000E+00        0.0000000E+00
 hkr03c06                  31.36495        1.0000000E+00        0.0000000E+00
 hkr03c07                  7.602402        1.0000000E+00        0.0000000E+00
 hkr03c08                   16.3459        1.0000000E+00        0.0000000E+00
 hkr03c09                  3.782623        1.0000000E+00        0.0000000E+00
 hkr03c10                  6.846086        1.0000000E+00        0.0000000E+00
 hkr03c11                  6.688545        1.0000000E+00        0.0000000E+00
 hkr03c12                  3.310357        1.0000000E+00        0.0000000E+00
 hkr03c13                 0.3066497        1.0000000E+00        0.0000000E+00
 hkr03c14                  1.540829        1.0000000E+00        0.0000000E+00
 hkr03c15                  1.706508        1.0000000E+00        0.0000000E+00
 hkr03c16                  13.14794        1.0000000E+00        0.0000000E+00
 hkr03c17                  6.465546        1.0000000E+00        0.0000000E+00
 hkr03c18                  7.272841        1.0000000E+00        0.0000000E+00
 hkr03c19                  37.17213        1.0000000E+00        0.0000000E+00
 hkr04c00                  75.14774        1.0000000E+00        0.0000000E+00
 hkr04c01                  143.7988        1.0000000E+00        0.0000000E+00
 hkr04c02                  1.955172        1.0000000E+00        0.0000000E+00
 hkr04c03                  7.184924        1.0000000E+00        0.0000000E+00
 hkr04c04                  4.035164        1.0000000E+00        0.0000000E+00
 hkr04c05                  3.716244        1.0000000E+00        0.0000000E+00
 hkr04c06                  12.64589        1.0000000E+00        0.0000000E+00
 hkr04c07                  2.492145        1.0000000E+00        0.0000000E+00
 hkr04c08                  4.351724        1.0000000E+00        0.0000000E+00
 hkr04c09                  1.137466        1.0000000E+00        0.0000000E+00
 hkr04c10                   22.5107        1.0000000E+00        0.0000000E+00
 hkr04c11                  2.179338        1.0000000E+00        0.0000000E+00
 hkr04c12                  3.222811        1.0000000E+00        0.0000000E+00
 hkr04c13                  12.19332        1.0000000E+00        0.0000000E+00
 hkr04c14                  2.704036        1.0000000E+00        0.0000000E+00
 hkr04c15                  10.42496        1.0000000E+00        0.0000000E+00
 hkr04c16                  2.590173        1.0000000E+00        0.0000000E+00
 hkr04c17                  10.33653        1.0000000E+00        0.0000000E+00
 hkr04c18                  7.409347        1.0000000E+00        0.0000000E+00
 hkr04c19                   31.5246        1.0000000E+00        0.0000000E+00
 hkr05c00                  3.210641        1.0000000E+00        0.0000000E+00
 hkr05c01                 0.4543012        1.0000000E+00        0.0000000E+00
 hkr05c02                  8.495183        1.0000000E+00        0.0000000E+00
 hkr05c03                  4.455867        1.0000000E+00        0.0000000E+00
 hkr05c04                  14.92803        1.0000000E+00        0.0000000E+00
 hkr05c05                   0.55719        1.0000000E+00        0.0000000E+00
 hkr05c06                  16.15451        1.0000000E+00        0.0000000E+00
 hkr05c07                  2.047711        1.0000000E+00        0.0000000E+00
 hkr05c08                  4.403365        1.0000000E+00        0.0000000E+00
 hkr05c09                  1.221477        1.0000000E+00        0.0000000E+00
 hkr05c10                  13.17736        1.0000000E+00        0.0000000E+00
 hkr05c11                  10.30071        1.0000000E+00        0.0000000E+00
 hkr05c12                  14.06214        1.0000000E+00        0.0000000E+00
 hkr05c13                  3.383034        1.0000000E+00        0.0000000E+00
 hkr05c14                  19.72787        1.0000000E+00        0.0000000E+00
 hkr05c15                  1.308495        1.0000000E+00        0.0000000E+00
 hkr05c16                  2.017696        1.0000000E+00        0.0000000E+00
 hkr05c17                  12.16613        1.0000000E+00        0.0000000E+00
 hkr05c18                  1.896338        1.0000000E+00        0.0000000E+00
 hkr05c19                  19.59021        1.0000000E+00        0.0000000E+00
 hkr06c00                  26.41832        1.0000000E+00        0.0000000E+00
 hkr06c01                  20.44726        1.0000000E+00        0.0000000E+00
 hkr06c02                  8.627677        1.0000000E+00        0.0000000E+00
 hkr06c03                   4.74078        1.0000000E+00        0.0000000E+00
 hkr06c04                  8.668327        1.0000000E+00        0.0000000E+00
 hkr06c05                  1.676815        1.0000000E+00        0.0000000E+00
 hkr06c06                  5.768035        1.0000000E+00        0.0000000E+00
 hkr06c07                  22.53209        1.0000000E+00        0.0000000E+00
 hkr06c08                 0.9182166        1.0000000E+00        0.0000000E+00
 hkr06c09                 0.9672392        1.0000000E+00        0.0000000E+00
 hkr06c10                 0.4072829        1.0000000E+00        0.0000000E+00
 hkr06c11                  9.079044        1.0000000E+00        0.0000000E+00
 hkr06c12                   7.30801        1.0000000E+00        0.0000000E+00
 hkr06c13                  1.119004        1.0000000E+00        0.0000000E+00
 hkr06c14                  18.06572        1.0000000E+00        0.0000000E+00
 hkr06c15                  8.345814        1.0000000E+00        0.0000000E+00
 hkr06c16                  5.757426        1.0000000E+00        0.0000000E+00
 hkr06c17                 0.3457174        1.0000000E+00        0.0000000E+00
 hkr06c18                  61.16932        1.0000000E+00        0.0000000E+00
 hkr06c19                   5.65058        1.0000000E+00        0.0000000E+00
 hkr07c00                  4.777369        1.0000000E+00        0.0000000E+00
 hkr07c01                  3.654444        1.0000000E+00        0.0000000E+00
 hkr07c02                  2.177893        1.0000000E+00        0.0000000E+00
 hkr07c03                  5.161469        1.0000000E+00        0.0000000E+00
 hkr07c04                  50.61776        1.0000000E+00        0.0000000E+00
 hkr07c05                  20.23935        1.0000000E+00        0.0000000E+00
 hkr07c06                  14.47209        1.0000000E+00        0.0000000E+00
 hkr07c07                   2.70794        1.0000000E+00        0.0000000E+00
 hkr07c08                  5.898777        1.0000000E+00        0.0000000E+00
 hkr07c09                  5.149297        1.0000000E+00        0.0000000E+00
 hkr07c10                 0.7524277        1.0000000E+00        0.0000000E+00
 hkr07c11                 0.5556104        1.0000000E+00        0.0000000E+00
 hkr07c12                  2.737368        1.0000000E+00        0.0000000E+00
 hkr07c13                  7.723573        1.0000000E+00        0.0000000E+00
 hkr07c14                  3.095263        1.0000000E+00        0.0000000E+00
 hkr07c15                  15.15848        1.0000000E+00        0.0000000E+00
 hkr07c16                  5.416095        1.0000000E+00        0.0000000E+00
 hkr07c17                  2.298183        1.0000000E+00        0.0000000E+00
 hkr07c18                  23.59887        1.0000000E+00        0.0000000E+00
 hkr07c19                  2.863339        1.0000000E+00        0.0000000E+00
 hkr08c00                   8.35502        1.0000000E+00        0.0000000E+00
 hkr08c01                  11.24607        1.0000000E+00        0.0000000E+00
 hkr08c02                  6.075469        1.0000000E+00        0.0000000E+00
 hkr08c03                  4.001103        1.0000000E+00        0.0000000E+00
 hkr08c07                  7.428171        1.0000000E+00        0.0000000E+00
 hkr08c08                  5.127955        1.0000000E+00        0.0000000E+00
 hkr08c09                  2.275383        1.0000000E+00        0.0000000E+00
 hkr08c10                  1.229898        1.0000000E+00        0.0000000E+00
 hkr08c11                  10.34592        1.0000000E+00        0.0000000E+00
 hkr08c12                  9.512741        1.0000000E+00        0.0000000E+00
 hkr08c13                  5.696002        1.0000000E+00        0.0000000E+00
 hkr08c14                  10.09033        1.0000000E+00        0.0000000E+00
 hkr08c15                  9.408783        1.0000000E+00        0.0000000E+00
 hkr08c16                   2.82317        1.0000000E+00        0.0000000E+00
 hkr08c17                  4.615209        1.0000000E+00        0.0000000E+00
 hkr08c18                  8.163217        1.0000000E+00        0.0000000E+00
 hkr08c19                  16.94668        1.0000000E+00        0.0000000E+00
 hkr09c00                  7.679327        1.0000000E+00        0.0000000E+00
 hkr09c01                  4.142384        1.0000000E+00        0.0000000E+00
 hkr09c02                  3.179535        1.0000000E+00        0.0000000E+00
 hkr09c03                  18.43511        1.0000000E+00        0.0000000E+00
 hkr09c08                  7.577347        1.0000000E+00        0.0000000E+00
 hkr09c09                 0.8433709        1.0000000E+00        0.0000000E+00
 hkr09c10                  27.14004        1.0000000E+00        0.0000000E+00
 hkr09c11                  3.079507        1.0000000E+00        0.0000000E+00
 hkr09c12                  1.602146        1.0000000E+00        0.0000000E+00
 hkr09c13                  2.840263        1.0000000E+00        0.0000000E+00
 hkr09c14                  4.480019        1.0000000E+00        0.0000000E+00
 hkr09c15                 0.9392923        1.0000000E+00        0.0000000E+00
 hkr09c16                  8.214435        1.0000000E+00        0.0000000E+00
 hkr09c17                  2.501787        1.0000000E+00        0.0000000E+00
 hkr09c18                 0.7209079        1.0000000E+00        0.0000000E+00
 hkr09c19                  4.772919        1.0000000E+00        0.0000000E+00
 hkr10c00                  2.415803        1.0000000E+00        0.0000000E+00
 hkr10c01                  3.954176        1.0000000E+00        0.0000000E+00
 hkr10c02                  26.66085        1.0000000E+00        0.0000000E+00
 hkr10c03                  2.106219        1.0000000E+00        0.0000000E+00
 hkr10c08                 0.9786927        1.0000000E+00        0.0000000E+00
 hkr10c09                  3.619496        1.0000000E+00        0.0000000E+00
 hkr10c10                  5.031349        1.0000000E+00        0.0000000E+00
 hkr10c11                  3.183379        1.0000000E+00        0.0000000E+00
 hkr10c12                  2.641693        1.0000000E+00        0.0000000E+00
 hkr10c13                  4.816137        1.0000000E+00        0.0000000E+00
 hkr10c14                  5.910479        1.0000000E+00        0.0000000E+00
 hkr10c15                  49.96314        1.0000000E+00        0.0000000E+00
 hkr10c16                  2.810482        1.0000000E+00        0.0000000E+00
 hkr10c17                  40.27925        1.0000000E+00        0.0000000E+00
 hkr10c18                   13.0642        1.0000000E+00        0.0000000E+00
 hkr10c19                  42.23981        1.0000000E+00        0.0000000E+00
 hkr11c00                  1.640624        1.0000000E+00        0.0000000E+00
 hkr11c01                  5.054334        1.0000000E+00        0.0000000E+00
 hkr11c02                  2.618615        1.0000000E+00        0.0000000E+00
 hkr11c03                  11.17926        1.0000000E+00        0.0000000E+00
 hkr11c08                  19.57365        1.0000000E+00        0.0000000E+00
 hkr11c09                  34.82933        1.0000000E+00        0.0000000E+00
 hkr11c10                  120.4877        1.0000000E+00        0.0000000E+00
 hkr11c11                   3.29153        1.0000000E+00        0.0000000E+00
 hkr11c12                  2.076229        1.0000000E+00        0.0000000E+00
 hkr11c13                  1.536405        1.0000000E+00        0.0000000E+00
 hkr11c14                 0.9031939        1.0000000E+00        0.0000000E+00
 hkr11c15                 0.5890512        1.0000000E+00        0.0000000E+00
 hkr11c16                  6.549262        1.0000000E+00        0.0000000E+00
 hkr11c17                 0.4960313        1.0000000E+00        0.0000000E+00
 hkr11c18                  2.929125        1.0000000E+00        0.0000000E+00
 hkr11c19                  9.740474        1.0000000E+00        0.0000000E+00
 hkr12c00                  105.1848        1.0000000E+00        0.0000000E+00
 hkr12c01                  2.059292        1.0000000E+00        0.0000000E+00
 hkr12c02                   33.2743        1.0000000E+00        0.0000000E+00
 hkr12c03                   3.95275        1.0000000E+00        0.0000000E+00
 hkr12c08                  3.864664        1.0000000E+00        0.0000000E+00
 hkr12c09                  1.066004        1.0000000E+00        0.0000000E+00
 hkr12c10                  7.966325        1.0000000E+00        0.0000000E+00
 hkr12c11                  8.523269        1.0000000E+00        0.0000000E+00
 hkr12c12                  3.086737        1.0000000E+00        0.0000000E+00
 hkr12c13                  4.101314        1.0000000E+00        0.0000000E+00
 hkr12c14                  23.46558        1.0000000E+00        0.0000000E+00
 hkr12c15                   4.77913        1.0000000E+00        0.0000000E+00
 hkr12c16                  17.53645        1.0000000E+00        0.0000000E+00
 hkr12c17                  4.524339        1.0000000E+00        0.0000000E+00
 hkr12c18                   7.25324        1.0000000E+00        0.0000000E+00
 hkr12c19                  5.477201        1.0000000E+00        0.0000000E+00
 hkr13c00                  1.781506        1.0000000E+00        0.0000000E+00
 hkr13c01                  6.310098        1.0000000E+00        0.0000000E+00
 hkr13c02                  2.322169        1.0000000E+00        0.0000000E+00
 hkr13c03                   17.6835        1.0000000E+00        0.0000000E+00
 hkr13c08                  2.097377        1.0000000E+00        0.0000000E+00
 hkr13c09                  4.872053        1.0000000E+00        0.0000000E+00
 hkr13c10                  14.52573        1.0000000E+00        0.0000000E+00
 hkr13c11                  3.921517        1.0000000E+00        0.0000000E+00
 hkr13c12                  35.79013        1.0000000E+00        0.0000000E+00
 hkr13c13                  14.25256        1.0000000E+00        0.0000000E+00
 hkr13c14                  27.78102        1.0000000E+00        0.0000000E+00
 hkr13c15                  18.76511        1.0000000E+00        0.0000000E+00
 hkr13c16                  22.64595        1.0000000E+00        0.0000000E+00
 hkr13c17                   13.4783        1.0000000E+00        0.0000000E+00
 hkr13c18                  1.094693        1.0000000E+00        0.0000000E+00
 hkr13c19                  6.327888        1.0000000E+00        0.0000000E+00
 hkr14c00                   2.01862        1.0000000E+00        0.0000000E+00
 hkr14c01                  5.699993        1.0000000E+00        0.0000000E+00
 hkr14c02                  23.32892        1.0000000E+00        0.0000000E+00
 hkr14c03                  9.373495        1.0000000E+00        0.0000000E+00
 hkr14c08                  15.42127        1.0000000E+00        0.0000000E+00
 hkr14c09                  2.215527        1.0000000E+00        0.0000000E+00
 hkr14c10                  3.867535        1.0000000E+00        0.0000000E+00
 hkr14c11                    2.6879        1.0000000E+00        0.0000000E+00
 hkr14c12                  7.482014        1.0000000E+00        0.0000000E+00
 hkr14c13                  6.609726        1.0000000E+00        0.0000000E+00
 hkr14c14                  16.46775        1.0000000E+00        0.0000000E+00
 hkr14c15                  3.729865        1.0000000E+00        0.0000000E+00
 hkr14c16                  22.23934        1.0000000E+00        0.0000000E+00
 hkr14c17                  3.252072        1.0000000E+00        0.0000000E+00
 hkr14c18                  9.120258        1.0000000E+00        0.0000000E+00
 hkr14c19                  2.871073        1.0000000E+00        0.0000000E+00
 hkr15c00                 0.4819433        1.0000000E+00        0.0000000E+00
 hkr15c01                  1.094312        1.0000000E+00        0.0000000E+00
 hkr15c02                  11.54799        1.0000000E+00        0.0000000E+00
 hkr15c03                  5.953301        1.0000000E+00        0.0000000E+00
 hkr15c08                  3.399351        1.0000000E+00        0.0000000E+00
 hkr15c09                  1.149048        1.0000000E+00        0.0000000E+00
 hkr15c10                  4.633183        1.0000000E+00        0.0000000E+00
 hkr15c11                  14.44997        1.0000000E+00        0.0000000E+00
 hkr15c12                  14.34196        1.0000000E+00        0.0000000E+00
 hkr15c13                  19.40991        1.0000000E+00        0.0000000E+00
 hkr15c14                  1.229192        1.0000000E+00        0.0000000E+00
 hkr15c15                 0.9697956        1.0000000E+00        0.0000000E+00
 hkr15c16                 0.6933035        1.0000000E+00        0.0000000E+00
 hkr15c17                  9.135449        1.0000000E+00        0.0000000E+00
 hkr15c18                  5.726161        1.0000000E+00        0.0000000E+00
 hkr15c19                  13.89885        1.0000000E+00        0.0000000E+00
 hkr16c00                  10.07925        1.0000000E+00        0.0000000E+00
 hkr16c01                  8.157535        1.0000000E+00        0.0000000E+00
 hkr16c02                  2.071128        1.0000000E+00        0.0000000E+00
 hkr16c03                  5.152432        1.0000000E+00        0.0000000E+00
 hkr16c08                  3.647055        1.0000000E+00        0.0000000E+00
 hkr16c09                  12.03397        1.0000000E+00        0.0000000E+00
 hkr16c10                  5.975254        1.0000000E+00        0.0000000E+00
 hkr16c11                 0.3318032        1.0000000E+00        0.0000000E+00
 hkr16c12                  109.9328        1.0000000E+00        0.0000000E+00
 hkr16c13                  33.64858        1.0000000E+00        0.0000000E+00
 hkr16c14                  1.034936        1.0000000E+00        0.0000000E+00
 hkr16c15                  17.33323        1.0000000E+00        0.0000000E+00
 hkr16c16                  6.993577        1.0000000E+00        0.0000000E+00
 hkr16c17                  10.56066        1.0000000E+00        0.0000000E+00
 hkr16c18                  2.214334        1.0000000E+00        0.0000000E+00
 hkr16c19                  4.564235        1.0000000E+00        0.0000000E+00
 hkr17c00                   5.18917        1.0000000E+00        0.0000000E+00
 hkr17c01                  6.302025        1.0000000E+00        0.0000000E+00
 hkr17c02                  2.973677        1.0000000E+00        0.0000000E+00
 hkr17c03                  2.585623        1.0000000E+00        0.0000000E+00
 hkr17c08                  7.312356        1.0000000E+00        0.0000000E+00
 hkr17c09                  11.73351        1.0000000E+00        0.0000000E+00
 hkr17c10                  15.13094        1.0000000E+00        0.0000000E+00
 hkr17c11                  10.39952        1.0000000E+00        0.0000000E+00
 hkr17c12                  6.221885        1.0000000E+00        0.0000000E+00
 hkr17c13                  3.048209        1.0000000E+00        0.0000000E+00
 hkr17c14                  10.73085        1.0000000E+00        0.0000000E+00
 hkr17c15                  5.276812        1.0000000E+00        0.0000000E+00
 hkr17c16                  1.811337        1.0000000E+00        0.0000000E+00
 hkr17c17                  9.964651        1.0000000E+00        0.0000000E+00
 hkr17c18                   3.87399        1.0000000E+00        0.0000000E+00
 hkr17c19                     7.434        1.0000000E+00        0.0000000E+00
 hkr18c00                   49.1045        1.0000000E+00        0.0000000E+00
 hkr18c01                  28.43849        1.0000000E+00        0.0000000E+00
 hkr18c02                  57.15757        1.0000000E+00        0.0000000E+00
 hkr18c03                  1.736266        1.0000000E+00        0.0000000E+00
 hkr18c08                  10.53504        1.0000000E+00        0.0000000E+00
 hkr18c09                   1.06874        1.0000000E+00        0.0000000E+00
 hkr18c10                  16.95473        1.0000000E+00        0.0000000E+00
 hkr18c11                  6.013228        1.0000000E+00        0.0000000E+00
 hkr18c12                  6.627674        1.0000000E+00        0.0000000E+00
 hkr18c13                  42.07546        1.0000000E+00        0.0000000E+00
 hkr18c14                  1.552689        1.0000000E+00        0.0000000E+00
 hkr18c15                  20.97082        1.0000000E+00        0.0000000E+00
 hkr18c16                  13.43173        1.0000000E+00        0.0000000E+00
 hkr18c17                  1.396806        1.0000000E+00        0.0000000E+00
 hkr18c18                  1.199926        1.0000000E+00        0.0000000E+00
 hkr18c19                  3.701148        1.0000000E+00        0.0000000E+00
 hkr19c00                  14.56291        1.0000000E+00        0.0000000E+00
 hkr19c01                 0.9766275        1.0000000E+00        0.0000000E+00
 hkr19c02                  3.052989        1.0000000E+00        0.0000000E+00
 hkr19c03                  1.479041        1.0000000E+00        0.0000000E+00
 hkr19c08                 0.9343309        1.0000000E+00        0.0000000E+00
 hkr19c09                  1.433138        1.0000000E+00        0.0000000E+00
 hkr19c10                  4.696805        1.0000000E+00        0.0000000E+00
 hkr19c11                  1.185037        1.0000000E+00        0.0000000E+00
 hkr19c12                  1.845961        1.0000000E+00        0.0000000E+00
 hkr19c13                  30.78927        1.0000000E+00        0.0000000E+00
 hkr19c14                  10.99835        1.0000000E+00        0.0000000E+00
 hkr19c15                  9.210659        1.0000000E+00        0.0000000E+00
 hkr19c16                  1.312361        1.0000000E+00        0.0000000E+00
 hkr19c17                  3.160789        1.0000000E+00        0.0000000E+00
 hkr19c18                   1.63184        1.0000000E+00        0.0000000E+00
 hkr19c19                  11.91306        1.0000000E+00        0.0000000E+00
 hkr20c00                  6.631185        1.0000000E+00        0.0000000E+00
 hkr20c01                  7.209472        1.0000000E+00        0.0000000E+00
 hkr20c02                   107.199        1.0000000E+00        0.0000000E+00
 hkr20c03                  2.913025        1.0000000E+00        0.0000000E+00
 hkr20c08                  13.72907        1.0000000E+00        0.0000000E+00
 hkr20c09                  20.54146        1.0000000E+00        0.0000000E+00
 hkr20c10                  16.71018        1.0000000E+00        0.0000000E+00
 hkr20c11                  18.27784        1.0000000E+00        0.0000000E+00
 hkr20c12                  31.10338        1.0000000E+00        0.0000000E+00
 hkr20c13                  11.59814        1.0000000E+00        0.0000000E+00
 hkr20c14                   6.46667        1.0000000E+00        0.0000000E+00
 hkr20c15                     1.128        1.0000000E+00        0.0000000E+00
 hkr20c16                  1.525062        1.0000000E+00        0.0000000E+00
 hkr20c17                  2.182831        1.0000000E+00        0.0000000E+00
 hkr20c18                  4.314452        1.0000000E+00        0.0000000E+00
 hkr20c19                  3.887385        1.0000000E+00        0.0000000E+00
 hkr21c00                  13.37339        1.0000000E+00        0.0000000E+00
 hkr21c01                  1.733033        1.0000000E+00        0.0000000E+00
 hkr21c02                  3.428396        1.0000000E+00        0.0000000E+00
 hkr21c03                  3.493265        1.0000000E+00        0.0000000E+00
 hkr21c06                  1.202798        1.0000000E+00        0.0000000E+00
 hkr21c07                  3.495523        1.0000000E+00        0.0000000E+00
 hkr21c08                  6.998117        1.0000000E+00        0.0000000E+00
 hkr21c09                  14.04096        1.0000000E+00        0.0000000E+00
 hkr21c10                  3.101376        1.0000000E+00        0.0000000E+00
 hkr21c11                  2.364697        1.0000000E+00        0.0000000E+00
 hkr21c12                  12.67856        1.0000000E+00        0.0000000E+00
 hkr21c13                  4.705692        1.0000000E+00        0.0000000E+00
 hkr21c14                 0.9708704        1.0000000E+00        0.0000000E+00
 hkr21c15                  6.936294        1.0000000E+00        0.0000000E+00
 hkr21c16                  4.973948        1.0000000E+00        0.0000000E+00
 hkr21c17                  3.556055        1.0000000E+00        0.0000000E+00
 hkr21c18                  1.728769        1.0000000E+00        0.0000000E+00
 hkr21c19                  7.827217        1.0000000E+00        0.0000000E+00
 hkr22c00                  10.73936        1.0000000E+00        0.0000000E+00
 hkr22c01                  1.601204        1.0000000E+00        0.0000000E+00
 hkr22c02                  16.41267        1.0000000E+00        0.0000000E+00
 hkr22c03                  2.313366        1.0000000E+00        0.0000000E+00
 hkr22c04                  4.864448        1.0000000E+00        0.0000000E+00
 hkr22c06                  10.26904        1.0000000E+00        0.0000000E+00
 hkr22c07                  15.83479        1.0000000E+00        0.0000000E+00
 hkr22c08                 0.3123432        1.0000000E+00        0.0000000E+00
 hkr22c09                  14.30271        1.0000000E+00        0.0000000E+00
 hkr22c10                  28.26426        1.0000000E+00        0.0000000E+00
 hkr22c11                  2.201048        1.0000000E+00        0.0000000E+00
 hkr22c12                  5.458696        1.0000000E+00        0.0000000E+00
 hkr22c13                   2.91894        1.0000000E+00        0.0000000E+00
 hkr22c14                   2.84725        1.0000000E+00        0.0000000E+00
 hkr22c15                  18.30426        1.0000000E+00        0.0000000E+00
 hkr22c16                  1.714878        1.0000000E+00        0.0000000E+00
 hkr22c17                  6.174257        1.0000000E+00        0.0000000E+00
 hkr22c18                  1.036385        1.0000000E+00        0.0000000E+00
 hkr22c19                  1.834553        1.0000000E+00        0.0000000E+00
 hkr23c00                  2.361081        1.0000000E+00        0.0000000E+00
 hkr23c01                   43.7128        1.0000000E+00        0.0000000E+00
 hkr23c02                  1.721591        1.0000000E+00        0.0000000E+00
 hkr23c03                  1.363707        1.0000000E+00        0.0000000E+00
 hkr23c04                  27.96799        1.0000000E+00        0.0000000E+00
 hkr23c05                  4.089987        1.0000000E+00        0.0000000E+00
 hkr23c06                  6.558878        1.0000000E+00        0.0000000E+00
 hkr23c07                  3.163178        1.0000000E+00        0.0000000E+00
 hkr23c08                  6.977008        1.0000000E+00        0.0000000E+00
 hkr23c09                  9.994513        1.0000000E+00        0.0000000E+00
 hkr23c10                  6.174182        1.0000000E+00        0.0000000E+00
 hkr23c11                  7.087814        1.0000000E+00        0.0000000E+00
 hkr23c12                  1.038643        1.0000000E+00        0.0000000E+00
 hkr23c13                  2.684228        1.0000000E+00        0.0000000E+00
 hkr23c14                  22.50552        1.0000000E+00        0.0000000E+00
 hkr23c15                  21.22098        1.0000000E+00        0.0000000E+00
 hkr23c16                  3.975049        1.0000000E+00        0.0000000E+00
 hkr23c17                  6.833121        1.0000000E+00        0.0000000E+00
 hkr23c18                  2.168655        1.0000000E+00        0.0000000E+00
 hkr23c19                  33.47565        1.0000000E+00        0.0000000E+00
 hkr24c00                  4.832372        1.0000000E+00        0.0000000E+00
 hkr24c01                  6.323753        1.0000000E+00        0.0000000E+00
 hkr24c02                  5.552851        1.0000000E+00        0.0000000E+00
 hkr24c03                  15.66462        1.0000000E+00        0.0000000E+00
 hkr24c04                  5.042995        1.0000000E+00        0.0000000E+00
 hkr24c05                 0.8784494        1.0000000E+00        0.0000000E+00
 hkr24c06                  2.032142        1.0000000E+00        0.0000000E+00
 hkr24c07                  7.027801        1.0000000E+00        0.0000000E+00
 hkr24c08                  13.01712        1.0000000E+00        0.0000000E+00
 hkr24c09                  20.76858        1.0000000E+00        0.0000000E+00
 hkr24c10                  10.03635        1.0000000E+00        0.0000000E+00
 hkr24c11                  58.50483        1.0000000E+00        0.0000000E+00
 hkr24c12                  5.394293        1.0000000E+00        0.0000000E+00
 hkr24c13                  4.281951        1.0000000E+00        0.0000000E+00
 hkr24c14                  5.018943        1.0000000E+00        0.0000000E+00
 hkr24c15                  3.798681        1.0000000E+00        0.0000000E+00
 hkr24c16                 0.6335856        1.0000000E+00        0.0000000E+00
 hkr24c17                  6.909397        1.0000000E+00        0.0000000E+00
 hkr24c18                  1.353012        1.0000000E+00        0.0000000E+00
 hkr24c19                  3.880693        1.0000000E+00        0.0000000E+00
 hkr25c00                  12.31585        1.0000000E+00        0.0000000E+00
 hkr25c01                  12.05076        1.0000000E+00        0.0000000E+00
 hkr25c02                  2.298487        1.0000000E+00        0.0000000E+00
 hkr25c03                  12.80878        1.0000000E+00        0.0000000E+00
 hkr25c04                  2.919411        1.0000000E+00        0.0000000E+00
 hkr25c05                  100.8463        1.0000000E+00        0.0000000E+00
 hkr25c06                  4.444132        1.0000000E+00        0.0000000E+00
 hkr25c07                  9.825294        1.0000000E+00        0.0000000E+00
 hkr25c08                  6.595116        1.0000000E+00        0.0000000E+00
 hkr25c09                  4.069494        1.0000000E+00        0.0000000E+00
 hkr25c10                  18.24989        1.0000000E+00        0.0000000E+00
 hkr25c11                  37.36008        1.0000000E+00        0.0000000E+00
 hkr25c12                  36.13653        1.0000000E+00        0.0000000E+00
 hkr25c13                  7.871154        1.0000000E+00        0.0000000E+00
 hkr25c14                   18.3001        1.0000000E+00        0.0000000E+00
 hkr25c15                  18.64191        1.0000000E+00        0.0000000E+00
 hkr25c16                  10.69429        1.0000000E+00        0.0000000E+00
 hkr25c17                 0.7431515        1.0000000E+00        0.0000000E+00
 hkr25c18                 0.8339779        1.0000000E+00        0.0000000E+00
 hkr25c19                  5.689762        1.0000000E+00        0.0000000E+00
 hkr26c00                  2.394043        1.0000000E+00        0.0000000E+00
 hkr26c01                   6.38654        1.0000000E+00        0.0000000E+00
 hkr26c02                  8.798224        1.0000000E+00        0.0000000E+00
 hkr26c03                  7.875279        1.0000000E+00        0.0000000E+00
 hkr26c04                  16.06919        1.0000000E+00        0.0000000E+00
 hkr26c05                    5.0869        1.0000000E+00        0.0000000E+00
 hkr26c06                  13.44375        1.0000000E+00        0.0000000E+00
 hkr26c07                  13.41577        1.0000000E+00        0.0000000E+00
 hkr26c08                  8.704449        1.0000000E+00        0.0000000E+00
 hkr26c09                  8.516725        1.0000000E+00        0.0000000E+00
 hkr26c10                  27.71009        1.0000000E+00        0.0000000E+00
 hkr26c11                  4.983607        1.0000000E+00        0.0000000E+00
 hkr26c12                  48.31266        1.0000000E+00        0.0000000E+00
 hkr26c13                  17.83992        1.0000000E+00        0.0000000E+00
 hkr26c14                  4.994468        1.0000000E+00        0.0000000E+00
 hkr26c15                  5.804443        1.0000000E+00        0.0000000E+00
 hkr26c16                  10.54622        1.0000000E+00        0.0000000E+00
 hkr26c17                  3.003839        1.0000000E+00        0.0000000E+00
 hkr26c18                  2.294336        1.0000000E+00        0.0000000E+00
 hkr26c19                  28.11499        1.0000000E+00        0.0000000E+00
 hkr27c00                   9.42513        1.0000000E+00        0.0000000E+00
 hkr27c01                  9.185372        1.0000000E+00        0.0000000E+00
 hkr27c02                  11.55786        1.0000000E+00        0.0000000E+00
 hkr27c03                   2.26344        1.0000000E+00        0.0000000E+00
 hkr27c04                  4.618645        1.0000000E+00        0.0000000E+00
 hkr27c05                  4.473869        1.0000000E+00        0.0000000E+00
 hkr27c06                  7.146214        1.0000000E+00        0.0000000E+00
 hkr27c07                  20.66422        1.0000000E+00        0.0000000E+00
 hkr27c08                  16.37695        1.0000000E+00        0.0000000E+00
 hkr27c09                   9.19739        1.0000000E+00        0.0000000E+00
 hkr27c10                  1.894528        1.0000000E+00        0.0000000E+00
 hkr27c11                  3.374868        1.0000000E+00        0.0000000E+00
 hkr27c12                  30.05199        1.0000000E+00        0.0000000E+00
 hkr27c13                   22.2407        1.0000000E+00        0.0000000E+00
 hkr27c14                  5.104926        1.0000000E+00        0.0000000E+00
 hkr27c15                  15.04904        1.0000000E+00        0.0000000E+00
 hkr27c16                    5.2678        1.0000000E+00        0.0000000E+00
 hkr27c17                 0.4583081        1.0000000E+00        0.0000000E+00
 hkr27c18                  7.099533        1.0000000E+00        0.0000000E+00
 hkr27c19                  8.676639        1.0000000E+00        0.0000000E+00
 hkr28c00                  2.312862        1.0000000E+00        0.0000000E+00
 hkr28c01                  35.31944        1.0000000E+00        0.0000000E+00
 hkr28c02                  3.750663        1.0000000E+00        0.0000000E+00
 hkr28c03                  12.79105        1.0000000E+00        0.0000000E+00
 hkr28c04                 0.5314228        1.0000000E+00        0.0000000E+00
 hkr28c05                  2.751501        1.0000000E+00        0.0000000E+00
 hkr28c06                  15.03663        1.0000000E+00        0.0000000E+00
 hkr28c07                  1.650275        1.0000000E+00        0.0000000E+00
 hkr28c08                  11.76668        1.0000000E+00        0.0000000E+00
 hkr28c09                  8.148994        1.0000000E+00        0.0000000E+00
 hkr28c10                 0.6551796        1.0000000E+00        0.0000000E+00
 hkr28c11                 0.4713953        1.0000000E+00        0.0000000E+00
 hkr28c12                  5.159834        1.0000000E+00        0.0000000E+00
 hkr28c13                  64.60472        1.0000000E+00        0.0000000E+00
 hkr28c14                 0.5907251        1.0000000E+00        0.0000000E+00
 hkr28c15                  5.216778        1.0000000E+00        0.0000000E+00
 hkr28c16                  7.274081        1.0000000E+00        0.0000000E+00
 hkr28c17                  3.509858        1.0000000E+00        0.0000000E+00
 hkr28c18                  20.09628        1.0000000E+00        0.0000000E+00
 hkr28c19                   6.65732        1.0000000E+00        0.0000000E+00
 hkr29c00                  16.67167        1.0000000E+00        0.0000000E+00
 hkr29c01                  10.12567        1.0000000E+00        0.0000000E+00
 hkr29c02                  6.390598        1.0000000E+00        0.0000000E+00
 hkr29c03                  3.094414        1.0000000E+00        0.0000000E+00
 hkr29c04                  6.345975        1.0000000E+00        0.0000000E+00
 hkr29c05                  2.750953        1.0000000E+00        0.0000000E+00
 hkr29c06                  3.289731        1.0000000E+00        0.0000000E+00
 hkr29c07                  3.107375        1.0000000E+00        0.0000000E+00
 hkr29c08                  5.243899        1.0000000E+00        0.0000000E+00
 hkr29c09                  28.37143        1.0000000E+00        0.0000000E+00
 hkr29c10                 0.8220335        1.0000000E+00        0.0000000E+00
 hkr29c11                  14.55754        1.0000000E+00        0.0000000E+00
 hkr29c12                  3.748624        1.0000000E+00        0.0000000E+00
 hkr29c13                  85.50455        1.0000000E+00        0.0000000E+00
 hkr29c14                  13.91816        1.0000000E+00        0.0000000E+00
 hkr29c15                  7.195555        1.0000000E+00        0.0000000E+00
 hkr29c16                  2.009937        1.0000000E+00        0.0000000E+00
 hkr29c17                  4.947648        1.0000000E+00        0.0000000E+00
 hkr29c18                  2.492927        1.0000000E+00        0.0000000E+00
 hkr29c19                  54.15624        1.0000000E+00        0.0000000E+00
 hkr30c00                  18.89537        1.0000000E+00        0.0000000E+00
 hkr30c01                  5.912776        1.0000000E+00        0.0000000E+00
 hkr30c02                   19.6626        1.0000000E+00        0.0000000E+00
 hkr30c03                  13.05572        1.0000000E+00        0.0000000E+00
 hkr30c04                  12.68711        1.0000000E+00        0.0000000E+00
 hkr30c05                  3.345148        1.0000000E+00        0.0000000E+00
 hkr30c06                  12.23964        1.0000000E+00        0.0000000E+00
 hkr30c07                  1.395204        1.0000000E+00        0.0000000E+00
 hkr30c08                  16.79244        1.0000000E+00        0.0000000E+00
 hkr30c09                   60.2665        1.0000000E+00        0.0000000E+00
 hkr30c10                  38.77975        1.0000000E+00        0.0000000E+00
 hkr30c11                  7.292364        1.0000000E+00        0.0000000E+00
 hkr30c12                   19.7226        1.0000000E+00        0.0000000E+00
 hkr30c13                  31.95911        1.0000000E+00        0.0000000E+00
 hkr30c14                  4.580919        1.0000000E+00        0.0000000E+00
 hkr30c15                  14.31356        1.0000000E+00        0.0000000E+00
 hkr30c16                  3.653928        1.0000000E+00        0.0000000E+00
 hkr30c17                  6.912097        1.0000000E+00        0.0000000E+00
 hkr30c18                  4.000827        1.0000000E+00        0.0000000E+00
 hkr30c19                  2.763642        1.0000000E+00        0.0000000E+00
 hkr31c00                  2.088161        1.0000000E+00        0.0000000E+00
 hkr31c01                  10.57954        1.0000000E+00        0.0000000E+00
 hkr31c02                  4.953003        1.0000000E+00        0.0000000E+00
 hkr31c03                  3.284606        1.0000000E+00        0.0000000E+00
 hkr31c04                  4.346461        1.0000000E+00        0.0000000E+00
 hkr31c05                  11.12626        1.0000000E+00        0.0000000E+00
 hkr31c06                 0.9409615        1.0000000E+00        0.0000000E+00
 hkr31c07                  13.98573        1.0000000E+00        0.0000000E+00
 hkr31c08                  2.192737        1.0000000E+00        0.0000000E+00
 hkr31c09                  20.47745        1.0000000E+00        0.0000000E+00
 hkr31c10                  20.49571        1.0000000E+00        0.0000000E+00
 hkr31c11                  6.488304        1.0000000E+00        0.0000000E+00
 hkr31c12                  12.83362        1.0000000E+00        0.0000000E+00
 hkr31c13                  24.65346        1.0000000E+00        0.0000000E+00
 hkr31c14                 0.8645994        1.0000000E+00        0.0000000E+00
 hkr31c15                  7.389007        1.0000000E+00        0.0000000E+00
 hkr31c16                  17.51176        1.0000000E+00        0.0000000E+00
 hkr31c17                   3.41621        1.0000000E+00        0.0000000E+00
 hkr31c18                  1.766363        1.0000000E+00        0.0000000E+00
 hkr31c19                  4.172911        1.0000000E+00        0.0000000E+00
 hkr32c01                   2.81656        1.0000000E+00        0.0000000E+00
 hkr32c02                  22.34667        1.0000000E+00        0.0000000E+00
 hkr32c03                   1.11558        1.0000000E+00        0.0000000E+00
 hkr32c04                  14.31076        1.0000000E+00        0.0000000E+00
 hkr32c05                  19.92029        1.0000000E+00        0.0000000E+00
 hkr32c06                  29.00854        1.0000000E+00        0.0000000E+00
 hkr32c07                  3.442877        1.0000000E+00        0.0000000E+00
 hkr32c08                  9.283268        1.0000000E+00        0.0000000E+00
 hkr32c09                  8.289707        1.0000000E+00        0.0000000E+00
 hkr32c10                  30.87924        1.0000000E+00        0.0000000E+00
 hkr32c11                  6.464726        1.0000000E+00        0.0000000E+00
 hkr32c12                  7.801793        1.0000000E+00        0.0000000E+00
 hkr32c13                  11.41141        1.0000000E+00        0.0000000E+00
 hkr32c14                  1.094915        1.0000000E+00        0.0000000E+00
 hkr32c15                  1.879019        1.0000000E+00        0.0000000E+00
 hkr32c16                  16.80873        1.0000000E+00        0.0000000E+00
 hkr32c17                  1.518048        1.0000000E+00        0.0000000E+00
 hkr32c18                  10.81574        1.0000000E+00        0.0000000E+00
 hkr32c19                  8.591351        1.0000000E+00        0.0000000E+00
 hkr33c02                  17.69713        1.0000000E+00        0.0000000E+00
 hkr33c03                   5.71508        1.0000000E+00        0.0000000E+00
 hkr33c04                  13.37937        1.0000000E+00        0.0000000E+00
 hkr33c05                   3.31103        1.0000000E+00        0.0000000E+00
 hkr33c06                  10.65525        1.0000000E+00        0.0000000E+00
 hkr33c07                  7.001893        1.0000000E+00        0.0000000E+00
 hkr33c08                  7.349687        1.0000000E+00        0.0000000E+00
 hkr33c09                  3.103215        1.0000000E+00        0.0000000E+00
 hkr33c10                  7.284528        1.0000000E+00        0.0000000E+00
 hkr33c11                  1.616287        1.0000000E+00        0.0000000E+00
 hkr33c12                  4.653035        1.0000000E+00        0.0000000E+00
 hkr33c13                  12.39387        1.0000000E+00        0.0000000E+00
 hkr33c14                  1.013073        1.0000000E+00        0.0000000E+00
 hkr33c15                  19.28561        1.0000000E+00        0.0000000E+00
 hkr33c16                  17.34671        1.0000000E+00        0.0000000E+00
 hkr33c17                  9.637657        1.0000000E+00        0.0000000E+00
 hkr33c18                  1.485955        1.0000000E+00        0.0000000E+00
 hkr33c19                  5.965258        1.0000000E+00        0.0000000E+00
 hkr34c03                 0.6570794        1.0000000E+00        0.0000000E+00
 hkr34c04                  6.702083        1.0000000E+00        0.0000000E+00
 hkr34c05                  3.359178        1.0000000E+00        0.0000000E+00
 hkr34c06                   3.01065        1.0000000E+00        0.0000000E+00
 hkr34c07                  15.65992        1.0000000E+00        0.0000000E+00
 hkr34c08                  8.414195        1.0000000E+00        0.0000000E+00
 hkr34c09                   7.45321        1.0000000E+00        0.0000000E+00
 hkr34c10                  1.557326        1.0000000E+00        0.0000000E+00
 hkr34c11                    8.8453        1.0000000E+00        0.0000000E+00
 hkr34c12                  3.827967        1.0000000E+00        0.0000000E+00
 hkr34c13                  3.547046        1.0000000E+00        0.0000000E+00
 hkr34c14                  12.06499        1.0000000E+00        0.0000000E+00
 hkr34c15                  3.085781        1.0000000E+00        0.0000000E+00
 hkr34c16                  17.45229        1.0000000E+00        0.0000000E+00
 hkr34c17                  12.81267        1.0000000E+00        0.0000000E+00
 hkr34c18                  7.847439        1.0000000E+00        0.0000000E+00
 hkr34c19                  2.305068        1.0000000E+00        0.0000000E+00
 hkr35c04                  1.674069        1.0000000E+00        0.0000000E+00
 hkr35c05                  14.59229        1.0000000E+00        0.0000000E+00
 hkr35c06                  11.80789        1.0000000E+00        0.0000000E+00
 hkr35c07                  1.860098        1.0000000E+00        0.0000000E+00
 hkr35c08                  11.95104        1.0000000E+00        0.0000000E+00
 hkr35c09                  4.883849        1.0000000E+00        0.0000000E+00
 hkr35c10                  9.845642        1.0000000E+00        0.0000000E+00
 hkr35c11                  5.944969        1.0000000E+00        0.0000000E+00
 hkr35c12                 0.9750949        1.0000000E+00        0.0000000E+00
 hkr35c13                  64.15312        1.0000000E+00        0.0000000E+00
 hkr35c14                  0.590125        1.0000000E+00        0.0000000E+00
 hkr35c15                  1.027895        1.0000000E+00        0.0000000E+00
 hkr35c16                  1.722537        1.0000000E+00        0.0000000E+00
 hkr35c17                  12.20304        1.0000000E+00        0.0000000E+00
 hkr35c18                  5.638818        1.0000000E+00        0.0000000E+00
 hkr36c04                  2.206463        1.0000000E+00        0.0000000E+00
 hkr36c05                  1.681652        1.0000000E+00        0.0000000E+00
 hkr36c06                  29.03062        1.0000000E+00        0.0000000E+00
 hkr36c07                   2.21747        1.0000000E+00        0.0000000E+00
 hkr36c08                  12.34387        1.0000000E+00        0.0000000E+00
 hkr36c09                   49.9293        1.0000000E+00        0.0000000E+00
 hkr36c10                  6.372347        1.0000000E+00        0.0000000E+00
 hkr36c11                  8.527423        1.0000000E+00        0.0000000E+00
 hkr36c12                  3.534047        1.0000000E+00        0.0000000E+00
 hkr36c13                  2.997506        1.0000000E+00        0.0000000E+00
 hkr36c14                  1.735137        1.0000000E+00        0.0000000E+00
 hkr36c15                  5.303906        1.0000000E+00        0.0000000E+00
 hkr36c16                  7.099799        1.0000000E+00        0.0000000E+00
 hkr36c17                  11.11304        1.0000000E+00        0.0000000E+00
 hkr36c18                   11.8828        1.0000000E+00        0.0000000E+00
 hkr37c05                 0.5148354        1.0000000E+00        0.0000000E+00
 hkr37c06                  3.333836        1.0000000E+00        0.0000000E+00
 hkr37c07                  2.762301        1.0000000E+00        0.0000000E+00
 hkr37c08                  2.305262        1.0000000E+00        0.0000000E+00
 hkr37c09                  11.56965        1.0000000E+00        0.0000000E+00
 hkr37c10                  10.58123        1.0000000E+00        0.0000000E+00
 hkr37c11                  2.633996        1.0000000E+00        0.0000000E+00
 hkr37c12                  1.020403        1.0000000E+00        0.0000000E+00
 hkr37c13                  2.783236        1.0000000E+00        0.0000000E+00
 hkr37c14                  3.066181        1.0000000E+00        0.0000000E+00
 hkr37c15                  4.838053        1.0000000E+00        0.0000000E+00
 hkr37c16                  4.956456        1.0000000E+00        0.0000000E+00
 hkr37c17                  4.178568        1.0000000E+00        0.0000000E+00
 hkr38c05                   21.1464        1.0000000E+00        0.0000000E+00
 hkr38c06                  32.02022        1.0000000E+00        0.0000000E+00
 hkr38c07                  42.92883        1.0000000E+00        0.0000000E+00
 hkr38c08                   5.44539        1.0000000E+00        0.0000000E+00
 hkr38c09                  8.362585        1.0000000E+00        0.0000000E+00
 hkr38c10                 0.7585252        1.0000000E+00        0.0000000E+00
 hkr38c11                 0.9676182        1.0000000E+00        0.0000000E+00
 hkr38c12                  45.90876        1.0000000E+00        0.0000000E+00
 hkr38c13                  2.666855        1.0000000E+00        0.0000000E+00
 hkr38c14                  4.228671        1.0000000E+00        0.0000000E+00
 hkr38c15                  7.078254        1.0000000E+00        0.0000000E+00
 hkr38c16                  1.727329        1.0000000E+00        0.0000000E+00
 hkr39c05                   31.4853        1.0000000E+00        0.0000000E+00
 hkr39c06                  38.32471        1.0000000E+00        0.0000000E+00
 hkr39c07                  0.991429        1.0000000E+00        0.0000000E+00
 hkr39c08                  7.593045        1.0000000E+00        0.0000000E+00
 hkr39c09                  11.44236        1.0000000E+00        0.0000000E+00
 hkr39c10                   6.99228        1.0000000E+00        0.0000000E+00
 hkr39c11                  4.918272        1.0000000E+00        0.0000000E+00
 hkr39c12                  5.888276        1.0000000E+00        0.0000000E+00
 hkr39c13                  10.18702        1.0000000E+00        0.0000000E+00
 hkr39c14                  6.067576        1.0000000E+00        0.0000000E+00
