single point
rch_1                    0.994256        1.0000000E+00        0.0000000E+00
rch_2                     1.00351        1.0000000E+00        0.0000000E+00
rcond00                  -3344.91        1.0000000E+00        0.0000000E+00
rcond01                   6580.55        1.0000000E+00        0.0000000E+00
rcond02                  -86.7156        1.0000000E+00        0.0000000E+00
rcond03                  -14208.9        1.0000000E+00        0.0000000E+00
rcond04                   15305.6        1.0000000E+00        0.0000000E+00
rcond05                     12512        1.0000000E+00        0.0000000E+00
rcond06                   3623.31        1.0000000E+00        0.0000000E+00
rcond07                   9244.24        1.0000000E+00        0.0000000E+00
rcond08                  -7548.03        1.0000000E+00        0.0000000E+00
rcond09                    8821.4        1.0000000E+00        0.0000000E+00
rcond10                   2697.46        1.0000000E+00        0.0000000E+00
rcond11                   1242.95        1.0000000E+00        0.0000000E+00
rcond12                   8062.21        1.0000000E+00        0.0000000E+00
rcond13                   7920.28        1.0000000E+00        0.0000000E+00
rcond14                  -587.817        1.0000000E+00        0.0000000E+00
rcond15                   5969.95        1.0000000E+00        0.0000000E+00
rcond16                    1979.9        1.0000000E+00        0.0000000E+00
rcond17                  -12668.7        1.0000000E+00        0.0000000E+00
rcond18                   8320.89        1.0000000E+00        0.0000000E+00
rcond19                   16754.7        1.0000000E+00        0.0000000E+00
rcond20                   -6858.9        1.0000000E+00        0.0000000E+00
rcond21                   2296.62        1.0000000E+00        0.0000000E+00
rcond22                  -978.092        1.0000000E+00        0.0000000E+00
rcond23                   4278.62        1.0000000E+00        0.0000000E+00
rcond24                   5304.45        1.0000000E+00        0.0000000E+00
rcond25                   23396.6        1.0000000E+00        0.0000000E+00
rcond26                   25118.5        1.0000000E+00        0.0000000E+00
rcond27                   11679.1        1.0000000E+00        0.0000000E+00
rcond28                  -26127.1        1.0000000E+00        0.0000000E+00
rcond29                  -1182.26        1.0000000E+00        0.0000000E+00
rcond30                  -11410.7        1.0000000E+00        0.0000000E+00
rcond31                   19998.9        1.0000000E+00        0.0000000E+00
rcond32                   6129.29        1.0000000E+00        0.0000000E+00
rcond33                    1489.7        1.0000000E+00        0.0000000E+00
rcond34                   2412.64        1.0000000E+00        0.0000000E+00
rcond35                   3044.19        1.0000000E+00        0.0000000E+00
rcond36                   12342.3        1.0000000E+00        0.0000000E+00
rcond37                  -2769.01        1.0000000E+00        0.0000000E+00
rcond38                  -11528.6        1.0000000E+00        0.0000000E+00
rcond39                   3439.47        1.0000000E+00        0.0000000E+00
ss                   -0.000111709        1.0000000E+00        0.0000000E+00
sy                      0.0172432        1.0000000E+00        0.0000000E+00
wf1_1                     709.532        1.0000000E+00        0.0000000E+00
wf2_1                     359.707        1.0000000E+00        0.0000000E+00
wf3_1                     356.749        1.0000000E+00        0.0000000E+00
wf4_1                     76.9322        1.0000000E+00        0.0000000E+00
wf5_1                      64.681        1.0000000E+00        0.0000000E+00
wf6_1                     376.966        1.0000000E+00        0.0000000E+00
wf1_2                     706.922        1.0000000E+00        0.0000000E+00
wf2_2                     433.168        1.0000000E+00        0.0000000E+00
wf3_2                     407.794        1.0000000E+00        0.0000000E+00
wf4_2                     131.104        1.0000000E+00        0.0000000E+00
wf5_2                     97.9912        1.0000000E+00        0.0000000E+00
wf6_2                      344.63        1.0000000E+00        0.0000000E+00
hkr00c00                 -9.33873        1.0000000E+00        0.0000000E+00
hkr00c01                  3.19038        1.0000000E+00        0.0000000E+00
hkr00c02                  18.6745        1.0000000E+00        0.0000000E+00
hkr00c03                  29.3189        1.0000000E+00        0.0000000E+00
hkr00c04                  -11.857        1.0000000E+00        0.0000000E+00
hkr00c05               0.00288348        1.0000000E+00        0.0000000E+00
hkr00c06                  51.7486        1.0000000E+00        0.0000000E+00
hkr00c07                 -3.37294        1.0000000E+00        0.0000000E+00
hkr00c08                  34.0655        1.0000000E+00        0.0000000E+00
hkr00c09                    16.34        1.0000000E+00        0.0000000E+00
hkr00c10                 -30.1289        1.0000000E+00        0.0000000E+00
hkr00c11                 -4.08781        1.0000000E+00        0.0000000E+00
hkr00c12                  16.2224        1.0000000E+00        0.0000000E+00
hkr00c13                 -7.60865        1.0000000E+00        0.0000000E+00
hkr00c14                  24.2531        1.0000000E+00        0.0000000E+00
hkr00c15                  7.00378        1.0000000E+00        0.0000000E+00
hkr00c16                 -2.37053        1.0000000E+00        0.0000000E+00
hkr00c17                  17.6488        1.0000000E+00        0.0000000E+00
hkr00c18                  9.15095        1.0000000E+00        0.0000000E+00
hkr00c19                  4.16268        1.0000000E+00        0.0000000E+00
hkr01c00                  5.01508        1.0000000E+00        0.0000000E+00
hkr01c01                 -2.16394        1.0000000E+00        0.0000000E+00
hkr01c02                 -11.3412        1.0000000E+00        0.0000000E+00
hkr01c03                 -11.0135        1.0000000E+00        0.0000000E+00
hkr01c04                  6.42354        1.0000000E+00        0.0000000E+00
hkr01c05                      8.9        1.0000000E+00        0.0000000E+00
hkr01c06                 0.861995        1.0000000E+00        0.0000000E+00
hkr01c07                  17.5583        1.0000000E+00        0.0000000E+00
hkr01c08                  -15.573        1.0000000E+00        0.0000000E+00
hkr01c09                  28.6184        1.0000000E+00        0.0000000E+00
hkr01c10                 -4.10935        1.0000000E+00        0.0000000E+00
hkr01c11                  13.1325        1.0000000E+00        0.0000000E+00
hkr01c12                 -29.5498        1.0000000E+00        0.0000000E+00
hkr01c13                   -2.232        1.0000000E+00        0.0000000E+00
hkr01c14                 -19.6431        1.0000000E+00        0.0000000E+00
hkr01c15                   11.367        1.0000000E+00        0.0000000E+00
hkr01c16                  18.4056        1.0000000E+00        0.0000000E+00
hkr01c17                 -2.57452        1.0000000E+00        0.0000000E+00
hkr01c18                  22.1947        1.0000000E+00        0.0000000E+00
hkr01c19                  10.8571        1.0000000E+00        0.0000000E+00
hkr02c00                 -4.37098        1.0000000E+00        0.0000000E+00
hkr02c01                  2.80836        1.0000000E+00        0.0000000E+00
hkr02c02                  3.77651        1.0000000E+00        0.0000000E+00
hkr02c03                 0.763884        1.0000000E+00        0.0000000E+00
hkr02c04                   16.525        1.0000000E+00        0.0000000E+00
hkr02c05                  19.8879        1.0000000E+00        0.0000000E+00
hkr02c06                 -21.6464        1.0000000E+00        0.0000000E+00
hkr02c07                 -4.65945        1.0000000E+00        0.0000000E+00
hkr02c08                  16.5092        1.0000000E+00        0.0000000E+00
hkr02c09                 -2.60264        1.0000000E+00        0.0000000E+00
hkr02c10                  40.4663        1.0000000E+00        0.0000000E+00
hkr02c11                  25.9786        1.0000000E+00        0.0000000E+00
hkr02c12                  11.4538        1.0000000E+00        0.0000000E+00
hkr02c13                  9.78449        1.0000000E+00        0.0000000E+00
hkr02c14                  3.35644        1.0000000E+00        0.0000000E+00
hkr02c15                  33.0697        1.0000000E+00        0.0000000E+00
hkr02c16                  9.94538        1.0000000E+00        0.0000000E+00
hkr02c17                  10.2529        1.0000000E+00        0.0000000E+00
hkr02c18                 -15.4287        1.0000000E+00        0.0000000E+00
hkr02c19                  23.5197        1.0000000E+00        0.0000000E+00
hkr03c00                 -5.91735        1.0000000E+00        0.0000000E+00
hkr03c01                  10.0732        1.0000000E+00        0.0000000E+00
hkr03c02                  12.3075        1.0000000E+00        0.0000000E+00
hkr03c03                  6.33044        1.0000000E+00        0.0000000E+00
hkr03c04                  25.1844        1.0000000E+00        0.0000000E+00
hkr03c05                  42.5187        1.0000000E+00        0.0000000E+00
hkr03c06                  10.5609        1.0000000E+00        0.0000000E+00
hkr03c07                  20.0231        1.0000000E+00        0.0000000E+00
hkr03c08                 -6.14158        1.0000000E+00        0.0000000E+00
hkr03c09                  26.9264        1.0000000E+00        0.0000000E+00
hkr03c10                   13.411        1.0000000E+00        0.0000000E+00
hkr03c11                  6.94416        1.0000000E+00        0.0000000E+00
hkr03c12                 -13.7003        1.0000000E+00        0.0000000E+00
hkr03c13                  26.1385        1.0000000E+00        0.0000000E+00
hkr03c14                 -4.51403        1.0000000E+00        0.0000000E+00
hkr03c15                 -2.96638        1.0000000E+00        0.0000000E+00
hkr03c16                   19.695        1.0000000E+00        0.0000000E+00
hkr03c17                  17.7313        1.0000000E+00        0.0000000E+00
hkr03c18                  2.53406        1.0000000E+00        0.0000000E+00
hkr03c19                  20.1549        1.0000000E+00        0.0000000E+00
hkr04c00                   11.538        1.0000000E+00        0.0000000E+00
hkr04c01                 -2.01099        1.0000000E+00        0.0000000E+00
hkr04c02                  9.36911        1.0000000E+00        0.0000000E+00
hkr04c03                  19.4225        1.0000000E+00        0.0000000E+00
hkr04c04                  15.8204        1.0000000E+00        0.0000000E+00
hkr04c05                 -10.7178        1.0000000E+00        0.0000000E+00
hkr04c06                   17.652        1.0000000E+00        0.0000000E+00
hkr04c07                 -15.4362        1.0000000E+00        0.0000000E+00
hkr04c08                 -9.31472        1.0000000E+00        0.0000000E+00
hkr04c09                 -5.20355        1.0000000E+00        0.0000000E+00
hkr04c10                 -14.7714        1.0000000E+00        0.0000000E+00
hkr04c11                 -11.2964        1.0000000E+00        0.0000000E+00
hkr04c12                  -27.886        1.0000000E+00        0.0000000E+00
hkr04c13                 -19.8696        1.0000000E+00        0.0000000E+00
hkr04c14                  7.57107        1.0000000E+00        0.0000000E+00
hkr04c15                 0.735626        1.0000000E+00        0.0000000E+00
hkr04c16                  22.3797        1.0000000E+00        0.0000000E+00
hkr04c17                 0.190784        1.0000000E+00        0.0000000E+00
hkr04c18                 -13.9667        1.0000000E+00        0.0000000E+00
hkr04c19                  33.4725        1.0000000E+00        0.0000000E+00
hkr05c00                  17.0881        1.0000000E+00        0.0000000E+00
hkr05c01                 -11.5704        1.0000000E+00        0.0000000E+00
hkr05c02                   31.093        1.0000000E+00        0.0000000E+00
hkr05c03                  40.7502        1.0000000E+00        0.0000000E+00
hkr05c04                  3.40758        1.0000000E+00        0.0000000E+00
hkr05c05                 -6.42135        1.0000000E+00        0.0000000E+00
hkr05c06                  -18.503        1.0000000E+00        0.0000000E+00
hkr05c07                  12.0595        1.0000000E+00        0.0000000E+00
hkr05c08                  11.8178        1.0000000E+00        0.0000000E+00
hkr05c09                  26.6344        1.0000000E+00        0.0000000E+00
hkr05c10                  13.1691        1.0000000E+00        0.0000000E+00
hkr05c11                  -23.741        1.0000000E+00        0.0000000E+00
hkr05c12                  14.7776        1.0000000E+00        0.0000000E+00
hkr05c13                 -15.9122        1.0000000E+00        0.0000000E+00
hkr05c14                  0.80068        1.0000000E+00        0.0000000E+00
hkr05c15                  13.7488        1.0000000E+00        0.0000000E+00
hkr05c16                  2.29503        1.0000000E+00        0.0000000E+00
hkr05c17                 -7.73266        1.0000000E+00        0.0000000E+00
hkr05c18                 -9.90841        1.0000000E+00        0.0000000E+00
hkr05c19                  17.7672        1.0000000E+00        0.0000000E+00
hkr06c00                 -2.14801        1.0000000E+00        0.0000000E+00
hkr06c01                 -4.91843        1.0000000E+00        0.0000000E+00
hkr06c02                  2.17787        1.0000000E+00        0.0000000E+00
hkr06c03                  19.6051        1.0000000E+00        0.0000000E+00
hkr06c04                   1.1114        1.0000000E+00        0.0000000E+00
hkr06c05                  2.17569        1.0000000E+00        0.0000000E+00
hkr06c06                  -1.6052        1.0000000E+00        0.0000000E+00
hkr06c07                 -19.5925        1.0000000E+00        0.0000000E+00
hkr06c08                  30.7419        1.0000000E+00        0.0000000E+00
hkr06c09                  5.69011        1.0000000E+00        0.0000000E+00
hkr06c10                  10.5074        1.0000000E+00        0.0000000E+00
hkr06c11                   23.292        1.0000000E+00        0.0000000E+00
hkr06c12                  12.7827        1.0000000E+00        0.0000000E+00
hkr06c13                 -11.1245        1.0000000E+00        0.0000000E+00
hkr06c14                 -4.95205        1.0000000E+00        0.0000000E+00
hkr06c15                 -5.11759        1.0000000E+00        0.0000000E+00
hkr06c16                  5.60707        1.0000000E+00        0.0000000E+00
hkr06c17                   7.3505        1.0000000E+00        0.0000000E+00
hkr06c18                 -9.45563        1.0000000E+00        0.0000000E+00
hkr06c19                  2.29436        1.0000000E+00        0.0000000E+00
hkr07c00                 -6.50204        1.0000000E+00        0.0000000E+00
hkr07c01                  6.36285        1.0000000E+00        0.0000000E+00
hkr07c02                  6.27091        1.0000000E+00        0.0000000E+00
hkr07c03                  4.24263        1.0000000E+00        0.0000000E+00
hkr07c04                  22.2288        1.0000000E+00        0.0000000E+00
hkr07c05                 -9.94231        1.0000000E+00        0.0000000E+00
hkr07c06                 -12.5692        1.0000000E+00        0.0000000E+00
hkr07c07                   -10.32        1.0000000E+00        0.0000000E+00
hkr07c08                  24.1941        1.0000000E+00        0.0000000E+00
hkr07c09                  4.47299        1.0000000E+00        0.0000000E+00
hkr07c10                  8.04549        1.0000000E+00        0.0000000E+00
hkr07c11                  11.7065        1.0000000E+00        0.0000000E+00
hkr07c12                  17.4733        1.0000000E+00        0.0000000E+00
hkr07c13                 -24.5126        1.0000000E+00        0.0000000E+00
hkr07c14                  20.6967        1.0000000E+00        0.0000000E+00
hkr07c15                  -18.394        1.0000000E+00        0.0000000E+00
hkr07c16                 -6.97278        1.0000000E+00        0.0000000E+00
hkr07c17                   23.748        1.0000000E+00        0.0000000E+00
hkr07c18                  23.3393        1.0000000E+00        0.0000000E+00
hkr07c19                  21.1601        1.0000000E+00        0.0000000E+00
hkr08c00                  1.91144        1.0000000E+00        0.0000000E+00
hkr08c01                   27.353        1.0000000E+00        0.0000000E+00
hkr08c02                 -19.0261        1.0000000E+00        0.0000000E+00
hkr08c03                  11.6206        1.0000000E+00        0.0000000E+00
hkr08c07                  20.3072        1.0000000E+00        0.0000000E+00
hkr08c08                  3.94994        1.0000000E+00        0.0000000E+00
hkr08c09                 -10.2439        1.0000000E+00        0.0000000E+00
hkr08c10                   9.4827        1.0000000E+00        0.0000000E+00
hkr08c11                   27.114        1.0000000E+00        0.0000000E+00
hkr08c12                  17.2391        1.0000000E+00        0.0000000E+00
hkr08c13                  26.4675        1.0000000E+00        0.0000000E+00
hkr08c14                   8.9701        1.0000000E+00        0.0000000E+00
hkr08c15                  21.4133        1.0000000E+00        0.0000000E+00
hkr08c16                 -3.71415        1.0000000E+00        0.0000000E+00
hkr08c17                 0.321641        1.0000000E+00        0.0000000E+00
hkr08c18                 -23.1431        1.0000000E+00        0.0000000E+00
hkr08c19                  12.9155        1.0000000E+00        0.0000000E+00
hkr09c00                  3.92064        1.0000000E+00        0.0000000E+00
hkr09c01                  17.9206        1.0000000E+00        0.0000000E+00
hkr09c02                  2.81905        1.0000000E+00        0.0000000E+00
hkr09c03                  33.8297        1.0000000E+00        0.0000000E+00
hkr09c08                  10.6805        1.0000000E+00        0.0000000E+00
hkr09c09                  8.92088        1.0000000E+00        0.0000000E+00
hkr09c10                  4.80473        1.0000000E+00        0.0000000E+00
hkr09c11                 -9.67711        1.0000000E+00        0.0000000E+00
hkr09c12                  14.5199        1.0000000E+00        0.0000000E+00
hkr09c13                  4.30288        1.0000000E+00        0.0000000E+00
hkr09c14                    6.724        1.0000000E+00        0.0000000E+00
hkr09c15                  6.00233        1.0000000E+00        0.0000000E+00
hkr09c16                -0.717842        1.0000000E+00        0.0000000E+00
hkr09c17                  19.8552        1.0000000E+00        0.0000000E+00
hkr09c18                 -3.29675        1.0000000E+00        0.0000000E+00
hkr09c19                  2.15786        1.0000000E+00        0.0000000E+00
hkr10c00                  6.59404        1.0000000E+00        0.0000000E+00
hkr10c01                  3.54272        1.0000000E+00        0.0000000E+00
hkr10c02                 -11.6662        1.0000000E+00        0.0000000E+00
hkr10c03                   14.851        1.0000000E+00        0.0000000E+00
hkr10c08                  8.97276        1.0000000E+00        0.0000000E+00
hkr10c09                  11.3024        1.0000000E+00        0.0000000E+00
hkr10c10                -0.645311        1.0000000E+00        0.0000000E+00
hkr10c11                 -2.63022        1.0000000E+00        0.0000000E+00
hkr10c12                  26.8142        1.0000000E+00        0.0000000E+00
hkr10c13                 -7.56333        1.0000000E+00        0.0000000E+00
hkr10c14                  10.1069        1.0000000E+00        0.0000000E+00
hkr10c15                  20.6579        1.0000000E+00        0.0000000E+00
hkr10c16                  10.2266        1.0000000E+00        0.0000000E+00
hkr10c17                  32.0991        1.0000000E+00        0.0000000E+00
hkr10c18                  29.1553        1.0000000E+00        0.0000000E+00
hkr10c19                 -9.81891        1.0000000E+00        0.0000000E+00
hkr11c00                  10.0984        1.0000000E+00        0.0000000E+00
hkr11c01                  -7.7031        1.0000000E+00        0.0000000E+00
hkr11c02                  41.9085        1.0000000E+00        0.0000000E+00
hkr11c03                   20.103        1.0000000E+00        0.0000000E+00
hkr11c08                 -5.36136        1.0000000E+00        0.0000000E+00
hkr11c09                  43.4985        1.0000000E+00        0.0000000E+00
hkr11c10                  7.87514        1.0000000E+00        0.0000000E+00
hkr11c11                  17.8148        1.0000000E+00        0.0000000E+00
hkr11c12                   8.0888        1.0000000E+00        0.0000000E+00
hkr11c13                  27.5438        1.0000000E+00        0.0000000E+00
hkr11c14                 -9.07938        1.0000000E+00        0.0000000E+00
hkr11c15                 -1.81616        1.0000000E+00        0.0000000E+00
hkr11c16                 -19.1538        1.0000000E+00        0.0000000E+00
hkr11c17                   19.296        1.0000000E+00        0.0000000E+00
hkr11c18                  14.6897        1.0000000E+00        0.0000000E+00
hkr11c19                 -36.6732        1.0000000E+00        0.0000000E+00
hkr12c00                  9.56595        1.0000000E+00        0.0000000E+00
hkr12c01                  24.1498        1.0000000E+00        0.0000000E+00
hkr12c02                   23.628        1.0000000E+00        0.0000000E+00
hkr12c03                  -5.3655        1.0000000E+00        0.0000000E+00
hkr12c08                  6.33761        1.0000000E+00        0.0000000E+00
hkr12c09                  24.6702        1.0000000E+00        0.0000000E+00
hkr12c10                  14.2312        1.0000000E+00        0.0000000E+00
hkr12c11                   19.127        1.0000000E+00        0.0000000E+00
hkr12c12                 -6.71879        1.0000000E+00        0.0000000E+00
hkr12c13                 -19.8596        1.0000000E+00        0.0000000E+00
hkr12c14                 -1.44651        1.0000000E+00        0.0000000E+00
hkr12c15                 -11.2609        1.0000000E+00        0.0000000E+00
hkr12c16                 -10.6645        1.0000000E+00        0.0000000E+00
hkr12c17                 -29.3044        1.0000000E+00        0.0000000E+00
hkr12c18                 -7.20147        1.0000000E+00        0.0000000E+00
hkr12c19                  39.5387        1.0000000E+00        0.0000000E+00
hkr13c00                 -11.9231        1.0000000E+00        0.0000000E+00
hkr13c01                  12.8708        1.0000000E+00        0.0000000E+00
hkr13c02                 -1.20687        1.0000000E+00        0.0000000E+00
hkr13c03                 -3.49842        1.0000000E+00        0.0000000E+00
hkr13c08                  11.7648        1.0000000E+00        0.0000000E+00
hkr13c09                  50.0601        1.0000000E+00        0.0000000E+00
hkr13c10                  6.19566        1.0000000E+00        0.0000000E+00
hkr13c11                  -10.883        1.0000000E+00        0.0000000E+00
hkr13c12                 -5.84581        1.0000000E+00        0.0000000E+00
hkr13c13                  19.1833        1.0000000E+00        0.0000000E+00
hkr13c14                  3.90012        1.0000000E+00        0.0000000E+00
hkr13c15                  16.4348        1.0000000E+00        0.0000000E+00
hkr13c16                 -3.06852        1.0000000E+00        0.0000000E+00
hkr13c17                  17.8695        1.0000000E+00        0.0000000E+00
hkr13c18                  12.1742        1.0000000E+00        0.0000000E+00
hkr13c19                  19.0336        1.0000000E+00        0.0000000E+00
hkr14c00                 -15.7791        1.0000000E+00        0.0000000E+00
hkr14c01                  9.07481        1.0000000E+00        0.0000000E+00
hkr14c02                  -38.797        1.0000000E+00        0.0000000E+00
hkr14c03                 -8.60165        1.0000000E+00        0.0000000E+00
hkr14c08                  6.16158        1.0000000E+00        0.0000000E+00
hkr14c09                  21.9732        1.0000000E+00        0.0000000E+00
hkr14c10                 -19.8968        1.0000000E+00        0.0000000E+00
hkr14c11                   27.622        1.0000000E+00        0.0000000E+00
hkr14c12                -0.100671        1.0000000E+00        0.0000000E+00
hkr14c13                 -6.53786        1.0000000E+00        0.0000000E+00
hkr14c14                  1.02664        1.0000000E+00        0.0000000E+00
hkr14c15               -0.0176157        1.0000000E+00        0.0000000E+00
hkr14c16                  13.8389        1.0000000E+00        0.0000000E+00
hkr14c17                  7.99699        1.0000000E+00        0.0000000E+00
hkr14c18                  3.65712        1.0000000E+00        0.0000000E+00
hkr14c19                   9.4752        1.0000000E+00        0.0000000E+00
hkr15c00                   16.377        1.0000000E+00        0.0000000E+00
hkr15c01                  8.27347        1.0000000E+00        0.0000000E+00
hkr15c02                 -1.34577        1.0000000E+00        0.0000000E+00
hkr15c03                 -1.25715        1.0000000E+00        0.0000000E+00
hkr15c08                     38.8        1.0000000E+00        0.0000000E+00
hkr15c09                  19.7042        1.0000000E+00        0.0000000E+00
hkr15c10                 -10.3878        1.0000000E+00        0.0000000E+00
hkr15c11                  6.82985        1.0000000E+00        0.0000000E+00
hkr15c12                 -6.80872        1.0000000E+00        0.0000000E+00
hkr15c13                 -9.16157        1.0000000E+00        0.0000000E+00
hkr15c14                  11.5611        1.0000000E+00        0.0000000E+00
hkr15c15                  8.73844        1.0000000E+00        0.0000000E+00
hkr15c16                  14.3978        1.0000000E+00        0.0000000E+00
hkr15c17                  1.35431        1.0000000E+00        0.0000000E+00
hkr15c18                  26.4736        1.0000000E+00        0.0000000E+00
hkr15c19                  22.3209        1.0000000E+00        0.0000000E+00
hkr16c00                 -5.96785        1.0000000E+00        0.0000000E+00
hkr16c01                   10.574        1.0000000E+00        0.0000000E+00
hkr16c02                  28.1454        1.0000000E+00        0.0000000E+00
hkr16c03                 -1.53333        1.0000000E+00        0.0000000E+00
hkr16c08                 -3.81296        1.0000000E+00        0.0000000E+00
hkr16c09                 -24.3992        1.0000000E+00        0.0000000E+00
hkr16c10                  14.5703        1.0000000E+00        0.0000000E+00
hkr16c11                  15.7378        1.0000000E+00        0.0000000E+00
hkr16c12                  2.28675        1.0000000E+00        0.0000000E+00
hkr16c13                 -7.69176        1.0000000E+00        0.0000000E+00
hkr16c14                  20.2613        1.0000000E+00        0.0000000E+00
hkr16c15                 -4.02994        1.0000000E+00        0.0000000E+00
hkr16c16                 -15.6764        1.0000000E+00        0.0000000E+00
hkr16c17                  17.6726        1.0000000E+00        0.0000000E+00
hkr16c18                  4.77109        1.0000000E+00        0.0000000E+00
hkr16c19                  4.34579        1.0000000E+00        0.0000000E+00
hkr17c00                 -18.3354        1.0000000E+00        0.0000000E+00
hkr17c01                  19.2112        1.0000000E+00        0.0000000E+00
hkr17c02                  19.0717        1.0000000E+00        0.0000000E+00
hkr17c03                 -12.5231        1.0000000E+00        0.0000000E+00
hkr17c08                 -8.62199        1.0000000E+00        0.0000000E+00
hkr17c09                 -7.69135        1.0000000E+00        0.0000000E+00
hkr17c10                 -16.5405        1.0000000E+00        0.0000000E+00
hkr17c11                  -15.075        1.0000000E+00        0.0000000E+00
hkr17c12                 -2.34252        1.0000000E+00        0.0000000E+00
hkr17c13                 -12.1643        1.0000000E+00        0.0000000E+00
hkr17c14                  13.7448        1.0000000E+00        0.0000000E+00
hkr17c15                   9.2319        1.0000000E+00        0.0000000E+00
hkr17c16                 -4.23543        1.0000000E+00        0.0000000E+00
hkr17c17                 -9.26988        1.0000000E+00        0.0000000E+00
hkr17c18                  14.6051        1.0000000E+00        0.0000000E+00
hkr17c19                  11.7064        1.0000000E+00        0.0000000E+00
hkr18c00                -0.729941        1.0000000E+00        0.0000000E+00
hkr18c01                  -16.649        1.0000000E+00        0.0000000E+00
hkr18c02                 -16.1572        1.0000000E+00        0.0000000E+00
hkr18c03                  7.47299        1.0000000E+00        0.0000000E+00
hkr18c08                 -11.1729        1.0000000E+00        0.0000000E+00
hkr18c09                  9.59885        1.0000000E+00        0.0000000E+00
hkr18c10                 -5.60669        1.0000000E+00        0.0000000E+00
hkr18c11                  17.1251        1.0000000E+00        0.0000000E+00
hkr18c12                  21.0287        1.0000000E+00        0.0000000E+00
hkr18c13                  14.5352        1.0000000E+00        0.0000000E+00
hkr18c14                  15.3827        1.0000000E+00        0.0000000E+00
hkr18c15                 -7.16163        1.0000000E+00        0.0000000E+00
hkr18c16                  13.5389        1.0000000E+00        0.0000000E+00
hkr18c17                  10.6607        1.0000000E+00        0.0000000E+00
hkr18c18                  27.6642        1.0000000E+00        0.0000000E+00
hkr18c19                  2.70535        1.0000000E+00        0.0000000E+00
hkr19c00                -0.109262        1.0000000E+00        0.0000000E+00
hkr19c01                  4.23258        1.0000000E+00        0.0000000E+00
hkr19c02                 -17.7964        1.0000000E+00        0.0000000E+00
hkr19c03                  4.25142        1.0000000E+00        0.0000000E+00
hkr19c08                  1.66667        1.0000000E+00        0.0000000E+00
hkr19c09                  10.6166        1.0000000E+00        0.0000000E+00
hkr19c10                  18.9495        1.0000000E+00        0.0000000E+00
hkr19c11                  13.4739        1.0000000E+00        0.0000000E+00
hkr19c12                  12.6819        1.0000000E+00        0.0000000E+00
hkr19c13                  7.19015        1.0000000E+00        0.0000000E+00
hkr19c14                  6.84264        1.0000000E+00        0.0000000E+00
hkr19c15                  13.0698        1.0000000E+00        0.0000000E+00
hkr19c16                  3.72801        1.0000000E+00        0.0000000E+00
hkr19c17                  7.66259        1.0000000E+00        0.0000000E+00
hkr19c18                  10.6539        1.0000000E+00        0.0000000E+00
hkr19c19                  26.2157        1.0000000E+00        0.0000000E+00
hkr20c00                  10.2194        1.0000000E+00        0.0000000E+00
hkr20c01                  14.8706        1.0000000E+00        0.0000000E+00
hkr20c02                  14.7446        1.0000000E+00        0.0000000E+00
hkr20c03                  10.7246        1.0000000E+00        0.0000000E+00
hkr20c08                 -7.93089        1.0000000E+00        0.0000000E+00
hkr20c09                  8.65017        1.0000000E+00        0.0000000E+00
hkr20c10                  32.9027        1.0000000E+00        0.0000000E+00
hkr20c11                  2.57993        1.0000000E+00        0.0000000E+00
hkr20c12                   19.273        1.0000000E+00        0.0000000E+00
hkr20c13                  22.0402        1.0000000E+00        0.0000000E+00
hkr20c14                  16.7787        1.0000000E+00        0.0000000E+00
hkr20c15                 -4.74618        1.0000000E+00        0.0000000E+00
hkr20c16                  3.51637        1.0000000E+00        0.0000000E+00
hkr20c17                 -4.18462        1.0000000E+00        0.0000000E+00
hkr20c18                 -32.1966        1.0000000E+00        0.0000000E+00
hkr20c19                  3.40359        1.0000000E+00        0.0000000E+00
hkr21c00                 -3.63226        1.0000000E+00        0.0000000E+00
hkr21c01                 -9.84594        1.0000000E+00        0.0000000E+00
hkr21c02                  7.99163        1.0000000E+00        0.0000000E+00
hkr21c03                 -3.81359        1.0000000E+00        0.0000000E+00
hkr21c06                  21.3521        1.0000000E+00        0.0000000E+00
hkr21c07                  27.0622        1.0000000E+00        0.0000000E+00
hkr21c08                   12.035        1.0000000E+00        0.0000000E+00
hkr21c09                  -12.777        1.0000000E+00        0.0000000E+00
hkr21c10                  8.41049        1.0000000E+00        0.0000000E+00
hkr21c11                  18.0774        1.0000000E+00        0.0000000E+00
hkr21c12                  10.9236        1.0000000E+00        0.0000000E+00
hkr21c13                 -8.08887        1.0000000E+00        0.0000000E+00
hkr21c14                 0.534243        1.0000000E+00        0.0000000E+00
hkr21c15                 -9.30774        1.0000000E+00        0.0000000E+00
hkr21c16                -0.415477        1.0000000E+00        0.0000000E+00
hkr21c17                 -9.39837        1.0000000E+00        0.0000000E+00
hkr21c18                  27.8829        1.0000000E+00        0.0000000E+00
hkr21c19                 -7.65924        1.0000000E+00        0.0000000E+00
hkr22c00                  4.68799        1.0000000E+00        0.0000000E+00
hkr22c01                  9.97795        1.0000000E+00        0.0000000E+00
hkr22c02                 -7.05216        1.0000000E+00        0.0000000E+00
hkr22c03                 -4.77889        1.0000000E+00        0.0000000E+00
hkr22c04                  34.9381        1.0000000E+00        0.0000000E+00
hkr22c06                  1.58254        1.0000000E+00        0.0000000E+00
hkr22c07                 -4.32934        1.0000000E+00        0.0000000E+00
hkr22c08                 -13.7215        1.0000000E+00        0.0000000E+00
hkr22c09                 -1.12693        1.0000000E+00        0.0000000E+00
hkr22c10                 -19.2994        1.0000000E+00        0.0000000E+00
hkr22c11                  7.16842        1.0000000E+00        0.0000000E+00
hkr22c12                  23.6931        1.0000000E+00        0.0000000E+00
hkr22c13                  10.0633        1.0000000E+00        0.0000000E+00
hkr22c14                  4.27172        1.0000000E+00        0.0000000E+00
hkr22c15                 -10.9135        1.0000000E+00        0.0000000E+00
hkr22c16                 -6.89928        1.0000000E+00        0.0000000E+00
hkr22c17                  1.70002        1.0000000E+00        0.0000000E+00
hkr22c18                  13.4102        1.0000000E+00        0.0000000E+00
hkr22c19                 0.642905        1.0000000E+00        0.0000000E+00
hkr23c00                  28.1766        1.0000000E+00        0.0000000E+00
hkr23c01                 -18.8338        1.0000000E+00        0.0000000E+00
hkr23c02                  23.3326        1.0000000E+00        0.0000000E+00
hkr23c03                  17.7718        1.0000000E+00        0.0000000E+00
hkr23c04                  2.56787        1.0000000E+00        0.0000000E+00
hkr23c05                  2.46126        1.0000000E+00        0.0000000E+00
hkr23c06                  8.13435        1.0000000E+00        0.0000000E+00
hkr23c07                  8.35551        1.0000000E+00        0.0000000E+00
hkr23c08                  9.91384        1.0000000E+00        0.0000000E+00
hkr23c09                  12.3459        1.0000000E+00        0.0000000E+00
hkr23c10                 0.622298        1.0000000E+00        0.0000000E+00
hkr23c11                  -8.9797        1.0000000E+00        0.0000000E+00
hkr23c12                  16.1626        1.0000000E+00        0.0000000E+00
hkr23c13                  32.8819        1.0000000E+00        0.0000000E+00
hkr23c14                  36.9168        1.0000000E+00        0.0000000E+00
hkr23c15                 -19.4472        1.0000000E+00        0.0000000E+00
hkr23c16                  1.69377        1.0000000E+00        0.0000000E+00
hkr23c17                  25.4624        1.0000000E+00        0.0000000E+00
hkr23c18                  3.35857        1.0000000E+00        0.0000000E+00
hkr23c19                 -19.5902        1.0000000E+00        0.0000000E+00
hkr24c00                  5.68962        1.0000000E+00        0.0000000E+00
hkr24c01                  8.04084        1.0000000E+00        0.0000000E+00
hkr24c02                  3.38363        1.0000000E+00        0.0000000E+00
hkr24c03                  21.8265        1.0000000E+00        0.0000000E+00
hkr24c04                 -6.75123        1.0000000E+00        0.0000000E+00
hkr24c05                  11.7148        1.0000000E+00        0.0000000E+00
hkr24c06                 -11.3131        1.0000000E+00        0.0000000E+00
hkr24c07                  6.18721        1.0000000E+00        0.0000000E+00
hkr24c08                 -14.5405        1.0000000E+00        0.0000000E+00
hkr24c09                  6.10561        1.0000000E+00        0.0000000E+00
hkr24c10                  37.5423        1.0000000E+00        0.0000000E+00
hkr24c11                 -10.7523        1.0000000E+00        0.0000000E+00
hkr24c12                  4.30851        1.0000000E+00        0.0000000E+00
hkr24c13                  10.7889        1.0000000E+00        0.0000000E+00
hkr24c14                  19.7103        1.0000000E+00        0.0000000E+00
hkr24c15                 -23.9624        1.0000000E+00        0.0000000E+00
hkr24c16                   -18.44        1.0000000E+00        0.0000000E+00
hkr24c17                 -3.15686        1.0000000E+00        0.0000000E+00
hkr24c18                  13.7299        1.0000000E+00        0.0000000E+00
hkr24c19                  13.2148        1.0000000E+00        0.0000000E+00
hkr25c00                 -13.6757        1.0000000E+00        0.0000000E+00
hkr25c01                  7.44165        1.0000000E+00        0.0000000E+00
hkr25c02                  24.4804        1.0000000E+00        0.0000000E+00
hkr25c03                  -13.221        1.0000000E+00        0.0000000E+00
hkr25c04                  10.9674        1.0000000E+00        0.0000000E+00
hkr25c05                 -15.5622        1.0000000E+00        0.0000000E+00
hkr25c06                 -4.78071        1.0000000E+00        0.0000000E+00
hkr25c07                  24.9914        1.0000000E+00        0.0000000E+00
hkr25c08                 -5.18178        1.0000000E+00        0.0000000E+00
hkr25c09                  22.3828        1.0000000E+00        0.0000000E+00
hkr25c10                  19.7868        1.0000000E+00        0.0000000E+00
hkr25c11                  1.79602        1.0000000E+00        0.0000000E+00
hkr25c12                  -1.3722        1.0000000E+00        0.0000000E+00
hkr25c13                  7.37821        1.0000000E+00        0.0000000E+00
hkr25c14                  12.7639        1.0000000E+00        0.0000000E+00
hkr25c15                 -16.4468        1.0000000E+00        0.0000000E+00
hkr25c16                 0.742489        1.0000000E+00        0.0000000E+00
hkr25c17                  5.87198        1.0000000E+00        0.0000000E+00
hkr25c18                 0.480268        1.0000000E+00        0.0000000E+00
hkr25c19                  15.2474        1.0000000E+00        0.0000000E+00
hkr26c00                  7.37774        1.0000000E+00        0.0000000E+00
hkr26c01                  16.5178        1.0000000E+00        0.0000000E+00
hkr26c02                  4.51882        1.0000000E+00        0.0000000E+00
hkr26c03                  -13.166        1.0000000E+00        0.0000000E+00
hkr26c04                  18.3718        1.0000000E+00        0.0000000E+00
hkr26c05                  14.0355        1.0000000E+00        0.0000000E+00
hkr26c06                 -8.57234        1.0000000E+00        0.0000000E+00
hkr26c07                  2.37585        1.0000000E+00        0.0000000E+00
hkr26c08                  22.1483        1.0000000E+00        0.0000000E+00
hkr26c09                  8.07127        1.0000000E+00        0.0000000E+00
hkr26c10                  -8.8527        1.0000000E+00        0.0000000E+00
hkr26c11                  9.03804        1.0000000E+00        0.0000000E+00
hkr26c12                  5.51943        1.0000000E+00        0.0000000E+00
hkr26c13                   12.124        1.0000000E+00        0.0000000E+00
hkr26c14                 -2.40959        1.0000000E+00        0.0000000E+00
hkr26c15                  34.3724        1.0000000E+00        0.0000000E+00
hkr26c16                  22.4775        1.0000000E+00        0.0000000E+00
hkr26c17                  8.11903        1.0000000E+00        0.0000000E+00
hkr26c18                  37.5984        1.0000000E+00        0.0000000E+00
hkr26c19                  12.0421        1.0000000E+00        0.0000000E+00
hkr27c00                  13.7613        1.0000000E+00        0.0000000E+00
hkr27c01                0.0534419        1.0000000E+00        0.0000000E+00
hkr27c02                  25.3965        1.0000000E+00        0.0000000E+00
hkr27c03                  10.0192        1.0000000E+00        0.0000000E+00
hkr27c04                  1.95816        1.0000000E+00        0.0000000E+00
hkr27c05                -0.387129        1.0000000E+00        0.0000000E+00
hkr27c06                  12.9156        1.0000000E+00        0.0000000E+00
hkr27c07                  15.9729        1.0000000E+00        0.0000000E+00
hkr27c08                  4.58583        1.0000000E+00        0.0000000E+00
hkr27c09                  14.4155        1.0000000E+00        0.0000000E+00
hkr27c10                 -19.4927        1.0000000E+00        0.0000000E+00
hkr27c11                  8.65695        1.0000000E+00        0.0000000E+00
hkr27c12                 0.375565        1.0000000E+00        0.0000000E+00
hkr27c13                  24.3995        1.0000000E+00        0.0000000E+00
hkr27c14                  14.9735        1.0000000E+00        0.0000000E+00
hkr27c15                  19.6399        1.0000000E+00        0.0000000E+00
hkr27c16                  10.7325        1.0000000E+00        0.0000000E+00
hkr27c17                 -4.34718        1.0000000E+00        0.0000000E+00
hkr27c18                  7.53204        1.0000000E+00        0.0000000E+00
hkr27c19                  11.8788        1.0000000E+00        0.0000000E+00
hkr28c00                  15.2108        1.0000000E+00        0.0000000E+00
hkr28c01                  31.2588        1.0000000E+00        0.0000000E+00
hkr28c02                  6.60425        1.0000000E+00        0.0000000E+00
hkr28c03                 0.689913        1.0000000E+00        0.0000000E+00
hkr28c04                  11.1696        1.0000000E+00        0.0000000E+00
hkr28c05                  5.92521        1.0000000E+00        0.0000000E+00
hkr28c06                  16.0766        1.0000000E+00        0.0000000E+00
hkr28c07                  13.3137        1.0000000E+00        0.0000000E+00
hkr28c08                  11.3194        1.0000000E+00        0.0000000E+00
hkr28c09                 -2.46047        1.0000000E+00        0.0000000E+00
hkr28c10                  19.8621        1.0000000E+00        0.0000000E+00
hkr28c11                  3.46938        1.0000000E+00        0.0000000E+00
hkr28c12                  5.59152        1.0000000E+00        0.0000000E+00
hkr28c13                  8.60977        1.0000000E+00        0.0000000E+00
hkr28c14                 -6.16753        1.0000000E+00        0.0000000E+00
hkr28c15                 -4.16777        1.0000000E+00        0.0000000E+00
hkr28c16                 -3.58313        1.0000000E+00        0.0000000E+00
hkr28c17                   20.065        1.0000000E+00        0.0000000E+00
hkr28c18                   -12.47        1.0000000E+00        0.0000000E+00
hkr28c19                  27.1073        1.0000000E+00        0.0000000E+00
hkr29c00                  2.89107        1.0000000E+00        0.0000000E+00
hkr29c01                 -17.6613        1.0000000E+00        0.0000000E+00
hkr29c02                -0.298533        1.0000000E+00        0.0000000E+00
hkr29c03                  18.3496        1.0000000E+00        0.0000000E+00
hkr29c04                  -13.021        1.0000000E+00        0.0000000E+00
hkr29c05                  3.80131        1.0000000E+00        0.0000000E+00
hkr29c06               -0.0834829        1.0000000E+00        0.0000000E+00
hkr29c07                  28.4623        1.0000000E+00        0.0000000E+00
hkr29c08                  4.57575        1.0000000E+00        0.0000000E+00
hkr29c09                  22.9949        1.0000000E+00        0.0000000E+00
hkr29c10                  5.43328        1.0000000E+00        0.0000000E+00
hkr29c11                  3.78037        1.0000000E+00        0.0000000E+00
hkr29c12                  17.1902        1.0000000E+00        0.0000000E+00
hkr29c13                 -6.49076        1.0000000E+00        0.0000000E+00
hkr29c14                  20.6971        1.0000000E+00        0.0000000E+00
hkr29c15                  18.0335        1.0000000E+00        0.0000000E+00
hkr29c16                 -9.38071        1.0000000E+00        0.0000000E+00
hkr29c17                  3.49645        1.0000000E+00        0.0000000E+00
hkr29c18                 -2.14555        1.0000000E+00        0.0000000E+00
hkr29c19                  19.6199        1.0000000E+00        0.0000000E+00
hkr30c00                 -14.9573        1.0000000E+00        0.0000000E+00
hkr30c01                  23.0633        1.0000000E+00        0.0000000E+00
hkr30c02                 -6.39043        1.0000000E+00        0.0000000E+00
hkr30c03                  32.4652        1.0000000E+00        0.0000000E+00
hkr30c04                  30.4206        1.0000000E+00        0.0000000E+00
hkr30c05                 -25.9936        1.0000000E+00        0.0000000E+00
hkr30c06                  5.03342        1.0000000E+00        0.0000000E+00
hkr30c07                 -10.2422        1.0000000E+00        0.0000000E+00
hkr30c08                 -1.85631        1.0000000E+00        0.0000000E+00
hkr30c09                  12.8994        1.0000000E+00        0.0000000E+00
hkr30c10                 -27.5811        1.0000000E+00        0.0000000E+00
hkr30c11                  14.4387        1.0000000E+00        0.0000000E+00
hkr30c12                  3.70743        1.0000000E+00        0.0000000E+00
hkr30c13                  1.09392        1.0000000E+00        0.0000000E+00
hkr30c14                  4.49616        1.0000000E+00        0.0000000E+00
hkr30c15                 -16.8209        1.0000000E+00        0.0000000E+00
hkr30c16                  29.8064        1.0000000E+00        0.0000000E+00
hkr30c17                  21.4628        1.0000000E+00        0.0000000E+00
hkr30c18                  5.45064        1.0000000E+00        0.0000000E+00
hkr30c19                  1.12286        1.0000000E+00        0.0000000E+00
hkr31c00                 -2.98673        1.0000000E+00        0.0000000E+00
hkr31c01                  7.08071        1.0000000E+00        0.0000000E+00
hkr31c02                  3.22243        1.0000000E+00        0.0000000E+00
hkr31c03                  8.09799        1.0000000E+00        0.0000000E+00
hkr31c04                 -3.75325        1.0000000E+00        0.0000000E+00
hkr31c05                 -15.6745        1.0000000E+00        0.0000000E+00
hkr31c06                  15.5524        1.0000000E+00        0.0000000E+00
hkr31c07                -0.286683        1.0000000E+00        0.0000000E+00
hkr31c08                  9.77664        1.0000000E+00        0.0000000E+00
hkr31c09                   27.756        1.0000000E+00        0.0000000E+00
hkr31c10                 -8.87625        1.0000000E+00        0.0000000E+00
hkr31c11                  5.54674        1.0000000E+00        0.0000000E+00
hkr31c12                  3.95969        1.0000000E+00        0.0000000E+00
hkr31c13                  10.2802        1.0000000E+00        0.0000000E+00
hkr31c14                 -14.0192        1.0000000E+00        0.0000000E+00
hkr31c15                   8.0615        1.0000000E+00        0.0000000E+00
hkr31c16                  34.6572        1.0000000E+00        0.0000000E+00
hkr31c17                 -11.8361        1.0000000E+00        0.0000000E+00
hkr31c18                 -11.8293        1.0000000E+00        0.0000000E+00
hkr31c19                 -8.31827        1.0000000E+00        0.0000000E+00
hkr32c01                  -10.754        1.0000000E+00        0.0000000E+00
hkr32c02                 -25.3873        1.0000000E+00        0.0000000E+00
hkr32c03                  17.8716        1.0000000E+00        0.0000000E+00
hkr32c04                  14.8991        1.0000000E+00        0.0000000E+00
hkr32c05                  3.71902        1.0000000E+00        0.0000000E+00
hkr32c06                  26.9745        1.0000000E+00        0.0000000E+00
hkr32c07                  21.4912        1.0000000E+00        0.0000000E+00
hkr32c08                 -1.77831        1.0000000E+00        0.0000000E+00
hkr32c09                 -4.93482        1.0000000E+00        0.0000000E+00
hkr32c10                 -4.84779        1.0000000E+00        0.0000000E+00
hkr32c11                 -3.74567        1.0000000E+00        0.0000000E+00
hkr32c12                  28.1526        1.0000000E+00        0.0000000E+00
hkr32c13                   13.086        1.0000000E+00        0.0000000E+00
hkr32c14                 -5.27447        1.0000000E+00        0.0000000E+00
hkr32c15                  8.03733        1.0000000E+00        0.0000000E+00
hkr32c16                  6.58551        1.0000000E+00        0.0000000E+00
hkr32c17                 -11.8644        1.0000000E+00        0.0000000E+00
hkr32c18                 -20.6363        1.0000000E+00        0.0000000E+00
hkr32c19                 -7.11581        1.0000000E+00        0.0000000E+00
hkr33c02                 -10.1846        1.0000000E+00        0.0000000E+00
hkr33c03                -0.794805        1.0000000E+00        0.0000000E+00
hkr33c04                 -11.5078        1.0000000E+00        0.0000000E+00
hkr33c05                  18.1453        1.0000000E+00        0.0000000E+00
hkr33c06                 -11.5721        1.0000000E+00        0.0000000E+00
hkr33c07                 -13.7396        1.0000000E+00        0.0000000E+00
hkr33c08                  25.8033        1.0000000E+00        0.0000000E+00
hkr33c09                  7.09297        1.0000000E+00        0.0000000E+00
hkr33c10                  19.2964        1.0000000E+00        0.0000000E+00
hkr33c11                 -15.2551        1.0000000E+00        0.0000000E+00
hkr33c12                 -4.90744        1.0000000E+00        0.0000000E+00
hkr33c13                  12.0356        1.0000000E+00        0.0000000E+00
hkr33c14                 -12.1533        1.0000000E+00        0.0000000E+00
hkr33c15                  1.54057        1.0000000E+00        0.0000000E+00
hkr33c16                  21.3949        1.0000000E+00        0.0000000E+00
hkr33c17                  19.2137        1.0000000E+00        0.0000000E+00
hkr33c18                  32.1711        1.0000000E+00        0.0000000E+00
hkr33c19                  21.1034        1.0000000E+00        0.0000000E+00
hkr34c03                   12.944        1.0000000E+00        0.0000000E+00
hkr34c04                  27.4675        1.0000000E+00        0.0000000E+00
hkr34c05                  24.8132        1.0000000E+00        0.0000000E+00
hkr34c06                 -3.78842        1.0000000E+00        0.0000000E+00
hkr34c07                  10.8536        1.0000000E+00        0.0000000E+00
hkr34c08                 -5.81853        1.0000000E+00        0.0000000E+00
hkr34c09                 -2.64642        1.0000000E+00        0.0000000E+00
hkr34c10                 -2.12159        1.0000000E+00        0.0000000E+00
hkr34c11                  26.6168        1.0000000E+00        0.0000000E+00
hkr34c12                  2.68108        1.0000000E+00        0.0000000E+00
hkr34c13                  13.7856        1.0000000E+00        0.0000000E+00
hkr34c14                  1.84148        1.0000000E+00        0.0000000E+00
hkr34c15                  21.9629        1.0000000E+00        0.0000000E+00
hkr34c16                 -31.3933        1.0000000E+00        0.0000000E+00
hkr34c17                  4.58662        1.0000000E+00        0.0000000E+00
hkr34c18                  5.61451        1.0000000E+00        0.0000000E+00
hkr34c19                   38.682        1.0000000E+00        0.0000000E+00
hkr35c04                  3.12491        1.0000000E+00        0.0000000E+00
hkr35c05                 -3.79273        1.0000000E+00        0.0000000E+00
hkr35c06                  11.1953        1.0000000E+00        0.0000000E+00
hkr35c07                  10.4803        1.0000000E+00        0.0000000E+00
hkr35c08                  12.9561        1.0000000E+00        0.0000000E+00
hkr35c09                  5.41916        1.0000000E+00        0.0000000E+00
hkr35c10                  11.2397        1.0000000E+00        0.0000000E+00
hkr35c11                 0.456591        1.0000000E+00        0.0000000E+00
hkr35c12                  12.0417        1.0000000E+00        0.0000000E+00
hkr35c13                  16.1889        1.0000000E+00        0.0000000E+00
hkr35c14                  32.7724        1.0000000E+00        0.0000000E+00
hkr35c15                  27.0473        1.0000000E+00        0.0000000E+00
hkr35c16                  37.8744        1.0000000E+00        0.0000000E+00
hkr35c17                 -7.72523        1.0000000E+00        0.0000000E+00
hkr35c18                 -9.43587        1.0000000E+00        0.0000000E+00
hkr36c04                  9.46174        1.0000000E+00        0.0000000E+00
hkr36c05                 0.485708        1.0000000E+00        0.0000000E+00
hkr36c06                 0.307932        1.0000000E+00        0.0000000E+00
hkr36c07                  8.39472        1.0000000E+00        0.0000000E+00
hkr36c08                 -17.3769        1.0000000E+00        0.0000000E+00
hkr36c09                  7.57827        1.0000000E+00        0.0000000E+00
hkr36c10                  33.7053        1.0000000E+00        0.0000000E+00
hkr36c11                  10.2003        1.0000000E+00        0.0000000E+00
hkr36c12                  11.9626        1.0000000E+00        0.0000000E+00
hkr36c13                 -4.77747        1.0000000E+00        0.0000000E+00
hkr36c14                  20.2435        1.0000000E+00        0.0000000E+00
hkr36c15                  13.3975        1.0000000E+00        0.0000000E+00
hkr36c16                 -4.95545        1.0000000E+00        0.0000000E+00
hkr36c17                  23.5998        1.0000000E+00        0.0000000E+00
hkr36c18                  30.2332        1.0000000E+00        0.0000000E+00
hkr37c05                 -17.0513        1.0000000E+00        0.0000000E+00
hkr37c06               -0.0252353        1.0000000E+00        0.0000000E+00
hkr37c07                   17.126        1.0000000E+00        0.0000000E+00
hkr37c08                   38.032        1.0000000E+00        0.0000000E+00
hkr37c09                  15.3495        1.0000000E+00        0.0000000E+00
hkr37c10                  8.53234        1.0000000E+00        0.0000000E+00
hkr37c11                  26.8863        1.0000000E+00        0.0000000E+00
hkr37c12                  18.8627        1.0000000E+00        0.0000000E+00
hkr37c13                 -12.3721        1.0000000E+00        0.0000000E+00
hkr37c14                  29.5838        1.0000000E+00        0.0000000E+00
hkr37c15                  14.7661        1.0000000E+00        0.0000000E+00
hkr37c16                  14.9785        1.0000000E+00        0.0000000E+00
hkr37c17                  10.8974        1.0000000E+00        0.0000000E+00
hkr38c05                  17.2557        1.0000000E+00        0.0000000E+00
hkr38c06                 -7.72579        1.0000000E+00        0.0000000E+00
hkr38c07                  9.86306        1.0000000E+00        0.0000000E+00
hkr38c08                 -3.32147        1.0000000E+00        0.0000000E+00
hkr38c09                  9.50176        1.0000000E+00        0.0000000E+00
hkr38c10                  18.9588        1.0000000E+00        0.0000000E+00
hkr38c11                  10.6535        1.0000000E+00        0.0000000E+00
hkr38c12                  12.1399        1.0000000E+00        0.0000000E+00
hkr38c13                  8.69881        1.0000000E+00        0.0000000E+00
hkr38c14                 -14.1664        1.0000000E+00        0.0000000E+00
hkr38c15                  10.0872        1.0000000E+00        0.0000000E+00
hkr38c16                  5.22233        1.0000000E+00        0.0000000E+00
hkr39c05                  24.0243        1.0000000E+00        0.0000000E+00
hkr39c06                 0.490601        1.0000000E+00        0.0000000E+00
hkr39c07                  8.28485        1.0000000E+00        0.0000000E+00
hkr39c08                 -18.7244        1.0000000E+00        0.0000000E+00
hkr39c09                  16.1479        1.0000000E+00        0.0000000E+00
hkr39c10                  23.9598        1.0000000E+00        0.0000000E+00
hkr39c11                  -22.943        1.0000000E+00        0.0000000E+00
hkr39c12                  19.7928        1.0000000E+00        0.0000000E+00
hkr39c13                   8.1153        1.0000000E+00        0.0000000E+00
hkr39c14                 -4.62471        1.0000000E+00        0.0000000E+00
