single point
         rch_1                      1.014984500000000    1.000000000000000   0.0000000000000000
         rch_2                      1.000000000000000    1.000000000000000   0.0000000000000000
       rcond00                      4569.815200000000    1.000000000000000   0.0000000000000000
       rcond01                      4619.782400000000    1.000000000000000   0.0000000000000000
       rcond02                      4619.834600000000    1.000000000000000   0.0000000000000000
       rcond03                      4692.095500000000    1.000000000000000   0.0000000000000000
       rcond04                      4648.801200000000    1.000000000000000   0.0000000000000000
       rcond05                      4598.483900000000    1.000000000000000   0.0000000000000000
       rcond06                      4572.972000000000    1.000000000000000   0.0000000000000000
       rcond07                      4514.270800000000    1.000000000000000   0.0000000000000000
       rcond08                      4506.612100000000    1.000000000000000   0.0000000000000000
       rcond09                      4465.198900000000    1.000000000000000   0.0000000000000000
       rcond10                      4521.974900000000    1.000000000000000   0.0000000000000000
       rcond11                      4521.661300000000    1.000000000000000   0.0000000000000000
       rcond12                      4511.769500000000    1.000000000000000   0.0000000000000000
       rcond13                      4512.121600000000    1.000000000000000   0.0000000000000000
       rcond14                      4519.500800000000    1.000000000000000   0.0000000000000000
       rcond15                      4519.510900000000    1.000000000000000   0.0000000000000000
       rcond16                      4523.449300000000    1.000000000000000   0.0000000000000000
       rcond17                      4457.371100000000    1.000000000000000   0.0000000000000000
       rcond18                      4449.803300000000    1.000000000000000   0.0000000000000000
       rcond19                      4511.209100000000    1.000000000000000   0.0000000000000000
       rcond20                      4430.462000000000    1.000000000000000   0.0000000000000000
       rcond21                      4424.657500000000    1.000000000000000   0.0000000000000000
       rcond22                      4414.703700000000    1.000000000000000   0.0000000000000000
       rcond23                      4348.847300000000    1.000000000000000   0.0000000000000000
       rcond24                      4341.681800000000    1.000000000000000   0.0000000000000000
       rcond25                      4357.231400000000    1.000000000000000   0.0000000000000000
       rcond26                      4310.287600000000    1.000000000000000   0.0000000000000000
       rcond27                      4310.212900000000    1.000000000000000   0.0000000000000000
       rcond28                      4269.421200000000    1.000000000000000   0.0000000000000000
       rcond29                      4159.117600000000    1.000000000000000   0.0000000000000000
       rcond30                      4105.106800000000    1.000000000000000   0.0000000000000000
       rcond31                      4233.918100000000    1.000000000000000   0.0000000000000000
       rcond32                      4286.318300000000    1.000000000000000   0.0000000000000000
       rcond33                      4342.775400000000    1.000000000000000   0.0000000000000000
       rcond34                      4399.977100000000    1.000000000000000   0.0000000000000000
       rcond35                      4406.488900000000    1.000000000000000   0.0000000000000000
       rcond36                      4409.941000000000    1.000000000000000   0.0000000000000000
       rcond37                      4409.941700000000    1.000000000000000   0.0000000000000000
       rcond38                      4448.696500000000    1.000000000000000   0.0000000000000000
       rcond39                      4510.824000000000    1.000000000000000   0.0000000000000000
            ss                      1.000000000000000e-005    1.000000000000000   0.0000000000000000
            sy                      0.009999999000000001    1.000000000000000   0.0000000000000000
         wf1_1                      885.6000000000000   -1.000000000000000   0.0000000000000000
         wf2_1                      442.8000000000000   -1.000000000000000   0.0000000000000000
         wf3_1                      252.7200000000000   -1.000000000000000   0.0000000000000000
         wf4_1                      53.78400000000000   -1.000000000000000   0.0000000000000000
         wf5_1                      46.65600000000000   -1.000000000000000   0.0000000000000000
         wf6_1                      278.6400000000000   -1.000000000000000   0.0000000000000000
         wf1_2                      885.6000000000000   -1.000000000000000   0.0000000000000000
         wf2_2                      442.8000000000000   -1.000000000000000   0.0000000000000000
         wf3_2                      421.2000000000000   -1.000000000000000   0.0000000000000000
         wf4_2                      89.64000000000000   -1.000000000000000   0.0000000000000000
         wf5_2                      77.76000000000001   -1.000000000000000   0.0000000000000000
         wf6_2                      464.4000000000000   -1.000000000000000   0.0000000000000000
      hkr00c00                      5.987330900000000    1.000000000000000   0.0000000000000000
      hkr00c01                      6.098420200000000    1.000000000000000   0.0000000000000000
      hkr00c02                      6.173874000000000    1.000000000000000   0.0000000000000000
      hkr00c03                      6.377507900000000    1.000000000000000   0.0000000000000000
      hkr00c04                      6.556152000000000    1.000000000000000   0.0000000000000000
      hkr00c05                      6.904928400000000    1.000000000000000   0.0000000000000000
      hkr00c06                      6.978876700000000    1.000000000000000   0.0000000000000000
      hkr00c07                      7.103688300000000    1.000000000000000   0.0000000000000000
      hkr00c08                      7.278473500000000    1.000000000000000   0.0000000000000000
      hkr00c09                      7.359491900000000    1.000000000000000   0.0000000000000000
      hkr00c10                      7.402249900000000    1.000000000000000   0.0000000000000000
      hkr00c11                      7.460871500000000    1.000000000000000   0.0000000000000000
      hkr00c12                      7.590043300000000    1.000000000000000   0.0000000000000000
      hkr00c13                      7.577963800000000    1.000000000000000   0.0000000000000000
      hkr00c14                      6.802805100000000    1.000000000000000   0.0000000000000000
      hkr00c15                      6.143401300000000    1.000000000000000   0.0000000000000000
      hkr00c16                      6.086801300000000    1.000000000000000   0.0000000000000000
      hkr00c17                      6.002832400000000    1.000000000000000   0.0000000000000000
      hkr00c18                      5.947534700000000    1.000000000000000   0.0000000000000000
      hkr00c19                      5.947490200000000    1.000000000000000   0.0000000000000000
      hkr01c00                      6.021836400000000    1.000000000000000   0.0000000000000000
      hkr01c01                      6.098522400000000    1.000000000000000   0.0000000000000000
      hkr01c02                      6.256824800000000    1.000000000000000   0.0000000000000000
      hkr01c03                      6.463174300000000    1.000000000000000   0.0000000000000000
      hkr01c04                      6.684135100000000    1.000000000000000   0.0000000000000000
      hkr01c05                      6.947993300000000    1.000000000000000   0.0000000000000000
      hkr01c06                      7.045129300000000    1.000000000000000   0.0000000000000000
      hkr01c07                      7.116714100000000    1.000000000000000   0.0000000000000000
      hkr01c08                      7.249936800000000    1.000000000000000   0.0000000000000000
      hkr01c09                      7.330442000000000    1.000000000000000   0.0000000000000000
      hkr01c10                      7.432841500000000    1.000000000000000   0.0000000000000000
      hkr01c11                      7.619547900000000    1.000000000000000   0.0000000000000000
      hkr01c12                      7.783615900000000    1.000000000000000   0.0000000000000000
      hkr01c13                      7.835850500000000    1.000000000000000   0.0000000000000000
      hkr01c14                      7.155881300000000    1.000000000000000   0.0000000000000000
      hkr01c15                      6.345751200000000    1.000000000000000   0.0000000000000000
      hkr01c16                      5.974981600000000    1.000000000000000   0.0000000000000000
      hkr01c17                      5.892606800000000    1.000000000000000   0.0000000000000000
      hkr01c18                      5.919984900000000    1.000000000000000   0.0000000000000000
      hkr01c19                      5.920057900000000    1.000000000000000   0.0000000000000000
      hkr02c00                      6.057447800000000    1.000000000000000   0.0000000000000000
      hkr02c01                      6.131400000000000    1.000000000000000   0.0000000000000000
      hkr02c02                      6.340995900000000    1.000000000000000   0.0000000000000000
      hkr02c03                      6.557744600000000    1.000000000000000   0.0000000000000000
      hkr02c04                      6.754137100000000    1.000000000000000   0.0000000000000000
      hkr02c05                      7.114767900000000    1.000000000000000   0.0000000000000000
      hkr02c06                      7.133778300000000    1.000000000000000   0.0000000000000000
      hkr02c07                      7.154993900000000    1.000000000000000   0.0000000000000000
      hkr02c08                      7.251382000000000    1.000000000000000   0.0000000000000000
      hkr02c09                      7.227442100000000    1.000000000000000   0.0000000000000000
      hkr02c10                      7.257698900000000    1.000000000000000   0.0000000000000000
      hkr02c11                      7.753964500000000    1.000000000000000   0.0000000000000000
      hkr02c12                      7.864938500000000    1.000000000000000   0.0000000000000000
      hkr02c13                      7.850454400000000    1.000000000000000   0.0000000000000000
      hkr02c14                      7.354464700000000    1.000000000000000   0.0000000000000000
      hkr02c15                      6.595872600000000    1.000000000000000   0.0000000000000000
      hkr02c16                      5.445525800000000    1.000000000000000   0.0000000000000000
      hkr02c17                      5.678112900000000    1.000000000000000   0.0000000000000000
      hkr02c18                      5.865406200000000    1.000000000000000   0.0000000000000000
      hkr02c19                      5.947497200000000    1.000000000000000   0.0000000000000000
      hkr03c00                      6.138948000000000    1.000000000000000   0.0000000000000000
      hkr03c01                      6.209072100000000    1.000000000000000   0.0000000000000000
      hkr03c02                      6.464796300000000    1.000000000000000   0.0000000000000000
      hkr03c03                      6.769284400000000    1.000000000000000   0.0000000000000000
      hkr03c04                      6.973653400000000    1.000000000000000   0.0000000000000000
      hkr03c05                      7.179488800000000    1.000000000000000   0.0000000000000000
      hkr03c06                      7.244371100000000    1.000000000000000   0.0000000000000000
      hkr03c07                      7.193213000000000    1.000000000000000   0.0000000000000000
      hkr03c08                      7.181311200000000    1.000000000000000   0.0000000000000000
      hkr03c09                      6.727849600000000    1.000000000000000   0.0000000000000000
      hkr03c10                      7.920790500000000    1.000000000000000   0.0000000000000000
      hkr03c11                      9.066491400000000    1.000000000000000   0.0000000000000000
      hkr03c12                      8.399683800000000    1.000000000000000   0.0000000000000000
      hkr03c13                      8.216327500000000    1.000000000000000   0.0000000000000000
      hkr03c14                      7.737099000000000    1.000000000000000   0.0000000000000000
      hkr03c15                      7.902154000000000    1.000000000000000   0.0000000000000000
      hkr03c16                      6.899075600000000    1.000000000000000   0.0000000000000000
      hkr03c17                      5.625890500000000    1.000000000000000   0.0000000000000000
      hkr03c18                      5.947549100000000    1.000000000000000   0.0000000000000000
      hkr03c19                      6.030795400000000    1.000000000000000   0.0000000000000000
      hkr04c00                      6.167801300000000    1.000000000000000   0.0000000000000000
      hkr04c01                      6.340587900000000    1.000000000000000   0.0000000000000000
      hkr04c02                      6.645407300000000    1.000000000000000   0.0000000000000000
      hkr04c03                      7.044315200000000    1.000000000000000   0.0000000000000000
      hkr04c04                      7.300759400000000    1.000000000000000   0.0000000000000000
      hkr04c05                      7.675250700000000    1.000000000000000   0.0000000000000000
      hkr04c06                      7.679088200000000    1.000000000000000   0.0000000000000000
      hkr04c07                      7.506441900000000    1.000000000000000   0.0000000000000000
      hkr04c08                      7.151453500000000    1.000000000000000   0.0000000000000000
      hkr04c09                      7.959492700000000    1.000000000000000   0.0000000000000000
      hkr04c10                      9.226201300000000    1.000000000000000   0.0000000000000000
      hkr04c11                      8.516119600000000    1.000000000000000   0.0000000000000000
      hkr04c12                      8.149151099999999    1.000000000000000   0.0000000000000000
      hkr04c13                      8.040827900000000    1.000000000000000   0.0000000000000000
      hkr04c14                      7.394798900000000    1.000000000000000   0.0000000000000000
      hkr04c15                      7.170118800000000    1.000000000000000   0.0000000000000000
      hkr04c16                      7.927338100000000    1.000000000000000   0.0000000000000000
      hkr04c17                      6.525220800000000    1.000000000000000   0.0000000000000000
      hkr04c18                      6.190726400000000    1.000000000000000   0.0000000000000000
      hkr04c19                      6.133575800000000    1.000000000000000   0.0000000000000000
      hkr05c00                      6.220579600000000    1.000000000000000   0.0000000000000000
      hkr05c01                      6.507623500000000    1.000000000000000   0.0000000000000000
      hkr05c02                      7.055734900000000    1.000000000000000   0.0000000000000000
      hkr05c03                      7.630703400000000    1.000000000000000   0.0000000000000000
      hkr05c04                      8.052942000000000    1.000000000000000   0.0000000000000000
      hkr05c05                      8.128636900000000    1.000000000000000   0.0000000000000000
      hkr05c06                      8.113209800000000    1.000000000000000   0.0000000000000000
      hkr05c07                      8.039757300000000    1.000000000000000   0.0000000000000000
      hkr05c08                      7.750218700000000    1.000000000000000   0.0000000000000000
      hkr05c09                      8.233381000000000    1.000000000000000   0.0000000000000000
      hkr05c10                      8.264624700000001    1.000000000000000   0.0000000000000000
      hkr05c11                      7.874211300000000    1.000000000000000   0.0000000000000000
      hkr05c12                      7.752112600000000    1.000000000000000   0.0000000000000000
      hkr05c13                      7.709816400000000    1.000000000000000   0.0000000000000000
      hkr05c14                      6.931361000000000    1.000000000000000   0.0000000000000000
      hkr05c15                      6.708823200000000    1.000000000000000   0.0000000000000000
      hkr05c16                      6.962870000000000    1.000000000000000   0.0000000000000000
      hkr05c17                      6.575177300000000    1.000000000000000   0.0000000000000000
      hkr05c18                      6.306521300000000    1.000000000000000   0.0000000000000000
      hkr05c19                      6.190688900000000    1.000000000000000   0.0000000000000000
      hkr06c00                      6.421352400000000    1.000000000000000   0.0000000000000000
      hkr06c01                      6.816247200000000    1.000000000000000   0.0000000000000000
      hkr06c02                      7.747590500000000    1.000000000000000   0.0000000000000000
      hkr06c03                      9.198700499999999    1.000000000000000   0.0000000000000000
      hkr06c04                      9.342366400000000    1.000000000000000   0.0000000000000000
      hkr06c05                      9.449737300000001    1.000000000000000   0.0000000000000000
      hkr06c06                      9.527881300000001    1.000000000000000   0.0000000000000000
      hkr06c07                      9.369701299999999    1.000000000000000   0.0000000000000000
      hkr06c08                      8.726557300000000    1.000000000000000   0.0000000000000000
      hkr06c09                      8.411121600000000    1.000000000000000   0.0000000000000000
      hkr06c10                      7.798413600000000    1.000000000000000   0.0000000000000000
      hkr06c11                      7.448436400000000    1.000000000000000   0.0000000000000000
      hkr06c12                      7.370646900000000    1.000000000000000   0.0000000000000000
      hkr06c13                      7.348010800000000    1.000000000000000   0.0000000000000000
      hkr06c14                      6.524548400000000    1.000000000000000   0.0000000000000000
      hkr06c15                      6.424327600000000    1.000000000000000   0.0000000000000000
      hkr06c16                      6.729536400000000    1.000000000000000   0.0000000000000000
      hkr06c17                      6.454540300000000    1.000000000000000   0.0000000000000000
      hkr06c18                      6.277410400000000    1.000000000000000   0.0000000000000000
      hkr06c19                      6.180565600000000    1.000000000000000   0.0000000000000000
      hkr07c00                      6.563411400000000    1.000000000000000   0.0000000000000000
      hkr07c01                      7.225617000000000    1.000000000000000   0.0000000000000000
      hkr07c02                      8.827786100000001    1.000000000000000   0.0000000000000000
      hkr07c03                      15.81886500000000    1.000000000000000   0.0000000000000000
      hkr07c04                      12.05008100000000    1.000000000000000   0.0000000000000000
      hkr07c05                      10.86808400000000    1.000000000000000   0.0000000000000000
      hkr07c06                      11.35818000000000    1.000000000000000   0.0000000000000000
      hkr07c07                      12.26015600000000    1.000000000000000   0.0000000000000000
      hkr07c08                      9.176485000000000    1.000000000000000   0.0000000000000000
      hkr07c09                      7.941686900000000    1.000000000000000   0.0000000000000000
      hkr07c10                      7.382938700000000    1.000000000000000   0.0000000000000000
      hkr07c11                      7.115977400000000    1.000000000000000   0.0000000000000000
      hkr07c12                      7.005014500000000    1.000000000000000   0.0000000000000000
      hkr07c13                      6.982791000000000    1.000000000000000   0.0000000000000000
      hkr07c14                      6.042395300000000    1.000000000000000   0.0000000000000000
      hkr07c15                      6.298774700000000    1.000000000000000   0.0000000000000000
      hkr07c16                      6.720523400000000    1.000000000000000   0.0000000000000000
      hkr07c17                      6.435163500000000    1.000000000000000   0.0000000000000000
      hkr07c18                      6.209320800000000    1.000000000000000   0.0000000000000000
      hkr07c19                      6.123562300000000    1.000000000000000   0.0000000000000000
      hkr08c00                      6.519716100000000    1.000000000000000   0.0000000000000000
      hkr08c01                      7.238879800000000    1.000000000000000   0.0000000000000000
      hkr08c02                      8.592774000000000    1.000000000000000   0.0000000000000000
      hkr08c03                      10.67708200000000    1.000000000000000   0.0000000000000000
      hkr08c07                      8.060785600000001    1.000000000000000   0.0000000000000000
      hkr08c08                      9.002326300000000    1.000000000000000   0.0000000000000000
      hkr08c09                      7.516047200000000    1.000000000000000   0.0000000000000000
      hkr08c10                      7.065500500000000    1.000000000000000   0.0000000000000000
      hkr08c11                      6.930118200000000    1.000000000000000   0.0000000000000000
      hkr08c12                      6.772279600000000    1.000000000000000   0.0000000000000000
      hkr08c13                      6.598778300000000    1.000000000000000   0.0000000000000000
      hkr08c14                      5.378549000000000    1.000000000000000   0.0000000000000000
      hkr08c15                      5.746835000000000    1.000000000000000   0.0000000000000000
      hkr08c16                      6.871520600000000    1.000000000000000   0.0000000000000000
      hkr08c17                      6.232612700000000    1.000000000000000   0.0000000000000000
      hkr08c18                      6.133561000000000    1.000000000000000   0.0000000000000000
      hkr08c19                      6.039033600000000    1.000000000000000   0.0000000000000000
      hkr09c00                      6.263861700000000    1.000000000000000   0.0000000000000000
      hkr09c01                      6.769953800000000    1.000000000000000   0.0000000000000000
      hkr09c02                      8.609476800000000    1.000000000000000   0.0000000000000000
      hkr09c03                      8.039610100000001    1.000000000000000   0.0000000000000000
      hkr09c08                      7.093878100000000    1.000000000000000   0.0000000000000000
      hkr09c09                      6.900018400000000    1.000000000000000   0.0000000000000000
      hkr09c10                      6.828437700000000    1.000000000000000   0.0000000000000000
      hkr09c11                      6.794798700000000    1.000000000000000   0.0000000000000000
      hkr09c12                      6.572268100000000    1.000000000000000   0.0000000000000000
      hkr09c13                      6.067035500000000    1.000000000000000   0.0000000000000000
      hkr09c14                      5.516376500000000    1.000000000000000   0.0000000000000000
      hkr09c15                      5.456191900000000    1.000000000000000   0.0000000000000000
      hkr09c16                      5.979398700000000    1.000000000000000   0.0000000000000000
      hkr09c17                      6.005563100000000    1.000000000000000   0.0000000000000000
      hkr09c18                      6.030728700000000    1.000000000000000   0.0000000000000000
      hkr09c19                      6.011000300000000    1.000000000000000   0.0000000000000000
      hkr10c00                      5.936831500000000    1.000000000000000   0.0000000000000000
      hkr10c01                      5.859753800000000    1.000000000000000   0.0000000000000000
      hkr10c02                      6.467579800000000    1.000000000000000   0.0000000000000000
      hkr10c03                      6.383416900000000    1.000000000000000   0.0000000000000000
      hkr10c08                      6.505331000000000    1.000000000000000   0.0000000000000000
      hkr10c09                      6.522399700000000    1.000000000000000   0.0000000000000000
      hkr10c10                      6.498577000000000    1.000000000000000   0.0000000000000000
      hkr10c11                      6.664906500000000    1.000000000000000   0.0000000000000000
      hkr10c12                      6.280250600000000    1.000000000000000   0.0000000000000000
      hkr10c13                      5.995267900000000    1.000000000000000   0.0000000000000000
      hkr10c14                      6.083032300000000    1.000000000000000   0.0000000000000000
      hkr10c15                      5.922670300000000    1.000000000000000   0.0000000000000000
      hkr10c16                      5.959933500000000    1.000000000000000   0.0000000000000000
      hkr10c17                      6.018704300000000    1.000000000000000   0.0000000000000000
      hkr10c18                      6.002825300000000    1.000000000000000   0.0000000000000000
      hkr10c19                      5.983247700000000    1.000000000000000   0.0000000000000000
      hkr11c00                      5.897972000000000    1.000000000000000   0.0000000000000000
      hkr11c01                      5.735395000000000    1.000000000000000   0.0000000000000000
      hkr11c02                      5.371706300000000    1.000000000000000   0.0000000000000000
      hkr11c03                      5.703931900000000    1.000000000000000   0.0000000000000000
      hkr11c08                      6.263408500000000    1.000000000000000   0.0000000000000000
      hkr11c09                      6.294305500000000    1.000000000000000   0.0000000000000000
      hkr11c10                      6.284873600000000    1.000000000000000   0.0000000000000000
      hkr11c11                      6.187846100000000    1.000000000000000   0.0000000000000000
      hkr11c12                      6.020111400000000    1.000000000000000   0.0000000000000000
      hkr11c13                      6.041606700000000    1.000000000000000   0.0000000000000000
      hkr11c14                      6.027794600000000    1.000000000000000   0.0000000000000000
      hkr11c15                      6.007198700000000    1.000000000000000   0.0000000000000000
      hkr11c16                      5.959962500000000    1.000000000000000   0.0000000000000000
      hkr11c17                      6.008885000000000    1.000000000000000   0.0000000000000000
      hkr11c18                      5.965389800000000    1.000000000000000   0.0000000000000000
      hkr11c19                      5.945890200000000    1.000000000000000   0.0000000000000000
      hkr12c00                      6.109797300000000    1.000000000000000   0.0000000000000000
      hkr12c01                      6.109835000000000    1.000000000000000   0.0000000000000000
      hkr12c02                      6.150775000000000    1.000000000000000   0.0000000000000000
      hkr12c03                      6.150762300000000    1.000000000000000   0.0000000000000000
      hkr12c08                      6.106741800000000    1.000000000000000   0.0000000000000000
      hkr12c09                      6.159587500000000    1.000000000000000   0.0000000000000000
      hkr12c10                      6.172719400000000    1.000000000000000   0.0000000000000000
      hkr12c11                      6.081306100000000    1.000000000000000   0.0000000000000000
      hkr12c12                      6.072387000000000    1.000000000000000   0.0000000000000000
      hkr12c13                      6.078292700000000    1.000000000000000   0.0000000000000000
      hkr12c14                      5.976184000000000    1.000000000000000   0.0000000000000000
      hkr12c15                      6.032924800000000    1.000000000000000   0.0000000000000000
      hkr12c16                      5.969700400000000    1.000000000000000   0.0000000000000000
      hkr12c17                      5.999101900000000    1.000000000000000   0.0000000000000000
      hkr12c18                      5.945905500000000    1.000000000000000   0.0000000000000000
      hkr12c19                      5.926505400000000    1.000000000000000   0.0000000000000000
      hkr13c00                      6.451315500000000    1.000000000000000   0.0000000000000000
      hkr13c01                      6.494506600000000    1.000000000000000   0.0000000000000000
      hkr13c02                      6.586263700000000    1.000000000000000   0.0000000000000000
      hkr13c03                      6.630364400000000    1.000000000000000   0.0000000000000000
      hkr13c08                      6.053554400000000    1.000000000000000   0.0000000000000000
      hkr13c09                      6.100389800000000    1.000000000000000   0.0000000000000000
      hkr13c10                      6.102272400000000    1.000000000000000   0.0000000000000000
      hkr13c11                      6.019351200000000    1.000000000000000   0.0000000000000000
      hkr13c12                      6.027717500000000    1.000000000000000   0.0000000000000000
      hkr13c13                      6.045191700000000    1.000000000000000   0.0000000000000000
      hkr13c14                      5.996155200000000    1.000000000000000   0.0000000000000000
      hkr13c15                      6.064184800000000    1.000000000000000   0.0000000000000000
      hkr13c16                      5.985483100000000    1.000000000000000   0.0000000000000000
      hkr13c17                      5.951965100000000    1.000000000000000   0.0000000000000000
      hkr13c18                      5.916851000000000    1.000000000000000   0.0000000000000000
      hkr13c19                      5.930225200000000    1.000000000000000   0.0000000000000000
      hkr14c00                      6.803163700000000    1.000000000000000   0.0000000000000000
      hkr14c01                      6.803115300000000    1.000000000000000   0.0000000000000000
      hkr14c02                      6.951856100000000    1.000000000000000   0.0000000000000000
      hkr14c03                      7.041608800000000    1.000000000000000   0.0000000000000000
      hkr14c08                      6.045622400000000    1.000000000000000   0.0000000000000000
      hkr14c09                      6.051266700000000    1.000000000000000   0.0000000000000000
      hkr14c10                      6.044113100000000    1.000000000000000   0.0000000000000000
      hkr14c11                      6.013275700000000    1.000000000000000   0.0000000000000000
      hkr14c12                      6.044478200000000    1.000000000000000   0.0000000000000000
      hkr14c13                      5.988932600000000    1.000000000000000   0.0000000000000000
      hkr14c14                      6.030130200000000    1.000000000000000   0.0000000000000000
      hkr14c15                      6.129984100000000    1.000000000000000   0.0000000000000000
      hkr14c16                      5.996894300000000    1.000000000000000   0.0000000000000000
      hkr14c17                      5.903592200000000    1.000000000000000   0.0000000000000000
      hkr14c18                      5.901269200000000    1.000000000000000   0.0000000000000000
      hkr14c19                      5.910832700000000    1.000000000000000   0.0000000000000000
      hkr15c00                      7.136042200000000    1.000000000000000   0.0000000000000000
      hkr15c01                      7.188622700000000    1.000000000000000   0.0000000000000000
      hkr15c02                      7.484971300000000    1.000000000000000   0.0000000000000000
      hkr15c03                      7.485001900000000    1.000000000000000   0.0000000000000000
      hkr15c08                      6.002595100000000    1.000000000000000   0.0000000000000000
      hkr15c09                      6.046518200000000    1.000000000000000   0.0000000000000000
      hkr15c10                      6.022331200000000    1.000000000000000   0.0000000000000000
      hkr15c11                      5.986678800000000    1.000000000000000   0.0000000000000000
      hkr15c12                      5.947172500000000    1.000000000000000   0.0000000000000000
      hkr15c13                      5.962019400000000    1.000000000000000   0.0000000000000000
      hkr15c14                      6.027413300000000    1.000000000000000   0.0000000000000000
      hkr15c15                      6.204459200000000    1.000000000000000   0.0000000000000000
      hkr15c16                      6.091648800000000    1.000000000000000   0.0000000000000000
      hkr15c17                      5.773955300000000    1.000000000000000   0.0000000000000000
      hkr15c18                      5.834211200000000    1.000000000000000   0.0000000000000000
      hkr15c19                      5.896820200000000    1.000000000000000   0.0000000000000000
      hkr16c00                      7.435282200000000    1.000000000000000   0.0000000000000000
      hkr16c01                      7.596564100000000    1.000000000000000   0.0000000000000000
      hkr16c02                      7.904769100000000    1.000000000000000   0.0000000000000000
      hkr16c03                      7.846800300000000    1.000000000000000   0.0000000000000000
      hkr16c08                      5.997519600000000    1.000000000000000   0.0000000000000000
      hkr16c09                      6.044171100000000    1.000000000000000   0.0000000000000000
      hkr16c10                      6.015854100000000    1.000000000000000   0.0000000000000000
      hkr16c11                      5.968965000000000    1.000000000000000   0.0000000000000000
      hkr16c12                      5.921264700000000    1.000000000000000   0.0000000000000000
      hkr16c13                      5.901526300000000    1.000000000000000   0.0000000000000000
      hkr16c14                      5.974792300000000    1.000000000000000   0.0000000000000000
      hkr16c15                      6.364533700000000    1.000000000000000   0.0000000000000000
      hkr16c16                      6.576878000000000    1.000000000000000   0.0000000000000000
      hkr16c17                      6.213525900000000    1.000000000000000   0.0000000000000000
      hkr16c18                      5.782664900000000    1.000000000000000   0.0000000000000000
      hkr16c19                      5.968217400000000    1.000000000000000   0.0000000000000000
      hkr17c00                      7.596655500000000    1.000000000000000   0.0000000000000000
      hkr17c01                      7.957768300000000    1.000000000000000   0.0000000000000000
      hkr17c02                      8.413720600000000    1.000000000000000   0.0000000000000000
      hkr17c03                      8.222969200000000    1.000000000000000   0.0000000000000000
      hkr17c08                      5.989118600000000    1.000000000000000   0.0000000000000000
      hkr17c09                      5.962162600000000    1.000000000000000   0.0000000000000000
      hkr17c10                      6.010413400000000    1.000000000000000   0.0000000000000000
      hkr17c11                      5.926806300000000    1.000000000000000   0.0000000000000000
      hkr17c12                      5.872843600000000    1.000000000000000   0.0000000000000000
      hkr17c13                      5.849670400000000    1.000000000000000   0.0000000000000000
      hkr17c14                      5.913669800000000    1.000000000000000   0.0000000000000000
      hkr17c15                      6.250523400000000    1.000000000000000   0.0000000000000000
      hkr17c16                      6.341296400000000    1.000000000000000   0.0000000000000000
      hkr17c17                      6.438385300000000    1.000000000000000   0.0000000000000000
      hkr17c18                      6.096210200000000    1.000000000000000   0.0000000000000000
      hkr17c19                      6.070111600000000    1.000000000000000   0.0000000000000000
      hkr18c00                      7.847003400000000    1.000000000000000   0.0000000000000000
      hkr18c01                      8.413888699999999    1.000000000000000   0.0000000000000000
      hkr18c02                      9.101793700000000    1.000000000000000   0.0000000000000000
      hkr18c03                      8.625251400000000    1.000000000000000   0.0000000000000000
      hkr18c08                      5.943334000000000    1.000000000000000   0.0000000000000000
      hkr18c09                      5.912581300000000    1.000000000000000   0.0000000000000000
      hkr18c10                      5.884527700000000    1.000000000000000   0.0000000000000000
      hkr18c11                      5.864669900000000    1.000000000000000   0.0000000000000000
      hkr18c12                      5.768664800000000    1.000000000000000   0.0000000000000000
      hkr18c13                      5.867759200000000    1.000000000000000   0.0000000000000000
      hkr18c14                      5.872014700000000    1.000000000000000   0.0000000000000000
      hkr18c15                      5.991257200000000    1.000000000000000   0.0000000000000000
      hkr18c16                      6.122372300000000    1.000000000000000   0.0000000000000000
      hkr18c17                      6.130735600000000    1.000000000000000   0.0000000000000000
      hkr18c18                      6.125973300000000    1.000000000000000   0.0000000000000000
      hkr18c19                      6.113564900000000    1.000000000000000   0.0000000000000000
      hkr19c00                      8.075144300000000    1.000000000000000   0.0000000000000000
      hkr19c01                      8.689098899999999    1.000000000000000   0.0000000000000000
      hkr19c02                      9.752693100000000    1.000000000000000   0.0000000000000000
      hkr19c03                      9.101903800000001    1.000000000000000   0.0000000000000000
      hkr19c08                      5.862560000000000    1.000000000000000   0.0000000000000000
      hkr19c09                      5.811371000000000    1.000000000000000   0.0000000000000000
      hkr19c10                      5.755224600000000    1.000000000000000   0.0000000000000000
      hkr19c11                      5.591769400000000    1.000000000000000   0.0000000000000000
      hkr19c12                      5.237871500000000    1.000000000000000   0.0000000000000000
      hkr19c13                      5.683475500000000    1.000000000000000   0.0000000000000000
      hkr19c14                      6.005446000000000    1.000000000000000   0.0000000000000000
      hkr19c15                      5.851456600000000    1.000000000000000   0.0000000000000000
      hkr19c16                      6.009991700000000    1.000000000000000   0.0000000000000000
      hkr19c17                      6.055031900000000    1.000000000000000   0.0000000000000000
      hkr19c18                      6.133561100000000    1.000000000000000   0.0000000000000000
      hkr19c19                      6.131059000000000    1.000000000000000   0.0000000000000000
      hkr20c00                      8.129436800000001    1.000000000000000   0.0000000000000000
      hkr20c01                      8.872906300000000    1.000000000000000   0.0000000000000000
      hkr20c02                      10.42834700000000    1.000000000000000   0.0000000000000000
      hkr20c03                      10.08085700000000    1.000000000000000   0.0000000000000000
      hkr20c08                      5.644985400000000    1.000000000000000   0.0000000000000000
      hkr20c09                      5.653663900000000    1.000000000000000   0.0000000000000000
      hkr20c10                      5.640766600000000    1.000000000000000   0.0000000000000000
      hkr20c11                      5.444156700000000    1.000000000000000   0.0000000000000000
      hkr20c12                      5.146819300000000    1.000000000000000   0.0000000000000000
      hkr20c13                      5.252131500000000    1.000000000000000   0.0000000000000000
      hkr20c14                      5.518401200000000    1.000000000000000   0.0000000000000000
      hkr20c15                      5.624450100000000    1.000000000000000   0.0000000000000000
      hkr20c16                      5.915331400000000    1.000000000000000   0.0000000000000000
      hkr20c17                      6.126194800000000    1.000000000000000   0.0000000000000000
      hkr20c18                      6.154958900000000    1.000000000000000   0.0000000000000000
      hkr20c19                      6.229635900000000    1.000000000000000   0.0000000000000000
      hkr21c00                      8.129487700000000    1.000000000000000   0.0000000000000000
      hkr21c01                      9.107984000000000    1.000000000000000   0.0000000000000000
      hkr21c02                      11.01623800000000    1.000000000000000   0.0000000000000000
      hkr21c03                      11.78348500000000    1.000000000000000   0.0000000000000000
      hkr21c06                      5.852872800000000    1.000000000000000   0.0000000000000000
      hkr21c07                      5.536174900000000    1.000000000000000   0.0000000000000000
      hkr21c08                      5.134341000000000    1.000000000000000   0.0000000000000000
      hkr21c09                      5.480479600000000    1.000000000000000   0.0000000000000000
      hkr21c10                      5.596172500000000    1.000000000000000   0.0000000000000000
      hkr21c11                      5.276204200000000    1.000000000000000   0.0000000000000000
      hkr21c12                      4.967024400000000    1.000000000000000   0.0000000000000000
      hkr21c13                      4.929251900000000    1.000000000000000   0.0000000000000000
      hkr21c14                      5.139915200000000    1.000000000000000   0.0000000000000000
      hkr21c15                      5.474793000000000    1.000000000000000   0.0000000000000000
      hkr21c16                      5.726211200000000    1.000000000000000   0.0000000000000000
      hkr21c17                      6.061504100000000    1.000000000000000   0.0000000000000000
      hkr21c18                      6.176271800000000    1.000000000000000   0.0000000000000000
      hkr21c19                      6.223286300000000    1.000000000000000   0.0000000000000000
      hkr22c00                      7.850403100000000    1.000000000000000   0.0000000000000000
      hkr22c01                      8.741322700000000    1.000000000000000   0.0000000000000000
      hkr22c02                      10.42838700000000    1.000000000000000   0.0000000000000000
      hkr22c03                      13.22502200000000    1.000000000000000   0.0000000000000000
      hkr22c04                      8.354850000000001    1.000000000000000   0.0000000000000000
      hkr22c06                      5.662537900000000    1.000000000000000   0.0000000000000000
      hkr22c07                      5.593250600000000    1.000000000000000   0.0000000000000000
      hkr22c08                      5.333839100000000    1.000000000000000   0.0000000000000000
      hkr22c09                      5.605306500000000    1.000000000000000   0.0000000000000000
      hkr22c10                      6.096938200000000    1.000000000000000   0.0000000000000000
      hkr22c11                      5.114237100000000    1.000000000000000   0.0000000000000000
      hkr22c12                      4.314000400000000    1.000000000000000   0.0000000000000000
      hkr22c13                      4.558979600000000    1.000000000000000   0.0000000000000000
      hkr22c14                      4.826932900000000    1.000000000000000   0.0000000000000000
      hkr22c15                      5.191026700000000    1.000000000000000   0.0000000000000000
      hkr22c16                      5.534822700000000    1.000000000000000   0.0000000000000000
      hkr22c17                      6.238679200000000    1.000000000000000   0.0000000000000000
      hkr22c18                      6.321768800000000    1.000000000000000   0.0000000000000000
      hkr22c19                      6.185276900000000    1.000000000000000   0.0000000000000000
      hkr23c00                      7.434765200000000    1.000000000000000   0.0000000000000000
      hkr23c01                      8.223351100000000    1.000000000000000   0.0000000000000000
      hkr23c02                      9.342731600000001    1.000000000000000   0.0000000000000000
      hkr23c03                      9.938323100000000    1.000000000000000   0.0000000000000000
      hkr23c04                      11.56216400000000    1.000000000000000   0.0000000000000000
      hkr23c05                      8.485740800000000    1.000000000000000   0.0000000000000000
      hkr23c06                      6.110024200000000    1.000000000000000   0.0000000000000000
      hkr23c07                      5.476925500000000    1.000000000000000   0.0000000000000000
      hkr23c08                      5.290491900000000    1.000000000000000   0.0000000000000000
      hkr23c09                      5.407228600000000    1.000000000000000   0.0000000000000000
      hkr23c10                      5.376643400000000    1.000000000000000   0.0000000000000000
      hkr23c11                      4.968984200000000    1.000000000000000   0.0000000000000000
      hkr23c12                      4.565625800000000    1.000000000000000   0.0000000000000000
      hkr23c13                      4.451518800000000    1.000000000000000   0.0000000000000000
      hkr23c14                      4.588078800000000    1.000000000000000   0.0000000000000000
      hkr23c15                      4.826246800000000    1.000000000000000   0.0000000000000000
      hkr23c16                      4.856648600000000    1.000000000000000   0.0000000000000000
      hkr23c17                      5.677821000000000    1.000000000000000   0.0000000000000000
      hkr23c18                      6.386291900000000    1.000000000000000   0.0000000000000000
      hkr23c19                      6.162779600000000    1.000000000000000   0.0000000000000000
      hkr24c00                      7.107833900000000    1.000000000000000   0.0000000000000000
      hkr24c01                      7.736166500000000    1.000000000000000   0.0000000000000000
      hkr24c02                      8.413590599999999    1.000000000000000   0.0000000000000000
      hkr24c03                      8.777630800000001    1.000000000000000   0.0000000000000000
      hkr24c04                      9.175568000000000    1.000000000000000   0.0000000000000000
      hkr24c05                      7.705342000000000    1.000000000000000   0.0000000000000000
      hkr24c06                      6.332456000000000    1.000000000000000   0.0000000000000000
      hkr24c07                      5.671529600000000    1.000000000000000   0.0000000000000000
      hkr24c08                      5.235148600000000    1.000000000000000   0.0000000000000000
      hkr24c09                      5.131906000000000    1.000000000000000   0.0000000000000000
      hkr24c10                      4.987902400000000    1.000000000000000   0.0000000000000000
      hkr24c11                      4.752690800000000    1.000000000000000   0.0000000000000000
      hkr24c12                      4.523651100000000    1.000000000000000   0.0000000000000000
      hkr24c13                      4.299661600000000    1.000000000000000   0.0000000000000000
      hkr24c14                      4.487561700000000    1.000000000000000   0.0000000000000000
      hkr24c15                      4.833644600000000    1.000000000000000   0.0000000000000000
      hkr24c16                      5.096226500000000    1.000000000000000   0.0000000000000000
      hkr24c17                      5.315056700000000    1.000000000000000   0.0000000000000000
      hkr24c18                      5.999056200000000    1.000000000000000   0.0000000000000000
      hkr24c19                      6.119214000000000    1.000000000000000   0.0000000000000000
      hkr25c00                      6.830882200000000    1.000000000000000   0.0000000000000000
      hkr25c01                      7.286665400000000    1.000000000000000   0.0000000000000000
      hkr25c02                      7.862543800000000    1.000000000000000   0.0000000000000000
      hkr25c03                      8.321044600000001    1.000000000000000   0.0000000000000000
      hkr25c04                      8.160099400000000    1.000000000000000   0.0000000000000000
      hkr25c05                      7.648881500000000    1.000000000000000   0.0000000000000000
      hkr25c06                      7.080898400000000    1.000000000000000   0.0000000000000000
      hkr25c07                      5.911736700000000    1.000000000000000   0.0000000000000000
      hkr25c08                      4.751675600000000    1.000000000000000   0.0000000000000000
      hkr25c09                      4.571559100000000    1.000000000000000   0.0000000000000000
      hkr25c10                      4.840878300000000    1.000000000000000   0.0000000000000000
      hkr25c11                      4.638140000000000    1.000000000000000   0.0000000000000000
      hkr25c12                      4.450026000000000    1.000000000000000   0.0000000000000000
      hkr25c13                      4.247818200000000    1.000000000000000   0.0000000000000000
      hkr25c14                      4.389013900000000    1.000000000000000   0.0000000000000000
      hkr25c15                      4.787780600000000    1.000000000000000   0.0000000000000000
      hkr25c16                      5.216744800000000    1.000000000000000   0.0000000000000000
      hkr25c17                      5.587544300000000    1.000000000000000   0.0000000000000000
      hkr25c18                      6.000530700000000    1.000000000000000   0.0000000000000000
      hkr25c19                      6.148255800000000    1.000000000000000   0.0000000000000000
      hkr26c00                      6.599934200000000    1.000000000000000   0.0000000000000000
      hkr26c01                      6.922987700000000    1.000000000000000   0.0000000000000000
      hkr26c02                      7.260034300000000    1.000000000000000   0.0000000000000000
      hkr26c03                      7.377353600000000    1.000000000000000   0.0000000000000000
      hkr26c04                      7.783672400000000    1.000000000000000   0.0000000000000000
      hkr26c05                      8.092867300000000    1.000000000000000   0.0000000000000000
      hkr26c06                      8.336563800000000    1.000000000000000   0.0000000000000000
      hkr26c07                      6.620549100000000    1.000000000000000   0.0000000000000000
      hkr26c08                      4.231831600000000    1.000000000000000   0.0000000000000000
      hkr26c09                      4.104809800000000    1.000000000000000   0.0000000000000000
      hkr26c10                      4.390163900000000    1.000000000000000   0.0000000000000000
      hkr26c11                      4.433104200000000    1.000000000000000   0.0000000000000000
      hkr26c12                      4.291124900000000    1.000000000000000   0.0000000000000000
      hkr26c13                      4.161131900000000    1.000000000000000   0.0000000000000000
      hkr26c14                      4.195137500000000    1.000000000000000   0.0000000000000000
      hkr26c15                      4.713274100000000    1.000000000000000   0.0000000000000000
      hkr26c16                      5.280586800000000    1.000000000000000   0.0000000000000000
      hkr26c17                      5.793137400000000    1.000000000000000   0.0000000000000000
      hkr26c18                      6.106995500000000    1.000000000000000   0.0000000000000000
      hkr26c19                      6.138227900000000    1.000000000000000   0.0000000000000000
      hkr27c00                      6.407156900000000    1.000000000000000   0.0000000000000000
      hkr27c01                      6.670185200000000    1.000000000000000   0.0000000000000000
      hkr27c02                      6.822733900000000    1.000000000000000   0.0000000000000000
      hkr27c03                      7.023239100000000    1.000000000000000   0.0000000000000000
      hkr27c04                      7.461044700000000    1.000000000000000   0.0000000000000000
      hkr27c05                      8.129643400000001    1.000000000000000   0.0000000000000000
      hkr27c06                      10.72485800000000    1.000000000000000   0.0000000000000000
      hkr27c07                      5.257816200000000    1.000000000000000   0.0000000000000000
      hkr27c08                      2.659223000000000    1.000000000000000   0.0000000000000000
      hkr27c09                      3.631839100000000    1.000000000000000   0.0000000000000000
      hkr27c10                      4.091925700000000    1.000000000000000   0.0000000000000000
      hkr27c11                      4.218332800000000    1.000000000000000   0.0000000000000000
      hkr27c12                      4.197803300000000    1.000000000000000   0.0000000000000000
      hkr27c13                      4.062211600000000    1.000000000000000   0.0000000000000000
      hkr27c14                      3.899190600000000    1.000000000000000   0.0000000000000000
      hkr27c15                      4.428447900000000    1.000000000000000   0.0000000000000000
      hkr27c16                      5.367272100000000    1.000000000000000   0.0000000000000000
      hkr27c17                      6.013958800000000    1.000000000000000   0.0000000000000000
      hkr27c18                      6.219140000000000    1.000000000000000   0.0000000000000000
      hkr27c19                      6.247011300000000    1.000000000000000   0.0000000000000000
      hkr28c00                      6.322273400000000    1.000000000000000   0.0000000000000000
      hkr28c01                      6.462369300000000    1.000000000000000   0.0000000000000000
      hkr28c02                      6.537562200000000    1.000000000000000   0.0000000000000000
      hkr28c03                      6.726873300000000    1.000000000000000   0.0000000000000000
      hkr28c04                      6.923092600000000    1.000000000000000   0.0000000000000000
      hkr28c05                      6.916551100000000    1.000000000000000   0.0000000000000000
      hkr28c06                      6.513276200000000    1.000000000000000   0.0000000000000000
      hkr28c07                      4.448938500000000    1.000000000000000   0.0000000000000000
      hkr28c08                      3.877859900000000    1.000000000000000   0.0000000000000000
      hkr28c09                      4.012509000000000    1.000000000000000   0.0000000000000000
      hkr28c10                      4.141175400000000    1.000000000000000   0.0000000000000000
      hkr28c11                      4.188070700000000    1.000000000000000   0.0000000000000000
      hkr28c12                      4.139052800000000    1.000000000000000   0.0000000000000000
      hkr28c13                      4.040549600000000    1.000000000000000   0.0000000000000000
      hkr28c14                      3.578791700000000    1.000000000000000   0.0000000000000000
      hkr28c15                      3.989038500000000    1.000000000000000   0.0000000000000000
      hkr28c16                      5.709906300000000    1.000000000000000   0.0000000000000000
      hkr28c17                      6.468191900000000    1.000000000000000   0.0000000000000000
      hkr28c18                      6.412872900000000    1.000000000000000   0.0000000000000000
      hkr28c19                      6.275146800000000    1.000000000000000   0.0000000000000000
      hkr29c00                      6.144312800000000    1.000000000000000   0.0000000000000000
      hkr29c01                      6.292300400000000    1.000000000000000   0.0000000000000000
      hkr29c02                      6.388980200000000    1.000000000000000   0.0000000000000000
      hkr29c03                      6.494452400000000    1.000000000000000   0.0000000000000000
      hkr29c04                      6.543839400000000    1.000000000000000   0.0000000000000000
      hkr29c05                      6.411663400000000    1.000000000000000   0.0000000000000000
      hkr29c06                      6.065889200000000    1.000000000000000   0.0000000000000000
      hkr29c07                      5.142255600000000    1.000000000000000   0.0000000000000000
      hkr29c08                      4.556822100000000    1.000000000000000   0.0000000000000000
      hkr29c09                      4.379954400000000    1.000000000000000   0.0000000000000000
      hkr29c10                      4.313648100000000    1.000000000000000   0.0000000000000000
      hkr29c11                      4.244097300000000    1.000000000000000   0.0000000000000000
      hkr29c12                      4.110482300000000    1.000000000000000   0.0000000000000000
      hkr29c13                      3.977061400000000    1.000000000000000   0.0000000000000000
      hkr29c14                      3.020324800000000    1.000000000000000   0.0000000000000000
      hkr29c15                      2.973089800000000    1.000000000000000   0.0000000000000000
      hkr29c16                      6.904224400000000    1.000000000000000   0.0000000000000000
      hkr29c17                      7.602304800000000    1.000000000000000   0.0000000000000000
      hkr29c18                      6.612608300000000    1.000000000000000   0.0000000000000000
      hkr29c19                      6.207404000000000    1.000000000000000   0.0000000000000000
      hkr30c00                      6.051484300000000    1.000000000000000   0.0000000000000000
      hkr30c01                      6.168804600000000    1.000000000000000   0.0000000000000000
      hkr30c02                      6.269347100000000    1.000000000000000   0.0000000000000000
      hkr30c03                      6.330851500000000    1.000000000000000   0.0000000000000000
      hkr30c04                      6.354848500000000    1.000000000000000   0.0000000000000000
      hkr30c05                      6.279296400000000    1.000000000000000   0.0000000000000000
      hkr30c06                      6.029412500000000    1.000000000000000   0.0000000000000000
      hkr30c07                      5.542947600000000    1.000000000000000   0.0000000000000000
      hkr30c08                      4.987053500000000    1.000000000000000   0.0000000000000000
      hkr30c09                      4.595589700000000    1.000000000000000   0.0000000000000000
      hkr30c10                      4.377607000000000    1.000000000000000   0.0000000000000000
      hkr30c11                      4.296609200000000    1.000000000000000   0.0000000000000000
      hkr30c12                      4.154865400000000    1.000000000000000   0.0000000000000000
      hkr30c13                      4.013373500000000    1.000000000000000   0.0000000000000000
      hkr30c14                      2.425799100000000    1.000000000000000   0.0000000000000000
      hkr30c15                      1.229245600000000    1.000000000000000   0.0000000000000000
      hkr30c16                      3.710740200000000    1.000000000000000   0.0000000000000000
      hkr30c17                      9.920310100000000    1.000000000000000   0.0000000000000000
      hkr30c18                      6.627331900000000    1.000000000000000   0.0000000000000000
      hkr30c19                      5.985467900000000    1.000000000000000   0.0000000000000000
      hkr31c00                      6.011073600000000    1.000000000000000   0.0000000000000000
      hkr31c01                      6.139327500000000    1.000000000000000   0.0000000000000000
      hkr31c02                      6.229168500000000    1.000000000000000   0.0000000000000000
      hkr31c03                      6.374640900000000    1.000000000000000   0.0000000000000000
      hkr31c04                      6.326799100000000    1.000000000000000   0.0000000000000000
      hkr31c05                      6.396166000000000    1.000000000000000   0.0000000000000000
      hkr31c06                      6.315800900000000    1.000000000000000   0.0000000000000000
      hkr31c07                      5.995718700000000    1.000000000000000   0.0000000000000000
      hkr31c08                      5.360221300000000    1.000000000000000   0.0000000000000000
      hkr31c09                      4.670623300000000    1.000000000000000   0.0000000000000000
      hkr31c10                      4.366933700000000    1.000000000000000   0.0000000000000000
      hkr31c11                      4.370108000000000    1.000000000000000   0.0000000000000000
      hkr31c12                      4.280249000000000    1.000000000000000   0.0000000000000000
      hkr31c13                      4.148603300000000    1.000000000000000   0.0000000000000000
      hkr31c14                      3.051406400000000    1.000000000000000   0.0000000000000000
      hkr31c15                      2.255019300000000    1.000000000000000   0.0000000000000000
      hkr31c16                      2.714497200000000    1.000000000000000   0.0000000000000000
      hkr31c17                      5.386654800000000    1.000000000000000   0.0000000000000000
      hkr31c18                      5.754795500000000    1.000000000000000   0.0000000000000000
      hkr31c19                      5.692858100000000    1.000000000000000   0.0000000000000000
      hkr32c01                      6.074072600000000    1.000000000000000   0.0000000000000000
      hkr32c02                      6.218927800000000    1.000000000000000   0.0000000000000000
      hkr32c03                      6.241244600000000    1.000000000000000   0.0000000000000000
      hkr32c04                      6.327905300000000    1.000000000000000   0.0000000000000000
      hkr32c05                      6.533033100000000    1.000000000000000   0.0000000000000000
      hkr32c06                      6.778297300000000    1.000000000000000   0.0000000000000000
      hkr32c07                      6.836944000000000    1.000000000000000   0.0000000000000000
      hkr32c08                      5.950241400000000    1.000000000000000   0.0000000000000000
      hkr32c09                      4.348688800000000    1.000000000000000   0.0000000000000000
      hkr32c10                      3.919170700000000    1.000000000000000   0.0000000000000000
      hkr32c11                      4.369825700000000    1.000000000000000   0.0000000000000000
      hkr32c12                      4.524033300000000    1.000000000000000   0.0000000000000000
      hkr32c13                      4.297161600000000    1.000000000000000   0.0000000000000000
      hkr32c14                      3.619897700000000    1.000000000000000   0.0000000000000000
      hkr32c15                      3.183620300000000    1.000000000000000   0.0000000000000000
      hkr32c16                      3.782749900000000    1.000000000000000   0.0000000000000000
      hkr32c17                      4.917961100000000    1.000000000000000   0.0000000000000000
      hkr32c18                      5.473433000000000    1.000000000000000   0.0000000000000000
      hkr32c19                      5.618691500000000    1.000000000000000   0.0000000000000000
      hkr33c02                      6.039910000000000    1.000000000000000   0.0000000000000000
      hkr33c03                      6.124279800000000    1.000000000000000   0.0000000000000000
      hkr33c04                      6.182958900000000    1.000000000000000   0.0000000000000000
      hkr33c05                      6.600854000000000    1.000000000000000   0.0000000000000000
      hkr33c06                      7.378088800000000    1.000000000000000   0.0000000000000000
      hkr33c07                      8.715061900000000    1.000000000000000   0.0000000000000000
      hkr33c08                      7.520617700000000    1.000000000000000   0.0000000000000000
      hkr33c09                      3.097087400000000    1.000000000000000   0.0000000000000000
      hkr33c10                      2.453762900000000    1.000000000000000   0.0000000000000000
      hkr33c11                      3.945835100000000    1.000000000000000   0.0000000000000000
      hkr33c12                      5.661032100000000    1.000000000000000   0.0000000000000000
      hkr33c13                      4.541956400000000    1.000000000000000   0.0000000000000000
      hkr33c14                      4.128610000000000    1.000000000000000   0.0000000000000000
      hkr33c15                      3.934286000000000    1.000000000000000   0.0000000000000000
      hkr33c16                      4.371356900000000    1.000000000000000   0.0000000000000000
      hkr33c17                      4.982749400000000    1.000000000000000   0.0000000000000000
      hkr33c18                      5.331988600000000    1.000000000000000   0.0000000000000000
      hkr33c19                      5.631415000000000    1.000000000000000   0.0000000000000000
      hkr34c03                      5.980708800000000    1.000000000000000   0.0000000000000000
      hkr34c04                      5.773057600000000    1.000000000000000   0.0000000000000000
      hkr34c05                      6.216285800000000    1.000000000000000   0.0000000000000000
      hkr34c06                      7.352352000000000    1.000000000000000   0.0000000000000000
      hkr34c07                      12.89448000000000    1.000000000000000   0.0000000000000000
      hkr34c08                      4.386688700000000    1.000000000000000   0.0000000000000000
      hkr34c09                      1.392645900000000    1.000000000000000   0.0000000000000000
      hkr34c10                      2.675565500000000    1.000000000000000   0.0000000000000000
      hkr34c11                      3.721157700000000    1.000000000000000   0.0000000000000000
      hkr34c12                      4.428446800000000    1.000000000000000   0.0000000000000000
      hkr34c13                      4.297490000000000    1.000000000000000   0.0000000000000000
      hkr34c14                      4.336543800000000    1.000000000000000   0.0000000000000000
      hkr34c15                      4.487399800000000    1.000000000000000   0.0000000000000000
      hkr34c16                      4.728602500000000    1.000000000000000   0.0000000000000000
      hkr34c17                      5.059847100000000    1.000000000000000   0.0000000000000000
      hkr34c18                      5.194072300000000    1.000000000000000   0.0000000000000000
      hkr34c19                      5.705535000000000    1.000000000000000   0.0000000000000000
      hkr35c04                      5.532087200000000    1.000000000000000   0.0000000000000000
      hkr35c05                      5.395200400000000    1.000000000000000   0.0000000000000000
      hkr35c06                      5.636299000000000    1.000000000000000   0.0000000000000000
      hkr35c07                      5.593755600000000    1.000000000000000   0.0000000000000000
      hkr35c08                      3.183937100000000    1.000000000000000   0.0000000000000000
      hkr35c09                      3.078275500000000    1.000000000000000   0.0000000000000000
      hkr35c10                      3.885052700000000    1.000000000000000   0.0000000000000000
      hkr35c11                      4.090639400000000    1.000000000000000   0.0000000000000000
      hkr35c12                      4.020878900000000    1.000000000000000   0.0000000000000000
      hkr35c13                      4.192484200000000    1.000000000000000   0.0000000000000000
      hkr35c14                      4.539922000000000    1.000000000000000   0.0000000000000000
      hkr35c15                      4.865021800000000    1.000000000000000   0.0000000000000000
      hkr35c16                      5.059904600000000    1.000000000000000   0.0000000000000000
      hkr35c17                      5.262551700000000    1.000000000000000   0.0000000000000000
      hkr35c18                      5.485746100000000    1.000000000000000   0.0000000000000000
      hkr36c04                      5.570692400000000    1.000000000000000   0.0000000000000000
      hkr36c05                      4.330067300000000    1.000000000000000   0.0000000000000000
      hkr36c06                      4.647958300000000    1.000000000000000   0.0000000000000000
      hkr36c07                      4.591945600000000    1.000000000000000   0.0000000000000000
      hkr36c08                      4.140171100000000    1.000000000000000   0.0000000000000000
      hkr36c09                      4.023236800000000    1.000000000000000   0.0000000000000000
      hkr36c10                      4.176248900000000    1.000000000000000   0.0000000000000000
      hkr36c11                      4.299110100000000    1.000000000000000   0.0000000000000000
      hkr36c12                      4.402026800000000    1.000000000000000   0.0000000000000000
      hkr36c13                      4.460406800000000    1.000000000000000   0.0000000000000000
      hkr36c14                      4.821960700000000    1.000000000000000   0.0000000000000000
      hkr36c15                      5.126606900000000    1.000000000000000   0.0000000000000000
      hkr36c16                      5.194148600000000    1.000000000000000   0.0000000000000000
      hkr36c17                      5.331936500000000    1.000000000000000   0.0000000000000000
      hkr36c18                      5.705535000000000    1.000000000000000   0.0000000000000000
      hkr37c05                      4.333420000000000    1.000000000000000   0.0000000000000000
      hkr37c06                      4.587057100000000    1.000000000000000   0.0000000000000000
      hkr37c07                      4.668231700000000    1.000000000000000   0.0000000000000000
      hkr37c08                      4.585707500000000    1.000000000000000   0.0000000000000000
      hkr37c09                      4.477595700000000    1.000000000000000   0.0000000000000000
      hkr37c10                      4.436122000000000    1.000000000000000   0.0000000000000000
      hkr37c11                      4.545753700000000    1.000000000000000   0.0000000000000000
      hkr37c12                      4.736382700000000    1.000000000000000   0.0000000000000000
      hkr37c13                      4.889756300000000    1.000000000000000   0.0000000000000000
      hkr37c14                      5.119132800000000    1.000000000000000   0.0000000000000000
      hkr37c15                      5.327778900000000    1.000000000000000   0.0000000000000000
      hkr37c16                      5.414400700000000    1.000000000000000   0.0000000000000000
      hkr37c17                      5.631331300000000    1.000000000000000   0.0000000000000000
      hkr38c05                      4.939632700000000    1.000000000000000   0.0000000000000000
      hkr38c06                      4.789714700000000    1.000000000000000   0.0000000000000000
      hkr38c07                      4.738910000000000    1.000000000000000   0.0000000000000000
      hkr38c08                      4.765602400000000    1.000000000000000   0.0000000000000000
      hkr38c09                      4.942742300000000    1.000000000000000   0.0000000000000000
      hkr38c10                      4.503376800000000    1.000000000000000   0.0000000000000000
      hkr38c11                      4.562330800000000    1.000000000000000   0.0000000000000000
      hkr38c12                      5.017494300000000    1.000000000000000   0.0000000000000000
      hkr38c13                      5.382713600000000    1.000000000000000   0.0000000000000000
      hkr38c14                      5.390807000000000    1.000000000000000   0.0000000000000000
      hkr38c15                      5.553725800000000    1.000000000000000   0.0000000000000000
      hkr38c16                      5.705537400000000    1.000000000000000   0.0000000000000000
      hkr39c05                      5.594573900000000    1.000000000000000   0.0000000000000000
      hkr39c06                      5.309090600000000    1.000000000000000   0.0000000000000000
      hkr39c07                      5.373133000000000    1.000000000000000   0.0000000000000000
      hkr39c08                      5.449571600000000    1.000000000000000   0.0000000000000000
      hkr39c09                      5.661252600000000    1.000000000000000   0.0000000000000000
      hkr39c10                      5.369154300000000    1.000000000000000   0.0000000000000000
      hkr39c11                      5.326236900000000    1.000000000000000   0.0000000000000000
      hkr39c12                      5.639422900000000    1.000000000000000   0.0000000000000000
      hkr39c13                      5.835180600000000    1.000000000000000   0.0000000000000000
      hkr39c14                      5.947512000000000    1.000000000000000   0.0000000000000000
