  1 40 6      33.50000000      70.00000000
  1 40 7      33.50000000      70.00000000
  1 40 8      33.50000000      70.00000000
  1 40 9      33.50000000      70.00000000
  1 40 10      33.50000000      70.00000000
  1 40 11      33.50000000      70.00000000
  1 40 12      33.50000000      70.00000000
  1 40 13      33.50000000      70.00000000
  1 40 14      33.50000000      70.00000000
  1 40 15      33.50000000      70.00000000
  2 40 6      33.50000000      70.00000000
  2 40 7      33.50000000      70.00000000
  2 40 8      33.50000000      70.00000000
  2 40 9      33.50000000      70.00000000
  2 40 10      33.50000000      70.00000000
  2 40 11      33.50000000      70.00000000
  2 40 12      33.50000000      70.00000000
  2 40 13      33.50000000      70.00000000
  2 40 14      33.50000000      70.00000000
  2 40 15      33.50000000      70.00000000
  3 40 6      33.50000000      70.00000000
  3 40 7      33.50000000      70.00000000
  3 40 8      33.50000000      70.00000000
  3 40 9      33.50000000      70.00000000
  3 40 10      33.50000000      70.00000000
  3 40 11      33.50000000      70.00000000
  3 40 12      33.50000000      70.00000000
  3 40 13      33.50000000      70.00000000
  3 40 14      33.50000000      70.00000000
  3 40 15      33.50000000      70.00000000
