  1.00000000E-06  1.00000000E-06  1.00000000E-06  1.00000000E-06  1.00000000E-06  1.00000000E-06  1.00000000E-06  1.00000000E-06  1.00000000E-06  1.00000000E-06  1.00000000E-06  1.00000000E-06  1.00000000E-06  1.00000000E-06  1.00000000E-06  1.00000000E-06  1.00000000E-06  1.00000000E-06  1.00000000E-06  1.00000000E-06
  1.00000000E-06  1.00000000E-06  1.00000000E-06  1.00000000E-06  1.00000000E-06  1.00000000E-06  1.00000000E-06  1.00000000E-06  1.00000000E-06  1.00000000E-06  1.00000000E-06  1.00000000E-06  1.00000000E-06  1.00000000E-06  1.00000000E-06  1.00000000E-06  1.00000000E-06  1.00000000E-06  1.00000000E-06  1.00000000E-06
  1.00000000E-06  1.00000000E-06  1.00000000E-06  1.00000000E-06  1.00000000E-06  1.00000000E-06  1.00000000E-06  1.00000000E-06  1.00000000E-06  1.00000000E-06  1.00000000E-06  1.00000000E-06  1.00000000E-06  1.00000000E-06  1.00000000E-06  1.00000000E-06  1.00000000E-06  1.00000000E-06  1.00000000E-06  1.00000000E-06
  1.00000000E-06  1.00000000E-06  1.00000000E-06  1.00000000E-06  1.00000000E-06  1.00000000E-06  1.00000000E-06  1.00000000E-06  1.00000000E-06  1.00000000E-06  1.00000000E-06  1.00000000E-06  1.00000000E-06  1.00000000E-06  1.00000000E-06  1.00000000E-06  1.00000000E-06  1.00000000E-06  1.00000000E-06  1.00000000E-06
  1.00000000E-06  1.00000000E-06  1.00000000E-06  1.00000000E-06  1.00000000E-06  1.00000000E-06  1.00000000E-06  1.00000000E-06  1.00000000E-06  1.00000000E-06  1.00000000E-06  1.00000000E-06  1.00000000E-06  1.00000000E-06  1.00000000E-06  1.00000000E-06  1.00000000E-06  1.00000000E-06  1.00000000E-06  1.00000000E-06
  1.00000000E-06  1.00000000E-06  1.00000000E-06  1.00000000E-06  1.00000000E-06  1.00000000E-06  1.00000000E-06  1.00000000E-06  1.00000000E-06  1.00000000E-06  1.00000000E-06  1.00000000E-06  1.00000000E-06  1.00000000E-06  1.00000000E-06  1.00000000E-06  1.00000000E-06  1.00000000E-06  1.00000000E-06  1.00000000E-06
  1.00000000E-06  1.00000000E-06  1.00000000E-06  1.00000000E-06  1.00000000E-06  1.00000000E-06  1.00000000E-06  1.00000000E-06  1.00000000E-06  1.00000000E-06  1.00000000E-06  1.00000000E-06  1.00000000E-06  1.00000000E-06  1.00000000E-06  1.00000000E-06  1.00000000E-06  1.00000000E-06  1.00000000E-06  1.00000000E-06
  1.00000000E-06  1.00000000E-06  1.00000000E-06  1.00000000E-06  1.00000000E-06  1.00000000E-06  1.00000000E-06  1.00000000E-06  1.00000000E-06  1.00000000E-06  1.00000000E-06  1.00000000E-06  1.00000000E-06  1.00000000E-06  1.00000000E-06  1.00000000E-06  1.00000000E-06  1.00000000E-06  1.00000000E-06  1.00000000E-06
  1.00000000E-06  1.00000000E-06  1.00000000E-06  1.00000000E-06  1.00000000E-06  1.00000000E-06  1.00000000E-06  1.00000000E-06  1.00000000E-06  1.00000000E-06  1.00000000E-06  1.00000000E-06  1.00000000E-06  1.00000000E-06  1.00000000E-06  1.00000000E-06  1.00000000E-06  1.00000000E-06  1.00000000E-06  1.00000000E-06
  1.00000000E-06  1.00000000E-06  1.00000000E-06  1.00000000E-06  1.00000000E-06  1.00000000E-06  1.00000000E-06  1.00000000E-06  1.00000000E-06  1.00000000E-06  1.00000000E-06  1.00000000E-06  1.00000000E-06  1.00000000E-06  1.00000000E-06  1.00000000E-06  1.00000000E-06  1.00000000E-06  1.00000000E-06  1.00000000E-06
  1.00000000E-06  1.00000000E-06  1.00000000E-06  1.00000000E-06  1.00000000E-06  1.00000000E-06  1.00000000E-06  1.00000000E-06  1.00000000E-06  1.00000000E-06  1.00000000E-06  1.00000000E-06  1.00000000E-06  1.00000000E-06  1.00000000E-06  1.00000000E-06  1.00000000E-06  1.00000000E-06  1.00000000E-06  1.00000000E-06
  1.00000000E-06  1.00000000E-06  1.00000000E-06  1.00000000E-06  1.00000000E-06  1.00000000E-06  1.00000000E-06  1.00000000E-06  1.00000000E-06  1.00000000E-06  1.00000000E-06  1.00000000E-06  1.00000000E-06  1.00000000E-06  1.00000000E-06  1.00000000E-06  1.00000000E-06  1.00000000E-06  1.00000000E-06  1.00000000E-06
  1.00000000E-06  1.00000000E-06  1.00000000E-06  1.00000000E-06  1.00000000E-06  1.00000000E-06  1.00000000E-06  1.00000000E-06  1.00000000E-06  1.00000000E-06  1.00000000E-06  1.00000000E-06  1.00000000E-06  1.00000000E-06  1.00000000E-06  1.00000000E-06  1.00000000E-06  1.00000000E-06  1.00000000E-06  1.00000000E-06
  1.00000000E-06  1.00000000E-06  1.00000000E-06  1.00000000E-06  1.00000000E-06  1.00000000E-06  1.00000000E-06  1.00000000E-06  1.00000000E-06  1.00000000E-06  1.00000000E-06  1.00000000E-06  1.00000000E-06  1.00000000E-06  1.00000000E-06  1.00000000E-06  1.00000000E-06  1.00000000E-06  1.00000000E-06  1.00000000E-06
  1.00000000E-06  1.00000000E-06  1.00000000E-06  1.00000000E-06  1.00000000E-06  1.00000000E-06  1.00000000E-06  1.00000000E-06  1.00000000E-06  1.00000000E-06  1.00000000E-06  1.00000000E-06  1.00000000E-06  1.00000000E-06  1.00000000E-06  1.00000000E-06  1.00000000E-06  1.00000000E-06  1.00000000E-06  1.00000000E-06
  1.00000000E-06  1.00000000E-06  1.00000000E-06  1.00000000E-06  1.00000000E-06  1.00000000E-06  1.00000000E-06  1.00000000E-06  1.00000000E-06  1.00000000E-06  1.00000000E-06  1.00000000E-06  1.00000000E-06  1.00000000E-06  1.00000000E-06  1.00000000E-06  1.00000000E-06  1.00000000E-06  1.00000000E-06  1.00000000E-06
  1.00000000E-06  1.00000000E-06  1.00000000E-06  1.00000000E-06  1.00000000E-06  1.00000000E-06  1.00000000E-06  1.00000000E-06  1.00000000E-06  1.00000000E-06  1.00000000E-06  1.00000000E-06  1.00000000E-06  1.00000000E-06  1.00000000E-06  1.00000000E-06  1.00000000E-06  1.00000000E-06  1.00000000E-06  1.00000000E-06
  1.00000000E-06  1.00000000E-06  1.00000000E-06  1.00000000E-06  1.00000000E-06  1.00000000E-06  1.00000000E-06  1.00000000E-06  1.00000000E-06  1.00000000E-06  1.00000000E-06  1.00000000E-06  1.00000000E-06  1.00000000E-06  1.00000000E-06  1.00000000E-06  1.00000000E-06  1.00000000E-06  1.00000000E-06  1.00000000E-06
  1.00000000E-06  1.00000000E-06  1.00000000E-06  1.00000000E-06  1.00000000E-06  1.00000000E-06  1.00000000E-06  1.00000000E-06  1.00000000E-06  1.00000000E-06  1.00000000E-06  1.00000000E-06  1.00000000E-06  1.00000000E-06  1.00000000E-06  1.00000000E-06  1.00000000E-06  1.00000000E-06  1.00000000E-06  1.00000000E-06
  1.00000000E-06  1.00000000E-06  1.00000000E-06  1.00000000E-06  1.00000000E-06  1.00000000E-06  1.00000000E-06  1.00000000E-06  1.00000000E-06  1.00000000E-06  1.00000000E-06  1.00000000E-06  1.00000000E-06  1.00000000E-06  1.00000000E-06  1.00000000E-06  1.00000000E-06  1.00000000E-06  1.00000000E-06  1.00000000E-06
  1.00000000E-06  1.00000000E-06  1.00000000E-06  1.00000000E-06  1.00000000E-06  1.00000000E-06  1.00000000E-06  1.00000000E-06  1.00000000E-06  1.00000000E-06  1.00000000E-06  1.00000000E-06  1.00000000E-06  1.00000000E-06  1.00000000E-06  1.00000000E-06  1.00000000E-06  1.00000000E-06  1.00000000E-06  1.00000000E-06
  1.00000000E-06  1.00000000E-06  1.00000000E-06  1.00000000E-06  1.00000000E-06  1.00000000E-06  1.00000000E-06  1.00000000E-06  1.00000000E-06  1.00000000E-06  1.00000000E-06  1.00000000E-06  1.00000000E-06  1.00000000E-06  1.00000000E-06  1.00000000E-06  1.00000000E-06  1.00000000E-06  1.00000000E-06  1.00000000E-06
  1.00000000E-06  1.00000000E-06  1.00000000E-06  1.00000000E-06  1.00000000E-06  1.00000000E-06  1.00000000E-06  1.00000000E-06  1.00000000E-06  1.00000000E-06  1.00000000E-06  1.00000000E-06  1.00000000E-06  1.00000000E-06  1.00000000E-06  1.00000000E-06  1.00000000E-06  1.00000000E-06  1.00000000E-06  1.00000000E-06
  1.00000000E-06  1.00000000E-06  1.00000000E-06  1.00000000E-06  1.00000000E-06  1.00000000E-06  1.00000000E-06  1.00000000E-06  1.00000000E-06  1.00000000E-06  1.00000000E-06  1.00000000E-06  1.00000000E-06  1.00000000E-06  1.00000000E-06  1.00000000E-06  1.00000000E-06  1.00000000E-06  1.00000000E-06  1.00000000E-06
  1.00000000E-06  1.00000000E-06  1.00000000E-06  1.00000000E-06  1.00000000E-06  1.00000000E-06  1.00000000E-06  1.00000000E-06  1.00000000E-06  1.00000000E-06  1.00000000E-06  1.00000000E-06  1.00000000E-06  1.00000000E-06  1.00000000E-06  1.00000000E-06  1.00000000E-06  1.00000000E-06  1.00000000E-06  1.00000000E-06
  1.00000000E-06  1.00000000E-06  1.00000000E-06  1.00000000E-06  1.00000000E-06  1.00000000E-06  1.00000000E-06  1.00000000E-06  1.00000000E-06  1.00000000E-06  1.00000000E-06  1.00000000E-06  1.00000000E-06  1.00000000E-06  1.00000000E-06  1.00000000E-06  1.00000000E-06  1.00000000E-06  1.00000000E-06  1.00000000E-06
  1.00000000E-06  1.00000000E-06  1.00000000E-06  1.00000000E-06  1.00000000E-06  1.00000000E-06  1.00000000E-06  1.00000000E-06  1.00000000E-06  1.00000000E-06  1.00000000E-06  1.00000000E-06  1.00000000E-06  1.00000000E-06  1.00000000E-06  1.00000000E-06  1.00000000E-06  1.00000000E-06  1.00000000E-06  1.00000000E-06
  1.00000000E-06  1.00000000E-06  1.00000000E-06  1.00000000E-06  1.00000000E-06  1.00000000E-06  1.00000000E-06  1.00000000E-06  1.00000000E-06  1.00000000E-06  1.00000000E-06  1.00000000E-06  1.00000000E-06  1.00000000E-06  1.00000000E-06  1.00000000E-06  1.00000000E-06  1.00000000E-06  1.00000000E-06  1.00000000E-06
  1.00000000E-06  1.00000000E-06  1.00000000E-06  1.00000000E-06  1.00000000E-06  1.00000000E-06  1.00000000E-06  1.00000000E-06  1.00000000E-06  1.00000000E-06  1.00000000E-06  1.00000000E-06  1.00000000E-06  1.00000000E-06  1.00000000E-06  1.00000000E-06  1.00000000E-06  1.00000000E-06  1.00000000E-06  1.00000000E-06
  1.00000000E-06  1.00000000E-06  1.00000000E-06  1.00000000E-06  1.00000000E-06  1.00000000E-06  1.00000000E-06  1.00000000E-06  1.00000000E-06  1.00000000E-06  1.00000000E-06  1.00000000E-06  1.00000000E-06  1.00000000E-06  1.00000000E-06  1.00000000E-06  1.00000000E-06  1.00000000E-06  1.00000000E-06  1.00000000E-06
  1.00000000E-06  1.00000000E-06  1.00000000E-06  1.00000000E-06  1.00000000E-06  1.00000000E-06  1.00000000E-06  1.00000000E-06  1.00000000E-06  1.00000000E-06  1.00000000E-06  1.00000000E-06  1.00000000E-06  1.00000000E-06  1.00000000E-06  1.00000000E-06  1.00000000E-06  1.00000000E-06  1.00000000E-06  1.00000000E-06
  1.00000000E-06  1.00000000E-06  1.00000000E-06  1.00000000E-06  1.00000000E-06  1.00000000E-06  1.00000000E-06  1.00000000E-06  1.00000000E-06  1.00000000E-06  1.00000000E-06  1.00000000E-06  1.00000000E-06  1.00000000E-06  1.00000000E-06  1.00000000E-06  1.00000000E-06  1.00000000E-06  1.00000000E-06  1.00000000E-06
  1.00000000E-06  1.00000000E-06  1.00000000E-06  1.00000000E-06  1.00000000E-06  1.00000000E-06  1.00000000E-06  1.00000000E-06  1.00000000E-06  1.00000000E-06  1.00000000E-06  1.00000000E-06  1.00000000E-06  1.00000000E-06  1.00000000E-06  1.00000000E-06  1.00000000E-06  1.00000000E-06  1.00000000E-06  1.00000000E-06
  1.00000000E-06  1.00000000E-06  1.00000000E-06  1.00000000E-06  1.00000000E-06  1.00000000E-06  1.00000000E-06  1.00000000E-06  1.00000000E-06  1.00000000E-06  1.00000000E-06  1.00000000E-06  1.00000000E-06  1.00000000E-06  1.00000000E-06  1.00000000E-06  1.00000000E-06  1.00000000E-06  1.00000000E-06  1.00000000E-06
  1.00000000E-06  1.00000000E-06  1.00000000E-06  1.00000000E-06  1.00000000E-06  1.00000000E-06  1.00000000E-06  1.00000000E-06  1.00000000E-06  1.00000000E-06  1.00000000E-06  1.00000000E-06  1.00000000E-06  1.00000000E-06  1.00000000E-06  1.00000000E-06  1.00000000E-06  1.00000000E-06  1.00000000E-06  1.00000000E-06
  1.00000000E-06  1.00000000E-06  1.00000000E-06  1.00000000E-06  1.00000000E-06  1.00000000E-06  1.00000000E-06  1.00000000E-06  1.00000000E-06  1.00000000E-06  1.00000000E-06  1.00000000E-06  1.00000000E-06  1.00000000E-06  1.00000000E-06  1.00000000E-06  1.00000000E-06  1.00000000E-06  1.00000000E-06  1.00000000E-06
  1.00000000E-06  1.00000000E-06  1.00000000E-06  1.00000000E-06  1.00000000E-06  1.00000000E-06  1.00000000E-06  1.00000000E-06  1.00000000E-06  1.00000000E-06  1.00000000E-06  1.00000000E-06  1.00000000E-06  1.00000000E-06  1.00000000E-06  1.00000000E-06  1.00000000E-06  1.00000000E-06  1.00000000E-06  1.00000000E-06
  1.00000000E-06  1.00000000E-06  1.00000000E-06  1.00000000E-06  1.00000000E-06  1.00000000E-06  1.00000000E-06  1.00000000E-06  1.00000000E-06  1.00000000E-06  1.00000000E-06  1.00000000E-06  1.00000000E-06  1.00000000E-06  1.00000000E-06  1.00000000E-06  1.00000000E-06  1.00000000E-06  1.00000000E-06  1.00000000E-06
  1.00000000E-06  1.00000000E-06  1.00000000E-06  1.00000000E-06  1.00000000E-06  1.00000000E-06  1.00000000E-06  1.00000000E-06  1.00000000E-06  1.00000000E-06  1.00000000E-06  1.00000000E-06  1.00000000E-06  1.00000000E-06  1.00000000E-06  1.00000000E-06  1.00000000E-06  1.00000000E-06  1.00000000E-06  1.00000000E-06
  1.00000000E-06  1.00000000E-06  1.00000000E-06  1.00000000E-06  1.00000000E-06  1.00000000E-06  1.00000000E-06  1.00000000E-06  1.00000000E-06  1.00000000E-06  1.00000000E-06  1.00000000E-06  1.00000000E-06  1.00000000E-06  1.00000000E-06  1.00000000E-06  1.00000000E-06  1.00000000E-06  1.00000000E-06  1.00000000E-06
