  5.87520000E-05  5.87520000E-05  5.87520000E-05  5.87520000E-05  5.87520000E-05  5.87520000E-05  5.87520000E-05  5.87520000E-05  5.87520000E-05  5.87520000E-05  5.87520000E-05  5.87520000E-05  5.87520000E-05  5.87520000E-05  5.87520000E-05  5.87520000E-05  5.87520000E-05  5.87520000E-05  5.87520000E-05  5.87520000E-05
  5.87520000E-05  5.87520000E-05  5.87520000E-05  5.87520000E-05  5.87520000E-05  5.87520000E-05  5.87520000E-05  5.87520000E-05  5.87520000E-05  5.87520000E-05  5.87520000E-05  5.87520000E-05  5.87520000E-05  5.87520000E-05  5.87520000E-05  5.87520000E-05  5.87520000E-05  5.87520000E-05  5.87520000E-05  5.87520000E-05
  5.87520000E-05  5.87520000E-05  5.87520000E-05  5.87520000E-05  5.87520000E-05  5.87520000E-05  5.87520000E-05  5.87520000E-05  5.87520000E-05  5.87520000E-05  5.87520000E-05  5.87520000E-05  5.87520000E-05  5.87520000E-05  5.87520000E-05  5.87520000E-05  5.87520000E-05  5.87520000E-05  5.87520000E-05  5.87520000E-05
  5.87520000E-05  5.87520000E-05  5.87520000E-05  5.87520000E-05  5.87520000E-05  5.87520000E-05  5.87520000E-05  5.87520000E-05  5.87520000E-05  5.87520000E-05  5.87520000E-05  5.87520000E-05  5.87520000E-05  5.87520000E-05  5.87520000E-05  5.87520000E-05  5.87520000E-05  5.87520000E-05  5.87520000E-05  5.87520000E-05
  5.87520000E-05  5.87520000E-05  5.87520000E-05  5.87520000E-05  5.87520000E-05  5.87520000E-05  5.87520000E-05  5.87520000E-05  5.87520000E-05  5.87520000E-05  5.87520000E-05  5.87520000E-05  5.87520000E-05  5.87520000E-05  5.87520000E-05  5.87520000E-05  5.87520000E-05  5.87520000E-05  5.87520000E-05  5.87520000E-05
  5.87520000E-05  5.87520000E-05  5.87520000E-05  5.87520000E-05  5.87520000E-05  5.87520000E-05  5.87520000E-05  5.87520000E-05  5.87520000E-05  5.87520000E-05  5.87520000E-05  5.87520000E-05  5.87520000E-05  5.87520000E-05  5.87520000E-05  5.87520000E-05  5.87520000E-05  5.87520000E-05  5.87520000E-05  5.87520000E-05
  5.87520000E-05  5.87520000E-05  5.87520000E-05  5.87520000E-05  5.87520000E-05  5.87520000E-05  5.87520000E-05  5.87520000E-05  5.87520000E-05  5.87520000E-05  5.87520000E-05  5.87520000E-05  5.87520000E-05  5.87520000E-05  5.87520000E-05  5.87520000E-05  5.87520000E-05  5.87520000E-05  5.87520000E-05  5.87520000E-05
  5.87520000E-05  5.87520000E-05  5.87520000E-05  5.87520000E-05  5.87520000E-05  5.87520000E-05  5.87520000E-05  5.87520000E-05  5.87520000E-05  5.87520000E-05  5.87520000E-05  5.87520000E-05  5.87520000E-05  5.87520000E-05  5.87520000E-05  5.87520000E-05  5.87520000E-05  5.87520000E-05  5.87520000E-05  5.87520000E-05
  5.87520000E-05  5.87520000E-05  5.87520000E-05  5.87520000E-05  5.87520000E-05  5.87520000E-05  5.87520000E-05  5.87520000E-05  5.87520000E-05  5.87520000E-05  5.87520000E-05  5.87520000E-05  5.87520000E-05  5.87520000E-05  5.87520000E-05  5.87520000E-05  5.87520000E-05  5.87520000E-05  5.87520000E-05  5.87520000E-05
  5.87520000E-05  5.87520000E-05  5.87520000E-05  5.87520000E-05  5.87520000E-05  5.87520000E-05  5.87520000E-05  5.87520000E-05  5.87520000E-05  5.87520000E-05  5.87520000E-05  5.87520000E-05  5.87520000E-05  5.87520000E-05  5.87520000E-05  5.87520000E-05  5.87520000E-05  5.87520000E-05  5.87520000E-05  5.87520000E-05
  5.87520000E-05  5.87520000E-05  5.87520000E-05  5.87520000E-05  5.87520000E-05  5.87520000E-05  5.87520000E-05  5.87520000E-05  5.87520000E-05  5.87520000E-05  5.87520000E-05  5.87520000E-05  5.87520000E-05  5.87520000E-05  5.87520000E-05  5.87520000E-05  5.87520000E-05  5.87520000E-05  5.87520000E-05  5.87520000E-05
  5.87520000E-05  5.87520000E-05  5.87520000E-05  5.87520000E-05  5.87520000E-05  5.87520000E-05  5.87520000E-05  5.87520000E-05  5.87520000E-05  5.87520000E-05  5.87520000E-05  5.87520000E-05  5.87520000E-05  5.87520000E-05  5.87520000E-05  5.87520000E-05  5.87520000E-05  5.87520000E-05  5.87520000E-05  5.87520000E-05
  5.87520000E-05  5.87520000E-05  5.87520000E-05  5.87520000E-05  5.87520000E-05  5.87520000E-05  5.87520000E-05  5.87520000E-05  5.87520000E-05  5.87520000E-05  5.87520000E-05  5.87520000E-05  5.87520000E-05  5.87520000E-05  5.87520000E-05  5.87520000E-05  5.87520000E-05  5.87520000E-05  5.87520000E-05  5.87520000E-05
  5.87520000E-05  5.87520000E-05  5.87520000E-05  5.87520000E-05  5.87520000E-05  5.87520000E-05  5.87520000E-05  5.87520000E-05  5.87520000E-05  5.87520000E-05  5.87520000E-05  5.87520000E-05  5.87520000E-05  5.87520000E-05  5.87520000E-05  5.87520000E-05  5.87520000E-05  5.87520000E-05  5.87520000E-05  5.87520000E-05
  5.87520000E-05  5.87520000E-05  5.87520000E-05  5.87520000E-05  5.87520000E-05  5.87520000E-05  5.87520000E-05  5.87520000E-05  5.87520000E-05  5.87520000E-05  5.87520000E-05  5.87520000E-05  5.87520000E-05  5.87520000E-05  5.87520000E-05  5.87520000E-05  5.87520000E-05  5.87520000E-05  5.87520000E-05  5.87520000E-05
  5.87520000E-05  5.87520000E-05  5.87520000E-05  5.87520000E-05  5.87520000E-05  5.87520000E-05  5.87520000E-05  5.87520000E-05  5.87520000E-05  5.87520000E-05  5.87520000E-05  5.87520000E-05  5.87520000E-05  5.87520000E-05  5.87520000E-05  5.87520000E-05  5.87520000E-05  5.87520000E-05  5.87520000E-05  5.87520000E-05
  5.87520000E-05  5.87520000E-05  5.87520000E-05  5.87520000E-05  5.87520000E-05  5.87520000E-05  5.87520000E-05  5.87520000E-05  5.87520000E-05  5.87520000E-05  5.87520000E-05  5.87520000E-05  5.87520000E-05  5.87520000E-05  5.87520000E-05  5.87520000E-05  5.87520000E-05  5.87520000E-05  5.87520000E-05  5.87520000E-05
  5.87520000E-05  5.87520000E-05  5.87520000E-05  5.87520000E-05  5.87520000E-05  5.87520000E-05  5.87520000E-05  5.87520000E-05  5.87520000E-05  5.87520000E-05  5.87520000E-05  5.87520000E-05  5.87520000E-05  5.87520000E-05  5.87520000E-05  5.87520000E-05  5.87520000E-05  5.87520000E-05  5.87520000E-05  5.87520000E-05
  5.87520000E-05  5.87520000E-05  5.87520000E-05  5.87520000E-05  5.87520000E-05  5.87520000E-05  5.87520000E-05  5.87520000E-05  5.87520000E-05  5.87520000E-05  5.87520000E-05  5.87520000E-05  5.87520000E-05  5.87520000E-05  5.87520000E-05  5.87520000E-05  5.87520000E-05  5.87520000E-05  5.87520000E-05  5.87520000E-05
  5.87520000E-05  5.87520000E-05  5.87520000E-05  5.87520000E-05  5.87520000E-05  5.87520000E-05  5.87520000E-05  5.87520000E-05  5.87520000E-05  5.87520000E-05  5.87520000E-05  5.87520000E-05  5.87520000E-05  5.87520000E-05  5.87520000E-05  5.87520000E-05  5.87520000E-05  5.87520000E-05  5.87520000E-05  5.87520000E-05
  5.87520000E-05  5.87520000E-05  5.87520000E-05  5.87520000E-05  5.87520000E-05  5.87520000E-05  5.87520000E-05  5.87520000E-05  5.87520000E-05  5.87520000E-05  5.87520000E-05  5.87520000E-05  5.87520000E-05  5.87520000E-05  5.87520000E-05  5.87520000E-05  5.87520000E-05  5.87520000E-05  5.87520000E-05  5.87520000E-05
  5.87520000E-05  5.87520000E-05  5.87520000E-05  5.87520000E-05  5.87520000E-05  5.87520000E-05  5.87520000E-05  5.87520000E-05  5.87520000E-05  5.87520000E-05  5.87520000E-05  5.87520000E-05  5.87520000E-05  5.87520000E-05  5.87520000E-05  5.87520000E-05  5.87520000E-05  5.87520000E-05  5.87520000E-05  5.87520000E-05
  5.87520000E-05  5.87520000E-05  5.87520000E-05  5.87520000E-05  5.87520000E-05  5.87520000E-05  5.87520000E-05  5.87520000E-05  5.87520000E-05  5.87520000E-05  5.87520000E-05  5.87520000E-05  5.87520000E-05  5.87520000E-05  5.87520000E-05  5.87520000E-05  5.87520000E-05  5.87520000E-05  5.87520000E-05  5.87520000E-05
  5.87520000E-05  5.87520000E-05  5.87520000E-05  5.87520000E-05  5.87520000E-05  5.87520000E-05  5.87520000E-05  5.87520000E-05  5.87520000E-05  5.87520000E-05  5.87520000E-05  5.87520000E-05  5.87520000E-05  5.87520000E-05  5.87520000E-05  5.87520000E-05  5.87520000E-05  5.87520000E-05  5.87520000E-05  5.87520000E-05
  5.87520000E-05  5.87520000E-05  5.87520000E-05  5.87520000E-05  5.87520000E-05  5.87520000E-05  5.87520000E-05  5.87520000E-05  5.87520000E-05  5.87520000E-05  5.87520000E-05  5.87520000E-05  5.87520000E-05  5.87520000E-05  5.87520000E-05  5.87520000E-05  5.87520000E-05  5.87520000E-05  5.87520000E-05  5.87520000E-05
  5.87520000E-05  5.87520000E-05  5.87520000E-05  5.87520000E-05  5.87520000E-05  5.87520000E-05  5.87520000E-05  5.87520000E-05  5.87520000E-05  5.87520000E-05  5.87520000E-05  5.87520000E-05  5.87520000E-05  5.87520000E-05  5.87520000E-05  5.87520000E-05  5.87520000E-05  5.87520000E-05  5.87520000E-05  5.87520000E-05
  5.87520000E-05  5.87520000E-05  5.87520000E-05  5.87520000E-05  5.87520000E-05  5.87520000E-05  5.87520000E-05  5.87520000E-05  5.87520000E-05  5.87520000E-05  5.87520000E-05  5.87520000E-05  5.87520000E-05  5.87520000E-05  5.87520000E-05  5.87520000E-05  5.87520000E-05  5.87520000E-05  5.87520000E-05  5.87520000E-05
  5.87520000E-05  5.87520000E-05  5.87520000E-05  5.87520000E-05  5.87520000E-05  5.87520000E-05  5.87520000E-05  5.87520000E-05  5.87520000E-05  5.87520000E-05  5.87520000E-05  5.87520000E-05  5.87520000E-05  5.87520000E-05  5.87520000E-05  5.87520000E-05  5.87520000E-05  5.87520000E-05  5.87520000E-05  5.87520000E-05
  5.87520000E-05  5.87520000E-05  5.87520000E-05  5.87520000E-05  5.87520000E-05  5.87520000E-05  5.87520000E-05  5.87520000E-05  5.87520000E-05  5.87520000E-05  5.87520000E-05  5.87520000E-05  5.87520000E-05  5.87520000E-05  5.87520000E-05  5.87520000E-05  5.87520000E-05  5.87520000E-05  5.87520000E-05  5.87520000E-05
  5.87520000E-05  5.87520000E-05  5.87520000E-05  5.87520000E-05  5.87520000E-05  5.87520000E-05  5.87520000E-05  5.87520000E-05  5.87520000E-05  5.87520000E-05  5.87520000E-05  5.87520000E-05  5.87520000E-05  5.87520000E-05  5.87520000E-05  5.87520000E-05  5.87520000E-05  5.87520000E-05  5.87520000E-05  5.87520000E-05
  5.87520000E-05  5.87520000E-05  5.87520000E-05  5.87520000E-05  5.87520000E-05  5.87520000E-05  5.87520000E-05  5.87520000E-05  5.87520000E-05  5.87520000E-05  5.87520000E-05  5.87520000E-05  5.87520000E-05  5.87520000E-05  5.87520000E-05  5.87520000E-05  5.87520000E-05  5.87520000E-05  5.87520000E-05  5.87520000E-05
  5.87520000E-05  5.87520000E-05  5.87520000E-05  5.87520000E-05  5.87520000E-05  5.87520000E-05  5.87520000E-05  5.87520000E-05  5.87520000E-05  5.87520000E-05  5.87520000E-05  5.87520000E-05  5.87520000E-05  5.87520000E-05  5.87520000E-05  5.87520000E-05  5.87520000E-05  5.87520000E-05  5.87520000E-05  5.87520000E-05
  5.87520000E-05  5.87520000E-05  5.87520000E-05  5.87520000E-05  5.87520000E-05  5.87520000E-05  5.87520000E-05  5.87520000E-05  5.87520000E-05  5.87520000E-05  5.87520000E-05  5.87520000E-05  5.87520000E-05  5.87520000E-05  5.87520000E-05  5.87520000E-05  5.87520000E-05  5.87520000E-05  5.87520000E-05  5.87520000E-05
  5.87520000E-05  5.87520000E-05  5.87520000E-05  5.87520000E-05  5.87520000E-05  5.87520000E-05  5.87520000E-05  5.87520000E-05  5.87520000E-05  5.87520000E-05  5.87520000E-05  5.87520000E-05  5.87520000E-05  5.87520000E-05  5.87520000E-05  5.87520000E-05  5.87520000E-05  5.87520000E-05  5.87520000E-05  5.87520000E-05
  5.87520000E-05  5.87520000E-05  5.87520000E-05  5.87520000E-05  5.87520000E-05  5.87520000E-05  5.87520000E-05  5.87520000E-05  5.87520000E-05  5.87520000E-05  5.87520000E-05  5.87520000E-05  5.87520000E-05  5.87520000E-05  5.87520000E-05  5.87520000E-05  5.87520000E-05  5.87520000E-05  5.87520000E-05  5.87520000E-05
  5.87520000E-05  5.87520000E-05  5.87520000E-05  5.87520000E-05  5.87520000E-05  5.87520000E-05  5.87520000E-05  5.87520000E-05  5.87520000E-05  5.87520000E-05  5.87520000E-05  5.87520000E-05  5.87520000E-05  5.87520000E-05  5.87520000E-05  5.87520000E-05  5.87520000E-05  5.87520000E-05  5.87520000E-05  5.87520000E-05
  5.87520000E-05  5.87520000E-05  5.87520000E-05  5.87520000E-05  5.87520000E-05  5.87520000E-05  5.87520000E-05  5.87520000E-05  5.87520000E-05  5.87520000E-05  5.87520000E-05  5.87520000E-05  5.87520000E-05  5.87520000E-05  5.87520000E-05  5.87520000E-05  5.87520000E-05  5.87520000E-05  5.87520000E-05  5.87520000E-05
  5.87520000E-05  5.87520000E-05  5.87520000E-05  5.87520000E-05  5.87520000E-05  5.87520000E-05  5.87520000E-05  5.87520000E-05  5.87520000E-05  5.87520000E-05  5.87520000E-05  5.87520000E-05  5.87520000E-05  5.87520000E-05  5.87520000E-05  5.87520000E-05  5.87520000E-05  5.87520000E-05  5.87520000E-05  5.87520000E-05
  5.87520000E-05  5.87520000E-05  5.87520000E-05  5.87520000E-05  5.87520000E-05  5.87520000E-05  5.87520000E-05  5.87520000E-05  5.87520000E-05  5.87520000E-05  5.87520000E-05  5.87520000E-05  5.87520000E-05  5.87520000E-05  5.87520000E-05  5.87520000E-05  5.87520000E-05  5.87520000E-05  5.87520000E-05  5.87520000E-05
  5.87520000E-05  5.87520000E-05  5.87520000E-05  5.87520000E-05  5.87520000E-05  5.87520000E-05  5.87520000E-05  5.87520000E-05  5.87520000E-05  5.87520000E-05  5.87520000E-05  5.87520000E-05  5.87520000E-05  5.87520000E-05  5.87520000E-05  5.87520000E-05  5.87520000E-05  5.87520000E-05  5.87520000E-05  5.87520000E-05
