      39.43086000      39.36268000      39.21904000      39.00412000      38.77077000      38.50557000      38.18176000      37.90130000      37.56582000      37.22559000      36.89874000      36.57523000      36.24156000      35.87820000      35.50056000      35.06069000      35.20473000      35.27559000      35.32089000      35.34552000
      39.44527000      39.36940000      39.22670000      39.00596000      38.78024000      38.51054000      38.18633000      37.88638000      37.55757000      37.20073000      36.87487000      36.55574000      36.22322000      35.86160000      35.49544000      35.05295000      35.19559000      35.26754000      35.31320000      35.33702000
      39.46900000      39.39716000      39.24449000      39.01912000      38.79418000      38.51512000      38.17535000      37.87197000      37.52209000      37.17342000      36.83224000      36.51633000      36.18360000      35.83557000      35.48130000      35.04065000      35.18043000      35.25023000      35.29593000      35.31992000
      39.50838000      39.43621000      39.28373000      39.05054000      38.80814000      38.52427000      38.16513000      37.83732000      37.49215000      37.09958000      36.76297000      36.45302000      36.13057000      35.79908000      35.44677000      35.02528000      35.16197000      35.22576000      35.27038000      35.29298000
      39.56419000      39.48478000      39.32754000      39.10040000      38.84030000      38.51875000      38.15439000      37.82148000      37.40578000      37.01961000      36.68917000      36.38351000      36.07055000      35.74831000      35.40582000      35.00325000      35.12611000      35.19056000      35.23312000      35.25589000
      39.62414000      39.55672000      39.39479000      39.15784000      38.87703000      38.53620000      38.15074000      37.73252000      37.34135000      36.93086000      36.58042000      36.29402000      35.99444000      35.68420000      35.35688000      34.96748000      35.08276000      35.14046000      35.18670000      35.21109000
      39.69868000      39.62992000      39.48996000      39.23894000      38.93209000      38.52823000      38.12214000      37.62857000      37.20697000      36.78788000      36.46219000      36.18856000      35.90310000      35.60627000      35.29230000      34.92152000      35.02530000      35.08184000      35.12828000      35.15579000
      39.81558000      39.74572000      39.62339000      39.39439000      38.98695000      38.53481000      38.05378000      37.46363000      37.00099000      36.61390000      36.32274000      36.06667000      35.79800000      35.50877000      35.21215000      34.86261000      34.93946000      35.00697000      35.06246000      35.09692000
      39.92730000      39.87743000      39.80485000      39.73710000    -999.99000000    -999.99000000    -999.99000000      37.06635000      36.67862000      36.40659000      36.17124000      35.92987000      35.67308000      35.40256000      35.12021000      34.78336000      34.80338000      34.90837000      34.99385000      35.03756000
      40.03695000      39.99795000      39.96646000      39.93070000    -999.99000000    -999.99000000    -999.99000000    -999.99000000      36.34867000      36.19534000      36.00122000      35.78632000      35.54042000      35.27299000      35.01852000      34.68908000      34.52465000      34.80782000      34.93984000      34.99337000
      40.10798000      40.08604000      40.06496000      40.05283000    -999.99000000    -999.99000000    -999.99000000    -999.99000000      36.11222000      36.00601000      35.84966000      35.65059000      35.39595000      35.11066000      34.92912000      34.69059000      34.72414000      34.84214000      34.93189000      34.97701000
      40.13496000      40.12573000      40.11518000      40.10788000    -999.99000000    -999.99000000    -999.99000000    -999.99000000      35.94160000      35.86066000      35.72345000      35.53623000      35.25570000      34.82143000      34.84219000      34.68804000      34.79187000      34.87511000      34.94038000      34.97561000
      40.12810000      40.12109000      40.11386000      40.10799000    -999.99000000    -999.99000000    -999.99000000    -999.99000000      35.82072000      35.75404000      35.63286000      35.47183000      35.25925000      35.01674000      34.88357000      34.70144000      34.82134000      34.89558000      34.95097000      34.97992000
      40.08105000      40.07545000      40.06474000      40.05877000    -999.99000000    -999.99000000    -999.99000000    -999.99000000      35.73608000      35.67591000      35.57119000      35.43655000      35.26615000      35.08163000      34.91636000      34.71117000      34.83585000      34.90744000      34.95759000      34.98344000
      39.98886000      39.98597000      39.97560000      39.97042000    -999.99000000    -999.99000000    -999.99000000    -999.99000000      35.67188000      35.61864000      35.52501000      35.40896000      35.26160000      35.09774000      34.92727000      34.71305000      34.84069000      34.91080000      34.95855000      34.98366000
      39.86516000      39.85850000      39.84798000      39.84566000    -999.99000000    -999.99000000    -999.99000000    -999.99000000      35.62433000      35.57257000      35.49020000      35.38250000      35.24697000      35.09209000      34.92326000      34.70600000      34.83517000      34.90635000      34.95460000      34.97942000
      39.69059000      39.67510000      39.67641000      39.68198000    -999.99000000    -999.99000000    -999.99000000    -999.99000000      35.58910000      35.54234000      35.45867000      35.35480000      35.22408000      35.07254000      34.90602000      34.69286000      34.82087000      34.89531000      34.94488000      34.97008000
      39.49816000      39.48521000      39.47292000      39.47753000    -999.99000000    -999.99000000    -999.99000000    -999.99000000      35.56813000      35.51730000      35.43212000      35.32703000      35.19378000      35.04090000      34.87529000      34.67112000      34.79972000      34.87784000      34.92996000      34.95658000
      39.26764000      39.25672000      39.23830000      39.24030000    -999.99000000    -999.99000000    -999.99000000    -999.99000000      35.55636000      35.50184000      35.41128000      35.29874000      35.15771000      34.99345000      34.82012000      34.63806000      34.77211000      34.85630000      34.91201000      34.94127000
      39.00395000      38.98331000      38.96159000      38.95481000    -999.99000000    -999.99000000    -999.99000000    -999.99000000      35.56224000      35.49712000      35.39711000      35.27387000      35.11645000      34.92525000      34.71485000      34.58847000      34.73840000      34.83276000      34.89430000      34.92429000
      38.70562000      38.68725000      38.66241000      38.62782000    -999.99000000    -999.99000000    -999.99000000    -999.99000000      35.59266000      35.50718000      35.39182000      35.25469000      35.08076000      34.84664000      34.46909000      34.52806000      34.70878000      34.81225000      34.87763000      34.90856000
      38.41190000      38.36644000      38.29570000      38.24215000    -999.99000000    -999.99000000      35.94993000      35.84913000      35.66516000      35.53220000      35.38822000      35.24680000      35.08070000      34.88689000      34.67830000      34.55969000      34.70945000      34.80207000      34.86372000      34.89470000
      38.07671000      38.02718000      37.93462000      37.77934000      37.45599000    -999.99000000      36.01212000      35.88057000      35.69532000      35.53671000      35.37598000      35.23364000      35.07963000      34.91676000      34.74926000      34.57918000      34.71331000      34.79605000      34.85271000      34.88203000
      37.79176000      37.71923000      37.60748000      37.42229000      37.09854000      36.58887000      36.16939000      35.90630000      35.70650000      35.51131000      35.34148000      35.20164000      35.06314000      34.91808000      34.76752000      34.58291000      34.71133000      34.78797000      34.84196000      34.86937000
      37.50785000      37.43306000      37.30781000      37.13596000      36.82223000      36.44960000      36.14986000      35.88847000      35.66356000      35.44406000      35.26817000      35.14204000      35.02417000      34.89840000      34.75916000      34.57494000      34.70309000      34.77633000      34.82824000      34.85439000
      37.24476000      37.17543000      37.05838000      36.83915000      36.58826000      36.31349000      36.05772000      35.80412000      35.57337000      35.34607000      35.12667000      35.05025000      34.96780000      34.86358000      34.73768000      34.55984000      34.68702000      34.75967000      34.81072000      34.83648000
      36.99396000      36.93194000      36.80611000      36.63051000      36.39285000      36.15572000      35.91199000      35.68911000      35.46452000      35.21476000      34.84045000      34.93669000      34.90591000      34.82251000      34.70877000      34.54000000      34.66703000      34.73928000      34.78759000      34.81364000
      36.77883000      36.71267000      36.58611000      36.41787000      36.19467000      35.96746000      35.73481000      35.54423000      35.36753000      35.17960000      34.98985000      34.93266000      34.86983000      34.78408000      34.67654000      34.51686000      34.64181000      34.71364000      34.76172000      34.78697000
      36.58041000      36.50275000      36.38457000      36.21283000      35.98858000      35.74907000      35.49037000      35.37351000      35.25732000      35.12410000      34.99532000      34.90841000      34.82900000      34.74078000      34.63892000      34.48981000      34.61192000      34.68301000      34.73109000      34.75678000
      36.39692000      36.31918000      36.19074000      36.01460000      35.80361000      35.52220000      35.09174000      35.18933000      35.13513000      35.03989000      34.93869000      34.85012000      34.76730000      34.68364000      34.59091000      34.45804000      34.57586000      34.64741000      34.69572000      34.72124000
      36.25383000      36.17073000      36.03824000      35.87386000      35.65332000      35.44243000      35.20507000      35.11510000      35.03019000      34.93671000      34.84320000      34.75858000      34.68054000      34.60703000      34.53085000      34.41928000      34.53492000      34.60643000      34.65569000      34.68122000
      36.17171000      36.04162000      35.89363000      35.69274000      35.51902000      35.32935000      35.14507000      35.01262000      34.91153000      34.81058000      34.71572000      34.63113000      34.56009000      34.50454000      34.45369000      34.37313000      34.48635000      34.56047000      34.61110000      34.63910000
    -999.99000000      35.90557000      35.73874000      35.53558000      35.35802000      35.17724000      35.00842000      34.87302000      34.75641000      34.65068000      34.55211000      34.46458000      34.39311000      34.36954000      34.35667000      34.31787000      34.43093000      34.50900000      34.56323000      34.59365000
    -999.99000000    -999.99000000      35.56422000      35.35013000      35.15570000      34.97945000      34.81611000      34.68809000      34.56931000      34.45612000      34.35356000      34.25016000      34.15403000      34.19518000      34.23955000      34.25457000      34.36872000      34.45118000      34.51220000      34.55009000
    -999.99000000    -999.99000000    -999.99000000      35.14823000      34.90368000      34.73221000      34.59171000      34.46457000      34.33957000      34.23458000      34.13079000      33.99688000      33.75338000      33.98949000      34.11076000      34.18523000      34.29863000      34.38638000      34.45393000      34.51693000
    -999.99000000    -999.99000000    -999.99000000    -999.99000000      34.57502000      34.43534000      34.29868000      34.17156000      34.06984000      33.98382000      33.90470000      33.83091000      33.77723000      33.87614000      33.99386000      34.11288000      34.22123000      34.31079000      34.37061000    -999.99000000
    -999.99000000    -999.99000000    -999.99000000    -999.99000000      34.36035000      34.09748000      33.95101000      33.83022000      33.75571000      33.69541000      33.64540000      33.61559000      33.62500000      33.71183000      33.84816000      34.02888000      34.13554000      34.23699000      34.31829000    -999.99000000
    -999.99000000    -999.99000000    -999.99000000    -999.99000000    -999.99000000      33.57815000      33.50858000      33.44720000      33.40490000      33.36467000      33.33929000      33.33514000      33.36615000      33.45937000      33.63675000      33.92591000      34.03805000      34.15180000    -999.99000000    -999.99000000
    -999.99000000    -999.99000000    -999.99000000    -999.99000000    -999.99000000      33.07281000      33.05983000      33.03059000      33.00543000      32.98577000      32.97503000      32.98119000      33.01191000      33.09389000      33.29321000      33.81567000      33.92774000    -999.99000000    -999.99000000    -999.99000000
    -999.99000000    -999.99000000    -999.99000000    -999.99000000    -999.99000000      32.50698000      32.50670000      32.50694000      32.50668000      32.50663000      32.50669000      32.50675000      32.50722000      32.50841000      32.51059000    -999.99000000    -999.99000000    -999.99000000    -999.99000000    -999.99000000
