1.461209878430118625e-01
2.586038895617106537e-01
1.301555542885866057e-01
8.029581881600681426e-01
2.911752312444266799e-01
7.104145019512068115e-01
3.775999621667833761e-01
9.170303675360610418e-01
4.572227871460388116e-03
4.042695581257705895e-01
4.522614563420418454e-01
1.222696901406351566e-01
3.442780933336055949e-01
2.366221672225656825e-01
9.026967403829666559e-01
6.444602897915896467e-02
2.455187748908151946e-01
4.325941460453439635e-01
4.963741758836028861e-01
1.095812733003679318e-01
3.096477104534689495e-01
8.202982151846048842e-01
3.896526508966855484e-01
5.846466586127547771e-01
2.799436265176507010e-01
5.409275192136379085e-01
6.722303436358623152e-02
7.402055491407409926e-01
2.700205729601086180e-01
7.262506764383066526e-01
6.956146826731189892e-01
1.129558258635013912e-01
3.254533094970499807e-01
8.420600066347474488e-01
3.577746075668603032e-01
2.176410119204509330e-01
3.086963301116991687e-01
9.971716686165201793e-01
7.979731363761793927e-01
4.988442608594679806e-01
9.112724690428655183e-01
3.086501134031131022e-01
6.759512565477723278e-01
5.958815520225242413e-01
1.352925916885401314e-01
3.605829996078134814e-01
1.174155865835884160e-01
2.371766360364262471e-01
2.395501673273567889e-01
4.339521606210604565e-01
5.733977131764128599e-01
1.032586681667568840e-01
7.415668093022584895e-01
5.175443209357986074e-01
8.827801852941437044e-01
4.445257483267606169e-02
1.461036847299548302e-01
4.003280891415839093e-01
6.260083251805272919e-01
4.031726243457420811e-01
8.297897769598585604e-01
8.143780314486412930e-01
1.765213936396827776e-01
9.554797548450755240e-02
7.896533362863012995e-01
3.465844826016215574e-01
1.734082098034913644e-01
4.841975369511350991e-01
4.746912058047219052e-01
8.351466026468278292e-01
3.196777547041634859e-01
1.246210627893398204e-01
9.016710210765102040e-01
7.765039930250190459e-01
6.271277541433089020e-01
6.033672780706791361e-01
4.673719053702982684e-01
1.186905903779547078e-01
6.654726374398329813e-01
4.301158015385879718e-01
3.391492016183661473e-02
8.669180967429924722e-01
7.953960606706899084e-01
9.841452687241941666e-01
6.352332654225841813e-01
9.471368951342885589e-01
3.109321413436577641e-01
2.500132424155123712e-01
6.607760969225475733e-01
5.442453400740834280e-01
9.257580410786452330e-01
3.937106644160482949e-01
7.073857539923313897e-01
1.372871612237721584e-01
7.270844456184910598e-02
9.700760213906162166e-01
7.351739804686507895e-01
9.414760985656375203e-01
1.186669076498043651e-01
7.951426920947431976e-01
