  2 5019      15.50000000
  3 5019      15.50000000
  2 5020      15.50000000
  3 5020      15.50000000
  2 5021      15.50000000
  3 5021      15.50000000
  2 5022      15.50000000
  3 5022      15.50000000
  1 5023      15.50000000
  2 5023      15.50000000
  3 5023      15.50000000
  1 5024      15.50000000
  2 5024      15.50000000
  3 5024      15.50000000
  1 5027      15.50000000
  2 5027      15.50000000
  3 5027      15.50000000
  1 5028      15.50000000
  2 5028      15.50000000
  3 5028      15.50000000
  1 5072      15.50000000
  2 5072      15.50000000
  3 5072      15.50000000
  1 5075      15.50000000
  2 5075      15.50000000
  3 5075      15.50000000
  1 5076      15.50000000
  2 5076      15.50000000
  3 5076      15.50000000
  1 5095      15.50000000
  2 5095      15.50000000
  3 5095      15.50000000
  1 5096      15.50000000
  2 5096      15.50000000
  3 5096      15.50000000
  1 5097      15.50000000
  2 5097      15.50000000
  3 5097      15.50000000
  1 5098      15.50000000
  2 5098      15.50000000
  3 5098      15.50000000
  1 5101      15.50000000
  2 5101      15.50000000
  3 5101      15.50000000
  1 5102      15.50000000
  2 5102      15.50000000
  3 5102      15.50000000
  1 5103      15.50000000
  2 5103      15.50000000
  3 5103      15.50000000
  1 5104      15.50000000
  2 5104      15.50000000
  3 5104      15.50000000
  1 5105      15.50000000
  2 5105      15.50000000
  3 5105      15.50000000
