      20.10325559      21.05541674      21.05746206      19.05744108      17.55545934      17.67440097      13.11576970      14.60838254      13.19214185      11.79593213      10.82863013      10.33309523      10.69933955      10.69933955      10.44974868      10.26790913      10.13223203      10.13223203      10.13223203      10.13223203
      10.13223203      10.13223203      10.13223203      10.13223203      10.13223203      10.13223203      10.13223203      10.13223203      10.13223203      10.13223203      10.13223203      10.13223203      10.13223203      10.13223203      10.13223203      10.13223203      10.13223203      10.13223203      10.13223203      10.13223203
      10.13223203      10.13223203      10.13223203      10.13223203      10.13223203      10.13223203      10.13223203      10.13223203      10.20007058      10.16615131      10.14919167      10.11374745      10.07677828      10.04133406      10.02132454      10.00436490       9.96892068       9.93195151       9.89650729       9.91041704
       9.87649777       9.85953813       9.82409391       9.78712474       9.75168052       9.73167100       9.71471136       9.67926714       9.64229797       9.60685375      10.03859506       9.99614789       9.89376829       9.85132112       9.86006375       9.74894152       9.70649435       9.60411475       9.56166758       9.57041021
       9.79265467       9.79265467       9.58789547       9.49336751      10.36359183      10.48782380       9.25095050       8.60842864      10.40106042      21.53783798      20.29789734      20.77878126      17.54874802      17.10866928      17.32823181      14.89797465      14.14898109      14.61939939      11.22364489       9.88485305
       9.70097605      10.25159725      10.06975770      10.38258775       9.94084056       9.62076350       9.58684423       9.56988459       9.53444037       9.49747120       9.46202698       9.44201746       9.42505782       9.38961360       9.35264443       9.31720021       9.52168779       9.29719069       9.22630225       9.24765283
       9.08147548       9.45928798       9.41684081       9.36127970       9.34005611       9.28886631       9.26764273       9.27201404       9.28075667       9.21645293       9.19522934       9.14403954       9.12281596       9.12718727       9.07162616       9.05040257       8.99921277       9.02686102       9.08010417       9.18659047
       9.45722922       9.21542354       9.04924619       9.20050283       9.03432548       9.42738779       9.09503309       9.01485798       9.04250623       9.00739762       9.09733819       9.07015448       9.09780273       9.12498644       9.15263469       9.04117737       9.17981840       9.20746665       9.17235805       9.26229861
       9.16669108       9.22198759       9.27635501       9.33165151       9.02625666       9.16489769       9.25483826       9.15743733       9.24737790       9.01133595       9.14997698       9.23991755       9.14251662       9.23245719       9.38601893       9.44131543       9.32985811       9.41979868       9.32239776       9.41233833
       9.55097936       9.39956307       9.30503511       9.35976430       9.47035730       9.57909214       9.68968515       9.43019676       8.59550603       9.73957284      10.18351523       9.46431351       9.99257819      20.47918002      21.34639549      20.84882991      17.12232844      17.45274607      17.66694450      13.92058945
      15.01517105      12.81813812      12.64605967      10.57712491      10.62124093      10.26957703       9.82782984       9.54727960       9.10553241       9.39754637       9.06519167       9.34104101       9.03535024       8.99641524       9.17629637       8.98149453       9.16137566       9.31493740       9.40487797       9.30747705
       9.39741761       9.53605864       9.30001669       9.38995726       9.29255634       9.38249690       9.47989783       9.56983839       9.47243747       9.56237804       9.04905403       9.32633609       9.46497712       9.55491768       9.45751676       9.54745733       9.31141537       9.45005640       9.53999697       9.44259605
       9.53253662       8.49415088       8.88246888       9.22812280       9.40800394       9.07645836       9.25633950       8.57914001       8.93890228       9.71593978       9.77123628       9.70101907       9.88090020       9.90901299       9.68609836       9.86597949       9.62993754       9.71987811       9.62247718       9.71241775
       9.85105878      10.12834084       9.86885246       9.58083090       9.67077146       9.50499868       9.59493925       9.76071203       9.85065260       9.68487981       9.77482038       9.43622064       9.60904760       9.69898816       9.53321538       9.62315595       9.94764734      10.12752848       9.78892873       9.87886930
       9.71309651       9.71257493       9.79493975       9.28455620       9.46443734       9.13289176       9.13184860       9.54680215       9.54628057       9.38050778       9.37998620       9.54575899       9.54523741       9.37946462       9.37894304       9.13080544       9.21317026       9.21264867       9.04687589       9.04635431
       9.89845973       9.93879523       9.43070303       9.36845023       9.09811430       9.03586150       9.10877667       9.94952345       9.59062298       9.58428919       9.22538873       8.85769939       9.30209064       9.29490693      10.48654302      20.88207753      21.43808556      21.58319155      18.42002360      17.20689265
      18.61165428      15.44192823      13.36645699      15.44914055      11.54845778       8.55061150       8.09770155       7.41384697       7.88749313       8.30402784       7.57574125       7.63042736       8.63348709       8.79821671       8.88058152       8.88005994       8.71428716       8.71376558       8.46562798       8.54799279
       8.54747121       8.38169842       8.38117684       7.96830962       8.13303925       8.13199609       7.80045051       7.79940735       8.76552557       8.70327277       8.53164722       8.50052082       8.36535285       8.33422645       8.37068404       8.44359920       8.19905849       8.16793209       8.03276412       8.00163772
       8.03809531       7.86646976       7.83534336       7.70017539       7.66904899       7.70550657       7.77842174       7.63150938       7.63205040       7.63100723       7.62783889       7.56004030       7.62308637       7.48748918       7.62668590       7.59555950       7.59120243       7.61487488       7.56443310       7.53330670
       7.58374848       7.55262208       7.54981345       7.60306386       7.57193746       7.56758039       7.59125284       7.49627479       7.43402199       7.53490555       7.47265275       7.47884651       7.53209692       7.55576937       7.49661345       7.52028590       7.40787957       7.46112998       7.48480243       7.42564651
       7.44931897       7.57353632       7.51128352       7.50256938       7.54991428       7.92425207       7.56535161       7.35995817       7.23545257       7.43721970       7.31271410       7.37638811      10.97691027       9.17142963      10.14207109      10.25852712      21.62070211      20.96267319      20.11375427      18.50413450
      18.51376216      17.28737895      13.61664836      17.29210726      13.83414268       9.95314026       8.54910326       8.13302867       7.58131933       7.55889523       7.61358134       7.62366668       7.61609499       7.48115249       7.34555531       7.33921862       7.27300419       7.20520560       7.20203725       7.13423866
       7.33691263       7.39016304       7.41383550       7.35467957       7.37835203       7.26594569       7.31919611       7.34286856       7.28371264       7.30738509       7.43160244       7.47894734       7.36063550       7.40798040       7.19497875       7.24822917       7.27190162       7.21274570       7.23641815       7.12991732
       7.15358978       7.09443385       7.11810631       7.17726223       7.20093468       7.14177876       7.16545121       7.28966856       7.33701346       7.21870162       7.26604652       7.34047544       7.20266567       7.13486707       7.27488943       7.20709083       7.48492297       7.34711319       7.27931460       7.41933695
       7.35043207       7.31653277       7.38654395       7.35264465       7.07655732       7.10022977       7.11266920       7.09996017       7.13560365       7.14878108       7.13607205       7.18489296       7.17218393       7.13506444       7.20635140       7.22100484       7.20829581       7.25711673       7.24440769       7.20728821
       7.29322861       7.28051957       7.32934049       7.31663146       7.27951197       7.20527299       7.51448123       7.38997563       7.37254735       7.46723715       7.53091117       7.34784691       7.60709429       8.10184542      10.07499886       9.08664354       9.53160032      19.79313978      21.18641345      19.99173101
      17.82672501      17.49017016      18.01263618      17.94625854      16.01191966      16.62355868      13.79513995       8.58830674       8.26054939       7.79693357       7.65651075       7.79079950       7.62165978       7.58015829       7.56061524       7.51911376       7.57350779       7.56151092       7.59544071       7.53643147
       7.56814867       7.58511357       7.55560895       7.57257384       7.53865681       7.49715533       7.50324878       7.48249804       7.47272651       7.51977045       7.52954198       7.57658592       7.54573530       7.56925727       7.56437151       7.58789348       7.59277924       7.61630121       7.61141545       7.63493742
       7.53383359       7.55079849       7.57110601       7.57419370       7.58267615       7.59282991       7.60110044       7.56776338       7.57127490       7.57975735       7.58969919       7.59818164       7.59115859       7.59964104       7.60958289       7.61806533       7.60812349       7.61660593       7.62654778       7.63503022
       7.59492505       7.60319558       7.61356126       7.62183179       7.61146611       7.61973665       7.63010232       7.63837285       7.63219746       7.64046800       7.65083367       7.65910420       7.66219190       7.64146055       7.65842544       7.67873296       7.69527403       7.62715791       7.55935931       7.61461818
       7.63158307       7.49156072       7.42265583       7.38875653       7.45876771       7.42486841       7.56267819       7.52877889       7.59879007       7.56489077       7.49487959       7.46098030       7.53099147       7.49709218       7.60207846       7.61904335       7.58953873       7.60539733       7.61387978       7.59912747
       7.60760992       7.63490195       7.60100265       7.62863209       7.63711453       7.56820965       7.62236223       7.63084467       7.61609236       7.62457481       7.64043341       7.37715379       7.35173573       7.44937756       7.42395949       7.34972052       7.54500417       7.49416804       7.58823979       7.59672224
       7.60666409       7.61514653       7.60520469       7.61368713       7.62362898       7.63211143       7.63854175       7.65550664       7.63562295       7.65258784       7.67247153       7.68943643       7.70229707       7.73622686       7.65407652       7.60324039       7.72777369       7.67693756       7.34569009       7.60493747
       7.56383479       7.67325437       7.50516605       7.83804131       9.92294566      10.25779088      19.86463801      18.03118261      19.20706304      16.21489398      18.09726969      15.88278834      17.86899185      15.96121407      16.34703763      12.51442846       8.52814213       8.25537642       8.02653293       8.21358446
       8.15001917       7.66871043       7.49957071       7.48370573       7.46295499       7.45318346       7.50022740       7.43852617       7.49045588       7.51642073       7.53994270       7.53505693       7.55857890       7.52772829       7.55369314       7.57721511       7.57232935       7.59585132       7.78938691       7.61047566
       7.97391768       7.79500643       7.49840931       7.54545325       7.59067470       7.63771864       7.59249719       7.60471380       7.62823577       7.65084649       7.67436846       7.64993525       7.67345722       7.69606794       7.71958991       7.69697918       7.72050115       7.74311188       7.76663385       7.68294009
       7.72998403       7.77520547       7.82224941       7.74220063       7.76572260       7.78833333       7.81185530       7.82407190       7.83446602       7.85798799       7.88059871       7.90412068       7.91633729       7.50999893       7.53596378       7.55948575       7.55459999       7.57812196       7.52619225       7.54971422
       7.54482846       7.56835043       7.57323619       7.59675816       7.59187240       7.61539437       7.58300772       7.60652969       7.60164392       7.62516589       7.65113075       7.64135922       7.68840316       7.56346467       7.58698664       7.58210087       7.60562284       7.63158769       7.62181617       7.66886011
       7.72078981       7.68292325       7.69946431       7.72019566       7.73673672       7.74291211       7.78437481       7.81745694       7.68658507       7.73362901       7.77885046       7.82589440       7.85032761       7.94077051       7.74343479       7.73129547       7.82980772       7.81290138       7.79745972       7.89895693
       7.86837339       8.37511301       7.62957493       8.87883123       9.81216908      22.48409653      19.08124097      18.70088641      18.13621966      18.68926938      18.01545525      17.31992531      17.67549388      16.76245499      12.29466693       8.42113892       8.14980137       8.08623608       8.21264605       8.03924898
       8.15844846       7.97953721       8.12655691       8.16406798       7.86747086       7.91451480       7.95973625       8.00678019       7.92673141       7.95025338       7.97286410       7.99638607       8.00860268       8.01899680       8.04251876       8.06512949       8.01579556       7.95515627       8.05200164       8.06421824
       8.08774021       8.11035094       8.06101701       8.14426702       8.08362773       8.03429380       8.05690452       8.00757059       8.03840628       7.98907235       8.01168308       7.96234915       7.90170985       7.94693130       7.84826344       8.10306336       8.14057444       8.08796781       7.94509381       8.13616292
       8.05285247       8.00351854       8.07147157       8.02213764       8.03842260       8.09009067       8.04075674       8.04122052       8.05937584       7.93882720       7.84015934       7.97606540       7.87739754       7.94068229       7.99235036       8.01050569       7.94348020       7.96163553       7.84294198       7.89461005
       7.91276537       7.84573989       7.86389522       8.01330360       7.91463574       7.91556329       7.95187394       7.83387768       7.63654196       7.72698486       7.52964914       7.51750982       7.71077665       7.51344093       7.78525305       7.58791733       7.47541833       7.47116311       7.82200146       7.93142104
       7.70110897       7.70259555       7.47710943       8.64950562       8.12972403      10.36938222      21.88718287      18.50963275      17.76230939      20.02497609      18.95393626      17.47725868      16.17392540      15.92082723      12.37942759       9.67297745       8.80008380       8.18245494       8.00905788       7.97447423
       7.71957183       7.89248719       7.74961319       7.69700656       7.55413256       7.74520167       7.79686973       7.81502506       7.74799958       7.76615491       7.64746135       7.69912942       7.71728475       7.65025927       7.66841459       7.81782297       7.85413363       7.72008266       7.75639331       7.54972104
       7.60138911       7.61954444       7.55251895       7.57067428       7.45198073       7.50364880       7.52180412       7.45477864       7.47293397       7.62234235       7.65865300       7.53995945       7.55811478       7.49108929       7.50924462       7.56091269       7.55226354       7.40938954       7.45825811       7.48123101
       7.42107094       7.45738160       7.45699168       7.49330234       7.47563440       7.49378973       7.49359477       7.51175010       7.53000290       7.51155514       7.52971047       7.52951551       7.54767084       7.56592364       7.49291242       7.52922307       7.52883316       7.56514381       7.54747588       7.56563121
       7.56543625       7.58359158       7.58378653       7.60194186       7.60174690       7.61990223       7.60145447       7.61970727       7.63786260       7.63766764       7.65582297       7.85972945       7.66239373       7.66424882       7.73687013       7.62437113       7.60242925       7.67505056       7.63815503       7.67446569
       7.65601792       7.67417325       7.67397829       7.63636288       7.59884494       7.52380906       7.68881236       7.73430536       7.53757085       7.71555612       7.71535714       7.73805336       7.79317025       7.81586647       7.65557700       7.73366716       7.75213935       7.71090117       7.74994625       7.75918234
       7.73856325       7.75808579       7.76270384       7.75700464       7.73441044       7.65780687       7.75031789       7.71201611       7.75827161       7.73912072       7.75719047       7.75701006       7.74779479       7.72936424       7.79104590       7.77863562       7.77243048       7.76673128       7.76774317       7.73142255
       7.76926100       7.69661977       7.77229667       7.62701420       7.77045287       7.77027246       7.73514414       7.77890792       7.77431959       7.70406294       7.79159051       7.78241384       7.64190054       7.81695569       7.69250313       7.98488057       7.79860234       7.71834226       7.44518503       8.16701126
       9.41123708      22.82034874      18.43787257      20.03789838      19.10656484      19.10656484      17.01125844      16.17392540      15.07789421      13.42256101      10.36124293       8.02854315       7.58042955       7.57750678       7.60086960       7.63737521       7.67368586       7.67329594       7.59806511       7.67271107
       7.52224940       7.77507349       7.53460677       7.63616792       7.59855250       7.59835754       7.56074212       7.56093708       7.52332166       7.52312671       7.48551129       7.52283427       7.48531633       7.44770091       7.44750596       7.40989054       7.44799335       7.37276251       7.41008549       7.37247008
       7.37227512       7.33465970       7.29714176       7.44721352       7.37198268       7.37159277       7.29636193       7.33446474       7.29684933       7.29665437       7.25903895       7.25923391       7.22161849       7.22142353       7.18380811       7.22113110       7.14590026       7.37964341       7.46863605       7.30402266
       7.39301530       7.56431462       7.22505894       7.26955526       7.18724856       7.23174488       7.31739454       7.14943819       7.19393451       7.11162781       7.15612413       7.23843082       7.28292714       7.20062045       7.24511677       7.40638718       7.49537982       7.32742346       7.37191978       7.28961308
       7.33410940       7.41975906       7.30254062       7.15207895       7.31528791       7.27997875       7.09624096       7.18523359       7.16019086       7.14777394       7.26134298       7.30583930       7.24261316       7.28710947       7.35033562       7.39483194       7.33160579       7.37610211       7.23676658       7.32575921
       7.24990726       7.22507342       7.74229989       7.78779290       7.58437245       7.67336509       7.50875170       7.59774434       7.76904366       7.77836800       7.43932825       7.48382457       7.42059843       7.46509475       7.54120413       7.40186860       7.44636492       7.38313878       7.42763509       7.49086124
       7.53535755       7.47213141       7.51662773       7.63019677       7.71918941       7.59273712       7.68172975       7.37729220       7.45340159       7.49789790       7.43467176       7.47916808       7.33983254       7.41594193       7.46043825       7.39721211       7.44170843       7.55527747       7.64427010       7.50493457
       7.54943089       7.48620474       7.53070106       7.60681045       7.67231466       7.52703220       7.59739536       7.45211289       7.48780306       7.51757574       7.27164884       7.41488139       7.90150627       7.43850978       8.36178811       7.70256805      21.49399567      19.64527257      18.52093252      20.14359919
      20.14359919      20.14359919      13.52856064      13.08437602      13.08437602       9.68277613       8.05826203       7.95133813       7.98057814       8.21975990       8.00655329       7.83919694       7.74919190       7.85194423       7.78125363       7.73625111       7.78762727       7.75228197       7.72978071       7.75546879
       7.73296753       7.62895854       7.47849687       7.67613443       7.60090359       7.69972237       7.66210695       7.70290919       7.69408190       7.66485349       7.60639668       7.86493180       7.79412106       7.75871568       7.73621442       7.76202265       7.73952139       7.80073499       7.75573247       7.87815966
       7.78815462       7.72055015       7.71172286       7.72385711       7.71502983       7.70013541       7.72440392       7.70674934       7.67696051       7.72549752       7.69018837       7.48948304       7.37780706       7.35297322       7.50570687       7.48087303       7.63061070       7.58252303       7.30237289       7.39136553
       7.36632280       7.35390588       7.46747492       7.51197124       7.44874509       7.49324141       7.56935080       7.43001527       7.47451158       7.41128544       7.45578176       7.51900790       7.56350422       7.50027808       7.54477439       7.45603919       7.40543886       7.48154825       7.52604457       7.46281842
       7.50731474       7.46938876       7.44408860       7.48858492       7.47606355       7.46985509       7.57752650       7.50488527       7.54006685       7.46742561       7.37719359       7.50260720       7.42996596       7.49267277       7.45635215       7.47394294       7.46598729       7.44923624       7.41573415       7.53263068
       7.50768451       7.49526759       7.52032610       7.45798624       7.55791386       7.43323414       7.46944017       7.46148452       7.45079949       7.44284384       7.44023071       7.43215882       7.42420317       7.41351814       7.40556249       7.41624752       7.40829187       7.39760684       7.38965119       7.42431941
       7.40840811       7.38703805       7.37112675       7.38157930       7.37896616       7.37101051       7.36032549       7.35236983       7.34429795       7.34168481       7.33372916       7.32304413       7.31508848       7.34975670       7.33384540       7.32577351       7.31781786       7.30713283       7.29917718       7.29656404
       7.34872997       7.49196251       7.36590048       7.33407787       7.29133777       7.39317902       7.49905272       7.64284754       7.61695067       7.69150019       8.19743379      18.07085037      18.86757596      19.61695862      19.54495875      19.54495875      19.54495875      12.54902713      12.54902713      12.54902713
       9.53308837       7.65341584       8.65411663       7.85299893       7.72768474       7.73818535       7.49545779       7.68117706       7.63308938       7.44895011       7.33439070       7.48335115       7.35867143       7.40878844       7.28410872       7.30701659       7.29110529       7.26973524       7.25382394       7.28849215
       7.28053650       7.26985148       7.26189583       7.25928269       7.25121080       7.24325515       7.23257012       7.25803043       7.28883326       7.23245388       7.21654258       7.19517253       7.24609315       7.24734541       7.27280572       7.26212069       7.28758101       7.31838383       7.27689598       7.30235629
       7.29167127       7.31713158       7.34793441       7.25943910       7.13475938       7.03530313       6.99169361       7.15168722       7.20260785       7.08015434       7.08608667       7.26992861       7.29538893       7.21166802       7.23712834       7.30444910       7.15340743       7.17886775       7.09514684       7.12060716
       7.20432806       7.22978837       7.14606747       7.17152778       6.97582118       7.02048612       7.08780688       7.11326719       7.02954629       7.05500660       6.94895323       6.97128570       6.99674601       6.93551926       6.93848542       7.35043891       7.45228016       7.40954006       7.51138131       7.61725501
       7.35536973       7.40629035       7.23884855       7.28976917       7.42441070       7.12232737       7.17324799       7.02220633       7.04766664       6.96394574       6.98940605       7.05672681       7.19136834       7.44331380       7.92986711       7.56480249       7.44733270       7.95051098      19.35713768      17.90506935
      19.19641495      18.54108175      18.54108175      18.54108175      11.80936050      11.80936050      11.80936050       9.80063788       7.12552357       6.96189205       6.74618125       6.78666250       6.79889971       6.83275541       6.87742035       6.88335268       6.80588746       6.81181979       6.68968964       6.70155430
       6.69341725       6.63694841       6.64881307       6.67453172       6.68639638       6.90568515       6.93114546       6.86991870       6.87288487       6.94020563       6.83415226       6.83711843       6.79838582       6.80135198       6.84008459       6.86554491       6.80431815       6.80728432       6.99112626       7.04204688
       6.87460508       6.92552571       6.74621924       6.76855171       6.77151787       6.73278526       6.73575143       6.67468635       6.69701882       6.69998499       6.66125238       6.66421854       6.75808390       6.80900453       6.70295115       6.70591732       6.66718471       6.67015088       6.69248335       7.05149843
       7.13600208       6.81845607       7.08109746       6.64831574       6.65424807       6.66710739       6.67303972       6.65399940       6.65696557       6.66339523       6.66636140       6.65993173       6.66289790       6.66932756       6.65185912       6.67897206       6.65828879       6.64082035       6.64725001       6.62978157
       6.69826104       6.65689451       6.62195763       6.63481695       6.59988008       6.73649036       6.86781105       6.67600916       6.76385523       6.66497039       6.75281645       6.89010494       7.07593904       6.65393161       6.74177768       6.64289284       6.73073890       6.82962374       6.91746981       6.81858497
       6.90643103       6.67025771       6.80754619       6.89539226       6.79650742       6.88435348       7.04371952       7.17504022       7.02164197       7.19733410       7.50251186       7.68539369       7.33858043       7.60122182       7.38316820       7.64580959       7.67507684       7.39121040       8.21352116       8.01937151
      19.92996915      19.07028071      17.75785383      16.90718714      16.90718714      16.90718714      12.35077286      12.35077286      12.35077286       9.79159037       7.04346291       6.99165217       6.61092742       6.67032282       6.76858387       6.73683902       6.73444911       6.70335523       6.65410594       6.58423219
       6.60995084       6.54007709       6.64818016       6.78546864       6.87331471       6.77442987       6.86227593       6.62610261       6.80179474       6.96116077       7.04900684       6.95012200       7.03796806       7.17525655       6.93908322       7.02692929       6.92804445       7.01589051       7.11477535       7.20262142
       7.10373658       7.19158264       6.68083235       6.95540932       7.09269780       7.18054387       7.08165903       7.16950509       6.93333177       7.10902390       6.56360773       6.66409045       7.01547472       6.67476177       7.02614603       7.35094868       7.48226938       7.32887113       7.50456326       7.69039736
       7.26838994       7.35623600       7.25735116       7.34519723       7.48248571       7.24631238       7.33415845       7.23527361       7.32311968       7.42200452       7.50985058       7.41096574       7.49881181       7.65817784       7.78949854       7.63610029       7.81179242       7.78183828       7.70207872       7.82642605
       7.78118720       7.27634508       7.40678027       7.49462633       7.40944810       7.49729416       7.28168074       7.41211593       7.49996199       7.41478376       7.50262982       7.62772935       7.80342148       7.63306501       7.85864613       7.28701640       7.41745159       7.50529765       7.42011941       7.53290998
       7.29235206       7.51793319       7.61808822       7.73087878       7.64570054       7.75849111       7.91387079       7.67331287       7.78610344       7.70092520       7.81371577       7.96909545       7.80391757       7.75867871       7.91436688       7.63455327       7.67377468       7.65810597       7.62875772       7.52936633
       7.82592487       7.53305467      18.52911123      19.06958961      17.00974719      15.98368073      15.98368073      15.98368073      12.26961517      12.26961517      12.26961517      10.44364421       6.67058277       7.00391531       6.71337374       6.65012344       6.49150205       6.46040817       6.37199440       6.27274552
       6.33501662       6.34784445       6.26490948       6.61455158       6.54467783       6.49307805       6.55534915       6.68543309       7.03681735       6.60559051       6.78128264       6.61092617       6.83650730       7.00686377       7.23244490       6.99188698       7.10467755       7.01949931       7.13228988       7.21746811
       7.33025868       7.24508044       7.35787101       6.39728772       6.46151783       6.49265337       6.42646425       6.45759980       6.32913959       6.36027513       6.29408601       6.32522156       6.39141068       6.42352574       6.43909351       6.40599895       6.42156673       6.35733662       6.37290439       6.33980983
       6.35537761       6.38847217       6.40403994       6.37094538       6.38651316       6.62101171       6.79896095       6.91175152       6.78143417       6.89422473       6.53832625       6.65111682       6.52079947       6.63359003       6.76390738       6.87669795       6.74638060       6.85917116       7.02454208       7.13733265
       7.00701530       7.11980586       7.29775510       7.03712040       7.26270153       6.50327268       6.61606325       6.48574590       6.59853646       6.77648570       6.51585100       6.74143213       7.09733061       7.34757672       7.57315785       7.40280137       7.55818106       7.67097162       7.58579339       7.69858395
       7.72853753       7.84132809       7.75614986       7.86894042       8.02432011       7.78376219       7.89655275       7.81137452       7.92416508       8.07954476       7.38782459       7.50061515       7.41543691       7.52822748       7.61340571       7.72619628       7.64101804       7.75380861       7.44304924       7.55583981
       7.47066157       7.58345214       7.73883182       7.90918829       8.13476942       7.96441295       8.18999408       8.02481620       7.74500259       8.13526551       7.85545190       7.52333623       7.74891736       7.48828266       7.71386379       8.06976227       7.54849287       8.05969520       8.04051630       7.38050683
       7.28111545       7.48088908       7.23890928       6.99453243       7.97329076      19.54650625      20.08613650      16.88137627      15.96570905      15.96570905      15.96570905      12.85353851      12.85353851      12.85353851       8.51756684       6.89534656       6.98378889       6.80242022       6.65798696       6.52219226
       6.42294338       6.34000841       6.49804232       6.41510734       6.52950124       6.48753635       6.40460138       6.39142549       6.30849051       6.25903244       6.29114750       6.30671527       6.27362071       6.28918849       6.29658191       6.25609393       6.27166170       6.27486866       6.25413492       6.32228305
       6.33785082       6.30475626       6.32032404       6.35243909       6.28722948       6.30279725       6.26970269       6.28527046       6.31738552       6.33413137       6.29266389       6.37168084       6.33021335       6.25217590       6.26774368       6.27095064       6.25021689       6.28233195       6.28972537       6.26899163
       6.30850010       6.28776636       6.24727838       6.57606121       7.02722347       6.50595407       7.01715640       6.36642786       6.32496037       6.31837243       6.27690494       6.30587361       6.28513987       6.28184590       6.26111215       6.26440612       6.24367238       6.24037841       6.24493420       6.23543745
       6.24164023       6.24619601       6.24290204       6.24745783       6.22555554       6.23796108       6.24416386       6.24871964       6.24542567       6.24998146       6.24048471       6.24959629       6.32277907       6.57838024       6.32530270       6.47769848       6.91144111       6.28909648       6.36529437       6.29035830
       6.36655618       6.48022211       6.29162011       6.36781800       6.29288193       6.36907981       6.44401589       6.52021377       6.44527770       6.52147559       6.63261788       6.88821905       6.63514151       6.78753729       7.78899344       8.02038217       7.42264344       7.93384578       7.22127992       7.73248225
       8.23094384       7.53881963       7.78928868       8.16202132      18.70121574      16.10797119      16.05218124      16.68744787      16.68744787      16.68744787      11.49022293      11.49022293      11.49022293      10.21317546       6.84804479       6.62684751       6.64113927       6.58113418       6.61450899       6.48260774
       6.49072542       6.43438518       6.43471745       6.38951307       6.39488489       6.34968051       6.34263446       6.29408163       6.30280191       6.25424908       6.33727952       6.20579171       6.24552880       6.19697597       6.20569625       6.25448771       6.23048327       6.24870642       6.28799502       6.30621817
       6.23060280       6.24882595       6.23565006       6.25387321       6.33287359       6.44653952       6.52273740       6.44780133       6.52399922       6.33539722       6.44906315       6.52526103       6.45032496       6.52652285       6.63766514       6.79006092       6.64018877       6.79258455       6.33792085       6.45158678
       6.52778467       6.45284859       6.52904648       6.34044449       6.45411041       6.53030830       6.45537222       6.53157011       6.64271240       6.79510818       6.64523604       6.79763181       6.26692957       6.26621899       6.27533056       6.29497486       6.28459494       6.32444131       6.30423924       6.29413821
       6.28894825       6.29877040       6.29358044       6.31350362       6.30340259       6.29821263       6.30803478       6.30284482       6.27668832       6.35288621       6.28132051       6.29904814       6.42908410       6.50528198       6.37524603       6.45144392       6.28595270       6.30368033       6.29058489       6.30831252
       6.33258787       6.59265978       6.74505556       6.48498364       6.63737942       6.29521708       6.31294471       6.29984927       6.31757690       6.34185225       6.31566137       6.35111663       6.39966732       7.01991640       7.53111873       7.02496366       7.32975521       7.82821679       6.91981115       7.22460270
       6.70445887       7.00925042       7.41150099       8.05338923       7.82116461       7.86378845      19.02650642      16.29848798      14.45719210      16.57479223      16.57479223      16.57479223      13.40581703      13.40581703      13.40581703      10.40581862       6.82366300       6.74017859       6.70823761       6.69855340
       6.61802153       6.39599089       6.30660811       6.33083023       6.19734906       6.24283041       6.25494147       6.18820089       6.20031194       6.37431500       6.21819164       6.39335797       6.27150471       6.19344303       6.28102619       6.20296451       6.14142475       6.15353581       6.15094623       6.16305729
       6.16564687       6.17234979       6.17840532       6.17711053       6.18316606       6.16976021       6.17581574       6.17452096       6.18057649       6.18187127       6.18792680       6.18663201       6.19268754       6.16046772       6.16717064       6.17322617       6.17193138       6.17798691       6.16458107       6.17063660
       6.16934181       6.17539734       6.17669213       6.18274765       6.18145287       6.18750840       6.17928170       6.18533723       6.18404244       6.19009797       6.19680089       6.19421132       6.20632238       6.37631158       6.35370938       6.32168205       6.33379311       6.33110719       6.30850500       6.31119092
       6.29921834       6.28791725       6.28926021       6.27795911       6.26705253       6.28979320       6.29584873       6.26247844       6.26853397       6.22305262       6.22910815       6.19573786       6.20179339       6.23516368       6.24121921       6.20784891       6.21390444       6.30190426       6.29060316       6.27458950
       6.28064503       6.27930207       6.26800097       6.26934393       6.25804283       6.23664512       6.24875618       6.28506570       6.26078929       6.27619760       6.26405939       6.26623946       6.25410125       6.25192118       6.23978297       6.24196304       6.22982484       6.23651287       6.21223645       6.22764477
       6.21550656       6.21768663       6.22988450       6.22770443       6.23990229       6.24208236       6.25428023       6.24523315       6.22095673       6.22531687       6.24971261       6.24535247       6.26974820       6.27410834       6.29850407       6.18446085       6.19051638       6.18922159       6.19527712       6.20198004
       6.19939047       6.21150152       6.22490737       6.21972822       6.27910255       6.24986151       6.29865298       6.30405669       6.29459064       6.23663219       6.26102792       6.25210016       6.26429803       6.26647810       6.27867596       6.27649589       6.28869376       6.29087383       6.30307170       6.28542366
       6.30981939       6.30089163       6.31308949       6.31526956       6.32746743       6.32528736       6.33748523       6.33966530       6.35186317       6.29414394       6.31853967       6.32289981       6.34729554       6.34293540       6.36733114       6.37169128       6.39608701       6.32657304       6.33568462       6.34586206
       6.35041784       6.36023999       6.36479578       6.35497363       6.35952942       6.36935157       6.37390735       6.34479619       6.35390776       6.36408520       6.36864099       6.37846314       6.37327318       6.36345103       6.35826107       6.36808322       6.36289326       6.38408479       6.39319636       6.41284066
       6.40246074       6.38281644       6.37243652       6.39208082       6.38170090       6.34744444       6.39623591       6.34338211       6.39217358       6.44133123       6.42057139       6.43726889       6.47866805       6.34352784       6.33314792       6.35307111       6.34788115       6.35770330       6.35251334       6.34269119
       6.33750123       6.34732338       6.34213342       6.32304689       6.31785693       6.32767908       6.32248912       6.31266697       6.30747701       6.31729916       6.31210920       6.33231127       6.32712131       6.33694346       6.33175350       6.32165246       6.36205660       6.35167668       6.37132098       6.36094106
       6.34129676       6.33091684       6.35056114       6.34018122       6.32492575       6.36038101       6.33419013       6.36964539       6.41819608       6.36581433       6.43672484       6.39981155       6.37905171       6.45790821       6.43714837       6.46863063       6.53382623       6.98079644       6.61045166       6.80450390
       7.55543375       7.29008500       7.24626621      18.86978404      17.14659882      13.81725311      17.16778628      17.16778628      17.16778628      12.75170644      12.75170644      12.75170644      10.33526580       7.13124681       6.55117583       6.53918415       6.47579255       6.46549537       6.40210376       6.55040928
       6.43981749       6.37642588       6.48654391       6.39875891       6.44667104       6.36860936       6.40982665       6.37813084       6.29054768       6.22962105       6.19059021       6.23438179       6.19535095       6.31720421       6.27817337       6.32196495       6.28293411       6.23914253       6.20011169       6.24390327
       6.20487243       6.37298225       6.34128645       6.33613786       6.32157711       6.30572921       6.30315491       6.28730701       6.32672570       6.28769486       6.30830350       6.29245560       6.23152897       6.28988130       6.27403340       6.27145911       6.25561121       6.24105045       6.17410255       6.18015808
       6.17886329       6.18491882       6.19162175       6.18903217       6.20114323       6.21454907       6.20936993       6.26874426       6.32329892       6.29673544       6.28088754       6.30231870       6.28647080       6.33446543       6.30790195       6.29205405       6.31348521       6.29763731       6.25990732       6.22821151
       6.27107383       6.23937803       6.34563195       6.31906847       6.30322057       6.32465172       6.30880382       6.35679846       6.33023498       6.31438708       6.33581824       6.31997033       6.28224034       6.25054454       6.29340685       6.26171105       6.24763403       6.30700837       6.26996706       6.32934139
       6.33070817       6.38061645       6.40723638       6.56839059       6.36168434       6.45187497       6.54945848       6.58139159       6.53467329       6.58482397       6.66418991       6.58444309       6.57946571       7.34821908       6.87925450       8.39397399      19.20342255      16.44948324      12.34465663      16.77845701
      16.77845701      14.20595741      13.34781774      13.34781774      13.34781774       9.86955198       6.82059677       6.64386213       6.53327034       6.45574998       6.41185748       6.47911319       6.43522069       6.57999676       6.50247640       6.45858390       6.52583962       6.48194711       6.71149625       6.61381383
       6.54274815       6.49885565       6.55320200       6.50930950       6.63472153       6.54693652       6.36796497       6.34140149       6.32555359       6.34698475       6.33113685       6.39646051       6.37451426       6.40814211       6.38619586       6.35256801       6.33672010       6.36424961       6.34230336       6.30457337
       6.27287756       6.31573988       6.28404408       6.41982372       6.39787747       6.43150533       6.40955908       6.37079890       6.44318693       6.42124068       6.45486854       6.43292229       6.39416211       6.31664175       6.29230009       6.35167442       6.31463311       6.35573584       6.46332281       6.44137655
       6.46854973       6.44660348       6.41107064       6.47377666       6.45183040       6.47900358       6.45705733       6.42988415       6.40793790       6.43511108       6.41316483       6.36717814       6.32328563       6.37763199       6.28192502       6.47587084       6.44033800       6.41839175       6.44556493       6.39771145
       6.48632469       6.42488462       6.37703114       6.40420432       6.35635083       6.33627138       6.24056441       6.29491076       6.19920380       6.30051243       6.34161516       6.21779121       6.30931238       6.39277714       6.43387987       6.39683857       6.42665026       6.44720162       6.42868097       6.44358681
       6.45386249       6.44460217       6.45487785       6.51445698       6.63450846       6.48749017       6.54751591       6.47400677       6.50401964       6.47502212       6.50503500       6.54954662       6.63856988       6.38271789       6.42162063       6.44107200       6.45134768       6.43299630       6.44327198       6.40546924
       6.42602060       6.35041511       6.39151784       6.46560812       6.49562099       6.45753243       6.47577763       6.53071861       6.45454148       6.49103189       6.60091386       6.44855960       6.52154040       6.81661640       6.84854951       6.74130436       6.85511806       6.50025590       6.62174201       7.62977489
       7.77360487       7.64381488      17.74581846      16.08246994      14.81571579      15.89864922      15.89864922      13.85062408      13.85062408      15.21329053      12.43728447       9.09286674       7.42369175       6.75331165       6.65562923       6.56784422       6.67653693       6.48512300       6.82879676       6.70831730
       6.51690337       6.78532284       6.66318534       6.44496408       6.38352401       6.33567053       6.36284370       6.31499022       6.40360347       6.34216340       6.29430992       6.32148309       6.27362961       6.25355015       6.15784319       6.24645643       6.19860295       6.22577613       6.17792265       6.11648258
       6.36224286       6.26653589       6.32088225       6.22517528       6.20509582       6.15724234       6.18441552       6.13656203       6.07512196       6.16373521       6.11588173       6.14305491       6.09520142       6.03376135       6.13506999       6.22659116       6.05234876       6.14386994       6.33677243       6.24106547
       6.40991342       6.31420645       6.15100000       6.10314652       6.18757049       6.13971701       6.05529303       6.00743955       6.09186353       6.04401004       6.21849949       6.12843402       6.08058054       6.16500451       6.11715103       6.47177141       6.29164047       6.19593351       6.36478145       6.26907449
       5.98093273       6.02669332       6.04622113       6.02535581       6.08279163       6.06192630       6.01234308       6.08815908       6.11936212       6.09849680       6.15593261       6.13506729       6.08548406       6.19250310       6.17163778       6.22907359       6.20820827       6.15077246       6.12990714       6.18734295
       6.16647763       6.04375342       6.08951400       6.11689440       6.07516376       6.32251231       6.43659584       6.17968025       6.27120143       6.15097976       6.24250094       6.37559257       6.62323546       6.59828432       6.62655846       7.61132987       8.25427882       7.47370688      19.27805964      16.57283465
      12.56959597      14.61908849      14.72388840      15.09113375      13.85062408      15.21329053      10.85325495      10.66610146       7.12253722       6.98280785       6.83976241       7.15166318       6.89186595       6.61805338       6.42663945       6.69505892       6.57292142       6.27349667       6.22391344       6.20304812
       6.26048393       6.23961861       6.34663765       6.30490701       6.18218280       6.16131748       6.21875329       6.19788797       6.14830474       6.25532378       6.23445846       6.29189428       6.27102895       6.21359314       6.19272782       6.25016363       6.22929831       6.43548381       6.33631735       6.28673413
       6.26586880       6.32330462       6.30243930       6.40945834       6.36772769       6.64759094       6.49617379       6.41271250       6.47127178       6.38781050       6.10657410       6.15233469       6.17971508       6.13798444       6.21380045       6.24500348       6.22413816       6.28157397       6.26070865       6.21112543
       6.31814447       6.29727915       6.35471496       6.33384964       6.27641382       6.25554850       6.31298432       6.29211900       6.16939478       6.21515537       6.24253577       6.20080513       6.29605143       6.36903223       6.26735094       6.28921530       6.35634204       6.32815681       6.30729149       6.32193131
       6.30106599       6.34389104       6.30216040       6.28642617       6.26556085       6.28020067       6.25933535       6.23115012       6.27397517       6.25310985       6.26774966       6.28095522       6.28684086       6.33144004       6.28970939       6.31898903       6.34540014       6.29559504       6.30880059       6.32344041
       6.33664596       6.32200614       6.33521170       6.34985152       6.36305707       6.37181125       6.37769689       6.39090244       6.40554226       6.41874781       6.21838559       6.24024994       6.32882943       6.27501398       6.38405136       6.35714363       6.41189673       6.38498900       6.33070472       6.22213617
       6.36192030       6.37754687       6.26398959       6.38870257       6.71536223       6.46703180       6.75142709       7.33354092       7.81613382      17.34794807      15.51702944      12.87886620      14.85555522      14.26209958      13.97506650      14.78253301      15.27138265      11.08419355      10.91355356       7.37765495
       7.40630460       6.59778692       6.39218813       6.63600794       6.41615961       6.41573070       6.42750199       6.45391310       6.48319274       6.50960384       6.52711220       6.57993441       6.43974210       6.41283437       6.46758747       6.44067975       6.38592665       6.35901892       6.41377202       6.38686429
       6.49590167       6.44161739       6.41470966       6.46946276       6.44255504       6.33258002       6.27876456       6.38827076       6.33445531       6.55159241       6.49730814       6.47040041       6.52515351       6.49824578       6.60728316       6.55346771       6.44349268       6.41658496       6.47133806       6.44443033
       6.39014605       6.49918343       6.47227570       6.52702880       6.50012107       6.44583680       6.53909793       6.59192015       6.45168792       6.50451013       6.61327603       6.55946058       6.56957102       6.51575557       6.53002524       6.50311751       6.50817273       6.48126501       6.45182967       6.48632023
       6.45941250       6.46446773       6.43756000       6.43250478       6.40559705       6.41065227       6.38374455       6.47710579       6.41823511       6.38879977       6.36189204       6.36694727       6.34003954       6.37453010       6.34509476       6.31818704       6.32324226       6.29633453       6.22588675       6.24775111
       6.33726824       6.22963733       6.35247503       6.39801421       6.34419876       6.35430921       6.30049375       6.24162307       6.31060420       6.25678875       6.29127931       6.26437158       6.26942681       6.26597733       6.26000024       6.24804607       6.32262848       6.38031038       6.38970009       6.62287966
       6.80552959       7.67535893      18.42299525      15.14345360      13.82076931      15.18898328      15.97816658      15.95646667      14.99319967      10.78009510      11.99088605      10.41310183       7.67069777       7.19178955       6.95975995       6.34698401       6.38969577       6.33082510       6.27700964       6.28712009
       6.28022114       6.30228576       6.29033159       6.28343264       6.29354309       6.28664414       6.29113027       6.21154360       6.19774570       6.14254281       6.00983837       6.27103255       6.26758308       6.27263830       6.26918883       6.26321174       6.27424405       6.27079458       6.27584980       6.27240033
       6.26642324       6.25446907       6.27745555       6.27400608       6.27906130       6.27561183       6.27055660       6.26710713       6.27216235       6.26871288       6.27974519       6.27376810       6.27031862       6.27537385       6.27192437       6.26273579       6.25583684       6.26594729       6.25904834       6.28991655
       6.37460940       6.29633954       6.38103240       6.23437410       6.25268831       6.24923883       6.20571148       6.20226200       6.14042044       6.13352149       6.24578936       6.24233988       6.19881253       6.19536305       6.21367726       6.15183570       6.14838622       6.10485887       6.10140939       6.11972359
       6.04646678       6.03956783       5.95251312       5.94561417       6.05788204       6.05443256       6.01090520       6.00745573       6.05098309       6.04753361       6.00400625       6.00055678       5.93871522       5.95702942       5.95357995       5.91005259       5.90660312       6.20559738       6.29029023       6.04349367
       6.08584010       5.94954001       5.99188644       6.10238291       6.50486018       6.54440705       6.32337586       6.67829943       6.21578018       6.58005166       7.60367091       7.79052003      18.63417308      15.13221741      12.51069673      17.38639323      15.99961726      11.82930501      11.93729973      11.49885368
      11.95865250       9.74776773       8.56296191       8.69401795       8.21487746       7.21942921       6.63989057       6.22733247       6.15312869       5.97268941       6.09999116       5.97749678       5.80813315       5.84476156       5.86307576       5.85962629       5.81609893       5.81264946       5.75080790       5.74390895
       5.73913236       5.65685424       5.64995529       5.62235384       5.55600162       5.86848816       5.88966137       5.82151133       5.84268454       5.89793278       5.77453450       5.79570771       5.72755766       5.74873088       5.80397911       5.91447559       5.68058083       5.70175405       5.63360400       5.65477722
       5.71002545       5.58662717       5.60780039       5.53965034       5.55858281       5.62673285       5.64566532       5.57751528       5.59644775       5.74789039       5.78575533       5.64945524       5.68732017       5.74153605       5.60883162       5.81534421       5.68263978       5.54295983       5.56213251       5.58106498
       5.58058455       5.59951702       5.57986391       5.59903659       5.61796906       5.61748863       5.63642110       5.61868970       5.65655464       5.65559378       5.69345872       5.61676799       5.63594067       5.65487314       5.65439271       5.67332518       5.65367207       5.69153701       5.67380561       5.69273808
       5.69225765       5.71119012       5.71167054       5.73060301       5.73012259       5.74905505       5.72940194       5.74857463       5.76750709       5.76702667       5.78595914       5.99020546       6.06593533       5.79333515       5.86906502       6.28455881       5.73180408       5.80753395       5.76822773       5.80609267
       5.78643956       5.80537203       5.80489160       5.78366672       5.76268204       5.76364289       5.72119312       5.72023226       5.67778249       5.90468103       6.18387473       5.81785977       6.09705346       6.84294621       6.63702327       6.55925464       6.82800786       6.48177369       7.52192561       7.42495282
      18.96063296      15.70102119      15.97132810      13.61902364      12.92882315      11.12974517      12.21655114      10.52340285      10.26003611       9.46273726      10.10480646       9.77717384       9.06397421       8.85739099       9.24175065       9.04236912       8.93907751       9.13125734       9.03156658       8.97992077
       9.07601069       9.02436488       8.61782074       8.34526348       8.81929239       8.68301375       8.92002821       8.85188889       8.96447232       8.84698865       8.67321327       8.32566250       9.39896894       9.20986648       9.11531526       9.06366945       9.14948029       9.09783449       9.27819655       9.17490494
       9.53562907       9.32904585       8.97910472       8.86162104       9.01326975       8.89578608       8.70247806       9.00577547       8.77080813       8.38419208       8.99078690       8.52085222       7.63056096       7.09033785       7.74762013       7.03834440       6.85987159       6.41767923       6.09984608       5.85970424
       5.72796066       5.76630603       5.80417096       5.80321011       5.76076033       5.80176883       5.71686927       5.87011854       5.77718917       5.78318629       5.76196140       5.76148097       5.74025608       5.74073651       5.71951162       5.71903120       5.69780631       5.71831056       5.67586078       5.69828674
       5.67706185       5.67658142       5.65535653       5.63437186       5.65487611       5.63365122       5.63317079       5.61194590       5.61242633       5.59120144       5.59072101       5.56949613       5.63196972       5.59000037       5.56901570       5.54779081       5.54731038       5.52608550       5.54658974       5.50413997
       5.68294539       5.82254224       5.63953476       5.77913161       6.01023220       5.57207758       5.64187600       5.55037226       5.62017069       5.73572098       5.52866695       5.59846537       5.50696163       5.54405388       5.63555762       5.67264987       5.58114613       5.61823838       5.80990548       5.88408998
       5.70974212       5.74683437       5.65533063       5.69242288       5.77526700       5.61919946       5.53429991       5.68048021       5.59558066       5.52203641       5.59622091       5.55267679       5.64368971       5.63999209       5.67708434       5.66372649       5.70081874       5.71417658       5.75126883       5.73791099
       5.77500323       5.71787421       5.76164539       5.79873763       5.78537979       5.82247204       5.64414381       5.76534301       5.83952751       5.79598339       5.88699631       6.15860120       6.30697020       5.94095524       6.08932423       6.39271593       5.81877441       5.89295891       5.83582988       5.87292213
       5.85956428       5.89665653       5.94042771       6.02797005       5.88329869       5.92039093       5.90703309       5.94412534       5.98789651       5.93076749       5.96785974       5.95450189       5.99159414       6.03536531       6.12290766       6.27000757       6.53622262       8.13911152       8.02332306      17.92427508
      16.10382970      15.15347989      15.44450124      12.93990072      12.36010424      11.16077360      10.87793509       9.38431867       9.63732767       8.96080977       9.51671934       9.01012672       7.03296995       6.73030170       6.34054269       6.07805026       5.79886442       5.72995155       5.70542455       5.82662376
       5.91763669       5.85726413       5.94827706       5.76670530       5.88790450       5.97891743       5.91854488       6.00955780       5.68575829       5.78751727       5.92895086       6.01996379       5.91912246       6.01013539       5.76786047       5.94988633       5.97823629       6.01532854       5.99355647       6.03906294
       6.08283411       6.00887666       6.05438312       6.02419685       6.06970331       6.13030291       6.21784526       6.03951703       6.08502350       6.05483722       6.10034368       6.16094329       6.07015741       6.11566387       6.08547759       6.13098406       6.19158366       6.31278286       6.45988278       6.09068058
       6.13618705       6.08576639       6.13127285       6.20198964       6.08085219       6.12635865       6.07593799       6.12144445       6.17186511       6.21737158       6.16695091       6.21245738       6.29300257       6.38401550       6.28317417       6.35583050       6.09131992       6.16203672       6.20754318       6.15712252
       6.19345068       6.08149152       6.14303002       6.17935818       6.12893752       6.16526568       6.25498917       6.32764550       6.22680417       6.29946050       6.44567359       6.47977965       6.38930359       6.46814846       6.52809489       6.54700202       6.52512314       6.58486229       6.51006468       7.96479241
      18.09511058      16.98468590      15.11434428      15.59719340      13.38472493      12.95797571      12.51319393      13.02603904      12.63155953      11.80680688      10.17146778       9.36466360       8.54464149       7.33829312       6.53953310       6.30090386       5.82447265       5.71785172       5.64460937       5.66898903
       5.67624220       5.64644469       5.74820368       5.93022953       5.72854688       5.87385953       5.67807752       5.70386912       5.84918177       5.75515874       5.85619624       6.05330652       6.11484502       6.15117318       6.10075252       6.13708068       6.02512152       6.08666002       6.12298818       6.07256752
       6.10889568       6.19861917       6.27127550       6.17043417       6.24309050       5.99693652       6.05847502       6.09480318       6.04438252       6.08071068       5.96875152       6.03029002       6.06661818       6.01619752       6.05252568       6.14224917       6.21490550       6.11406417       6.18672050       6.33293359
       6.41177846       6.27656359       6.35540846       5.95641264       6.01002807       6.04635624       6.01178169       6.04810986       5.95991988       6.01353531       6.04986347       6.01528893       6.05161709       6.10172529       6.17438162       6.10523253       6.17788885       5.96342711       6.01704255       6.05337071
       6.01879617       6.05512433       5.96693435       6.02054978       6.05687795       6.02230340       6.05863157       6.08969887       6.12602704       6.09145249       6.12778066       6.18139609       6.09320611       6.12953427       6.09495973       6.13128789       6.18490333       6.25188583       6.33073070       6.25890030
       6.33774517       6.50186076       6.56159991       6.45250523       6.57887828       6.62686801       7.46581014      18.91281509      16.13171768      15.80931664      15.94422150      13.68173615      13.06566389      12.85179822      12.92510470      13.01391550      12.90873444      12.92854687      12.90267267      12.85008214
      12.85998835      12.84705125      12.82075599      12.82570909      12.80997031      12.71149468      12.42219623      12.75146226      12.60681303      12.77144605      12.69912144      12.76066037      12.70610064      12.62077145      12.45011306      12.85826727      12.82484855      12.80813920      12.79240041      12.79434155
      12.74469693      12.79725327      12.69796401      12.80307670      12.60449819      12.76871639      12.71415667      12.72101291      12.72328951      12.63688350      12.65059598      12.65514918      12.48233716      12.50976213      12.51886853      12.10879628      11.30301702      12.17324448      11.36746522       9.56831280
       9.23470831       8.38661758       6.79887901       6.18132371       6.25782494       6.16345686       6.28059343       5.94220885       5.92811450       5.75889727       5.70686650       5.73541381       5.71792996       5.67192795       5.59853865       5.72392958       5.70507910       5.72981611       5.73254937       5.75728638
       5.70044612       5.68296227       5.58105481       5.59778975       5.58904783       5.53809410       5.52935217       5.74457718       5.76398360       5.77635211       5.76227627       5.77464478       5.61985528       5.69021211       5.56015963       5.62785116       5.66302958       5.59800334       5.63318175       5.76056894
       5.77027215       5.77645641       5.76941849       5.77560274       5.69820799       5.73338641       5.66836017       5.70353858       5.76856482       5.77474908       5.73871700       5.77389541       5.75455312       5.75547078       5.78202339       5.80676040       5.80644836       5.86940408       5.91992283       5.89504890
       5.94556765       5.81965620       5.87017496       5.84530102       5.89581977       5.92069371       5.95217157       5.97743094       5.96499397       5.99025335       5.92729763       5.95255700       5.94012003       5.96537941       5.97781638       6.00307575       5.99063878       6.01589816       5.78872061       5.80108912
       5.78701328       5.79938179       5.81345762       5.82582613       5.80908500       5.81526925       5.80823133       5.81441559       5.82145350       5.82763776       5.82059984       5.82678409       5.78264066       5.78882491       5.78178699       5.78797125       5.79500916       5.80119342       5.79415550       5.80033975
       5.78359862       5.79596713       5.80737767       5.81356192       5.80652400       5.81270826       5.82241147       5.80833563       5.82070414       5.84506690       5.87032628       5.84421324       5.86947261       5.89558565       5.92084503       5.89473199       5.91999136       5.84335957       5.86861895       5.84250591
       5.86776528       5.90608118       5.94610440       5.97136378       5.94525074       5.97051011       6.00882601       5.95659993       6.00711868       5.85385510       5.90437385       5.85214777       5.90266652       5.97929831       5.95140070       5.98772886       5.96422310       5.98948248       6.02405702       6.06038518
       6.02581064       6.06213880       5.97704551       6.00230488       5.98986791       6.01512729       6.04660515       6.11575424       6.18841056       6.11926147       6.19191780       6.00269032       6.02794969       6.01551272       6.04077210       6.07224996       6.04737602       6.09789477       6.16085049       6.26591478
       6.34475964       6.27292925       6.31377168       6.08375047       6.18478797       6.08033581       6.07325966       6.16632817       6.39052931       6.51690237       6.24801304       6.52151426       6.74250627       8.08658679      18.27838198      15.42784500      14.14735858      12.27744166      12.82248815      12.41756654
      12.22809442      12.55701621      12.33702215      12.06459967      11.68064753       9.25335852       8.23226889       7.14206696       6.42379382       6.29270809       6.39776931       6.14303731       5.85128129       5.67906034       5.56138916       5.46440427       5.50540001       5.52214953       5.47365708       5.49040660
       5.77947457       5.55876117       5.84445985       5.62374645       5.44053290       5.45728242       5.47302555       5.48977507       5.47403194       5.47847092       5.48684567       5.49471724       5.50309200       5.49421404       5.50258880       5.51046036       5.51883512       5.51096356       5.51933832       5.52720988
       5.53558464       5.50551819       5.50995717       5.51833193       5.52620349       5.53457825       5.53801084       5.54244981       5.55082457       5.55869613       5.56707089       5.52670669       5.53508144       5.54295301       5.55132777       5.55576674       5.57150987       5.58825939       5.59488819       5.62838723
       5.53889904       5.55564856       5.50715612       5.52765399       5.53602874       5.51178252       5.52015728       5.57239808       5.58914760       5.54440350       5.55277826       5.52853204       5.53690680       5.56115302       5.56952778       5.54528156       5.55365632       5.64266089       5.60596624       5.61091796
       5.57422331       5.56927159       5.53257694       5.53752866       5.50083401       5.57917503       5.55958977       5.54124245       5.54371831       5.52537099       5.56454150       5.54619417       5.54867003       5.53032271       5.52784685       5.50949952       5.51197538       5.49362806       5.52289513       5.50454780
       5.50702366       5.48867634       5.48620048       5.46785315       5.47032901       5.45198169       5.47404280       5.43734815       5.49522043       5.50359519       5.51146676       5.51984151       5.51196995       5.52034471       5.52821627       5.53659103       5.54002362       5.55677313       5.54103001       5.55777953
       5.57352265       5.57542430       5.59713734       5.60094063       5.54038302       5.50368837       5.55802780       5.52133315       5.45746879       5.56614763       5.49275833       5.49588229       5.48714037       5.48124875       5.46290143       5.46537729       5.44702997       5.44455410       5.44018314       5.42868264
       5.41033532       5.47839844       5.48676591       5.48239495       5.45691809       5.45254713       5.43581218       5.43144122       5.40596435       5.40159339       5.42707026       5.42269930       5.39722243       5.39285147       5.44950583       5.43115850       5.43363436       5.41528704       5.39570178       5.40065350
       5.36395885       5.35900713       5.35026521       5.32726421       5.29056956       5.49779868       5.53297709       5.46795085       5.50312927       5.56815551       5.60333392       5.53830768       5.57348610       5.44076832       5.51112515       5.64117763       5.71153446       5.58148198       5.65183881       5.38640325
       5.52711691       5.38407949       5.31069019       5.41936903       5.40770235       5.49407659       5.78722188       5.81195889       5.66783057       5.80854423       5.87484615       5.97588365       5.87143148       5.86435533       5.77550391       5.90020758       5.90950526       5.94327154       5.88605527       5.97115769
       6.64118052       6.88490566       8.08399248      16.37979062      15.26204364      13.93271414      16.05959193      11.69139767      13.34922854      13.26356634      11.42660904       9.32774941       7.96480751       6.69478097       6.41174815       6.15701615       6.49982434       6.26612328       6.10340575       6.20033505
       6.14492366       5.90944514       5.72766377       5.61730707       5.76015641       5.64979971       5.91643456       5.79264906       5.70175837       5.64658002       5.71800469       5.66282634       5.79614377       5.73425102       5.67907267       5.73599837       5.69531899       5.55819294       5.56656770       5.57443926
       5.58281402       5.57494246       5.58331722       5.59118878       5.59956354       5.59068558       5.59906034       5.60693190       5.61530666       5.61974564       5.60400251       5.62075203       5.63649516       5.63839680       5.62317823       5.63155299       5.63942455       5.64779931       5.65223828       5.66798141
       5.66988306       5.66391314       5.97098813       5.88962936       5.99174708       5.91038832       5.82342055       5.78274117       5.83380003       5.79312064       5.74206179       5.70138240       5.75244126       5.71176188       5.84417950       5.80350012       5.85455898       5.81387960       5.74767078       6.01250603
       5.93114727       6.03326498       5.95190622       5.86493846       5.82425907       5.87531793       5.83463855       5.76842974       5.88569741       5.84501802       5.89607688       5.85539750       5.78918869       5.67442283       5.67632448       5.69518178       5.67156255       5.67679598       5.71451059       5.66727213
       5.63242689       5.63623018       5.66771643       5.67151973       5.58238730       5.67773899       5.66987561       5.55905394       5.68810092       5.64654225       5.76799168       5.86832352       6.14321411       6.51192840       6.98661534       7.33588918      17.22779465      15.41001701      15.93234062      11.74915886
      12.39473788      12.73272069      12.17948373       9.60822709       9.87217760       8.47393576       7.01912804       6.36824787       6.13454682       6.07913542       6.06875858       6.01334719       6.30853208       5.88586376       6.05402394       5.97266517       6.02112982       5.99342412       5.90645636       5.86577698
       5.91683583       5.87615645       5.82509759       5.78441821       5.83547707       5.79479769       5.91206536       5.84585654       5.80517716       5.85623602       5.81555664       5.95793580       5.93282431       5.86661550       5.82593611       5.87699497       5.83631559       5.89993019       5.87222449       5.75745864
       5.73383941       5.77821759       5.75459836       5.70879003       5.79969161       5.78788200       5.81007109       5.79826147       5.77535731       5.82045057       5.80864095       5.83083004       5.81902042       5.79611626       5.75030793       5.86389417       5.85290938       5.82520368       5.79176187       5.76405618
       5.74159916       5.68618777       5.83227570       5.82046608       5.80170194       5.81297791       5.80865646       5.79684684       5.80116830       5.78935868       5.76147930       5.79368013       5.78187051       5.76310638       5.77438235       5.77538834       5.75176910       5.76041200       5.73679277       5.70033179
       5.73253262       5.74380859       5.70195887       5.71323484       5.63918429       5.66173623       5.75508456       5.74327494       5.72451081       5.73578678       5.72181644       5.69393706       5.70521303       5.66336330       5.67463927       5.70684010       5.65869128       5.65082789       5.70885208       5.66161361
       5.67889942       5.63166095       5.66617808       5.82561084       6.13876843       5.93269025       6.69964012       6.67407060       8.05745014      17.21194649      14.69089635      16.01717059      12.61727174      13.05937386      12.85607370      11.93556627      10.44319089       9.32145389       8.42014861       7.04341785
       6.54889591       6.12622758       6.65085746       6.35516526       5.61930415       5.56389275       5.73948606       5.44159774       5.57803678       5.60058872       5.51688927       5.53944121       5.63278955       5.64406552       5.60221580       5.61349177       5.65534149       5.66661746       5.62476774       5.63604371
       5.56199315       5.59419398       5.60546995       5.56362023       5.57489620       5.43644398       5.50084565       5.53304648       5.54432245       5.50247272       5.51374869       5.43969814       5.46225008       5.75938862       5.42967436       5.43631333       5.45886527       5.49069121       5.51324315       5.53843012
       5.58353400       5.66824454       5.64462530       5.60709703       5.62964897       5.60170828       5.55559842       5.56687438       5.52502466       5.53630063       5.56850146       5.49445091       5.50572688       5.46387716       5.47515313       5.50735396       5.57175562       5.60627275       5.46218475       5.47346072
       5.48937369       5.50064966       5.48473669       5.49601266       5.51192563       5.52320160       5.53579509       5.53911457       5.55039054       5.56630351       5.57757948       5.52652108       5.54907302       5.58089896       5.53724253       5.59017297       5.59349245       5.60476842       5.62068139       5.59885317
       5.64455085       5.61476614       5.59293792       5.60885090       5.58702268       5.56906847       5.52541203       5.55723797       5.51358153       5.58287516       5.68101348       5.55921417       5.68230539       5.80254939       5.88687329       5.82886692       5.91319082       5.87045564       5.91802278       6.91386422
       6.64663180       7.65366427      14.72761345      14.66009394      15.99043592      12.72034740      12.79919593      12.94794973      10.26670186      10.10456387       9.90107123       7.96654884       7.23775987       6.86397675       7.34095812       6.86163430       6.74728423       6.68387153       6.79043118       6.73208492
       6.70037857       6.75365839       6.72448526       6.70863209       6.73527200       6.71941882       6.53602543       6.30374593       6.62645552       6.51031577       6.67167056       6.61360069       6.68245730       6.62438742       6.53188924       6.34689288       6.78925995       6.75307278       6.73497919       6.71912602
       6.72360684       6.70775367       6.73032808       6.69862173       6.74377056       6.68035786       6.68216449       6.62409462       6.67079215       6.61272227       6.53130363       6.62469868       6.50855893       6.34572165       6.53251176       6.30023226       5.97690015       5.64718588       5.69228976       5.75594165
       5.66862877       5.97455770       5.73071235       5.64339947       5.76477727       5.61660186       5.63272035       5.60293565       5.58110743       5.59702040       5.57519218       5.62088986       5.57723342       5.55927921       5.53745099       5.55336396       5.53153574       5.50175104       5.54744871       5.52562049
       5.54153346       5.51970525       5.48992054       5.60905936       5.56540292       5.59722886       5.55357242       5.53561822       5.51379000       5.52970297       5.50787475       5.47809004       5.52378772       5.50195950       5.51787247       5.49604425       5.46625955       5.53555318       5.65864439       5.51189218
       5.63498340       5.58461421       5.54095777       5.57121541       5.52755897       5.51156515       5.48973693       5.50486575       5.48303753       5.45364490       5.49816634       5.47633812       5.49146694       5.46963872       5.44024609       5.55781661       5.51416017       5.54441780       5.50076136       5.48476754
       5.46293932       5.47806814       5.45623992       5.44111110       5.41928288       5.43441170       5.41258348       5.45710493       5.42771230       5.40588408       5.42101290       5.39918468       5.49299637       5.61608759       5.43895862       5.50683771       5.42555982       5.49343891       5.60195696       5.83145072
       5.91577462       5.79365910       5.93230330       5.99309289       6.25798877       6.86047800       7.12075496       6.99872986      14.66009394      15.93932597      13.54185931      13.46412722      11.93117809      11.69946321      11.77423477      12.22298177       9.90209214       8.31513484       7.45621085       6.64383012
       6.34813792       6.72797839       6.37735668       6.04268754       5.74178694       6.07190630       5.83179043       5.50249138       5.44370612       5.41431349       5.39248527       5.40761409       5.38578587       5.43030732       5.40091469       5.37908647       5.39421529       5.37238707       5.53655630       5.41690851
       5.38751589       5.36568767       5.38081648       5.35898826       5.43394097       5.37411708       5.35228886       5.38263331       5.34558946       5.41216101       5.48004011       5.39876221       5.46664130       5.57515935       5.38536340       5.45324250       5.37196460       5.43984370       5.54836174       5.58155804
       5.45644185       5.39388375       5.35683990       5.40786839       5.37082454       5.48441113       5.42185303       5.38480918       5.43583768       5.39879383       5.63749661       5.51238042       5.44982232       5.41277847       5.46380696       5.42676311       5.54034970       5.47779161       5.44074775       5.49177625
       5.45473240       5.37924984       5.44712894       5.40721913       5.47509822       5.56293222       5.43518841       5.50306751       5.46315770       5.53103679       5.61887079       5.76539783       5.90404204       5.79453880       5.94012820       6.18564435       6.41240871       7.24697097       7.25121538       7.36830123
      15.93932597      13.54185931      13.38010852      11.32884185      11.27281920      11.56901137      11.95082855      11.45365779       9.99604305       8.54394492       7.30712950       6.50296493       6.06221400       5.86821655       5.78082587       5.86337040       5.77597972       5.93146965       5.81779522       5.77382826
       5.73013292       5.73067615       5.68698081       5.73149101       5.68752405       5.64382871       5.64437195       5.60067661       5.71649439       5.64240669       5.71407132       5.67037598       5.56831899       5.50576089       5.46871704       5.51974553       5.48270168       5.60781788       5.57077403       5.62180252
       5.58475867       5.53373018       5.49668633       5.54771482       5.51067097       5.71164824       5.66795290       5.70922517       5.67705943       5.65521176       5.67584789       5.65400022       5.63578716       5.59874331       5.63457563       5.61272796       5.55016986       5.63336409       5.61151642       5.63215255
       5.61030488       5.57813914       5.49112698       5.55900608       5.51909627       5.58697537       5.67480937       5.59498975       5.62046300       5.68643758       5.66445410       5.64260643       5.64287805       5.62103038       5.66499733       5.64314966       5.64342128       5.62157361       5.62130199       5.59945432
       5.59972594       5.57787827       5.59904690       5.55535156       5.55589479       5.59949061       5.62184523       5.59999756       5.60026918       5.57842151       5.55643803       5.57869313       5.55684546       5.55711707       5.57891499       5.60057709       5.64390129       5.55770663       5.58317989       5.64598475
       5.56296002       5.68584607       5.83143547       5.61127984       5.75686924       6.13743754       6.32856150       6.92886853       7.09676989       7.11728597      13.54185931      13.33438937      12.35958926      12.35958926      12.30119832      12.46467304      12.96347014      10.05044365       9.32242250       8.51729107
       7.01470248       6.38539216       5.98512363       6.35480278       5.89892399       5.85857894       5.74544774       5.77227473       5.65914353       5.64518680       5.60121984       5.57923636       5.55738869       5.55766031       5.57945822       5.55806774       5.57972984       5.60152775       5.60179937       5.62359728
       5.60230632       5.55861098       5.55915421       5.60275003       5.58027308       5.60207099       5.60234261       5.62414052       5.62386890       5.64566681       5.64593843       5.66773634       5.62441213       5.64621004       5.64648166       5.66827957       5.68994167       5.72917491       5.61604371       5.72927948
       5.61614828       5.56970710       5.61330292       5.56975939       5.59026965       5.65175811       5.67355602       5.64024147       5.66203938       5.70049457       5.62872484       5.65052275       5.61720820       5.63900611       5.67746129       5.56981167       5.58518130       5.59543643       5.58520744       5.59546257
       5.56986395       5.58523358       5.59548871       5.58525972       5.59551485       5.60569156       5.62748947       5.60571770       5.61597283       5.65442802       5.61088448       5.63139475       5.57918660       5.60098451       5.60125613       5.62305404       5.64471614       5.64525938       5.68885520       5.73217940
       5.68939844       5.73299426       5.73353750       5.77713332       5.82045752       5.73688956       5.75437166       5.84156330       5.70830511       5.79549675       5.77910112       5.57609349       6.04633808       6.10131842       7.16135136       6.98448881       7.00602849      12.35958926      12.35958926      12.35958926
      12.23945363      12.23945363      12.64310074      11.31234614       9.19398975       9.76442083       8.49426111       7.23676769       6.53913117       6.08325238       6.49952163       6.16244977       5.72938404       5.61625285       5.82154824       5.61635741       5.56991624       5.58528586       5.59554100       5.58531201
       5.59556714       5.56996852       5.58533815       5.59559328       5.58536429       5.59561942       5.61093676       5.63144703       5.61098905       5.63149931       5.57002080       5.58539043       5.59564556       5.58541657       5.59567170       5.57007309       5.58544271       5.59569785       5.58546886       5.59572399
       5.61104133       5.63155159       5.61109361       5.63160388       5.86114693       5.65595611       5.84818013       5.64298930       5.56314436       5.58200449       5.59225962       5.57504962       5.58530475       5.55666095       5.56809475       5.57834988       5.56485305       5.57139501       5.60416488       5.62467515
       5.59025514       5.61076540       5.55017755       5.56161134       5.56815331       5.55836964       5.56491160       5.54369415       5.55512794       5.56166990       5.55188624       5.55842820       5.57634540       5.59685566       5.56986199       5.58294592       5.66223857       5.74943021       5.66234313       5.70336366
       5.68696803       5.64848567       5.68950620       5.62066618       5.66168671       5.74300445       5.91151712       6.04023737       6.24506823       6.93046244       6.96865964       6.98072624      12.35958926      12.35958926      12.20517921      11.71031253      11.71031253      11.64662361      12.05513128       9.55280161
       9.61503855       8.33677514       6.85626429       6.50038705       6.16331519       6.47472351       6.13765165       5.83521332       5.63002249       5.83564603       5.61705569       5.53721074       5.54864454       5.55518650       5.54540284       5.55194480       5.53072734       5.54216113       5.54870310       5.53891943
       5.54546139       5.56337859       5.57646251       5.55689519       5.56997911       5.52424394       5.53567773       5.54221969       5.53243603       5.53897799       5.51776053       5.52919433       5.53573629       5.52595263       5.53249459       5.55041178       5.56349571       5.54392838       5.55701230       5.82281426
       5.66539557       5.55610039       5.65234744       5.56306614       5.79671801       5.65931319       5.57003189       5.66627894       5.57699764       5.51800171       5.52607321       5.53261517       5.52955609       5.53609805       5.51995504       5.52649700       5.52343791       5.52997987       5.53303896       5.53958092
       5.53652183       5.54306380       5.54416955       5.55725348       5.55113530       5.56421923       5.52692079       5.53346275       5.53040366       5.53694562       5.54501713       5.53388653       5.54042850       5.53736941       5.54391137       5.55198288       5.56812589       5.59284670       5.63386723       5.57987989
       5.60604774       5.68736547       5.58036224       5.60653008       5.59429373       5.69501549       5.73860362       6.19193582       6.31390699       5.92558982       5.96657810       6.92002034       6.96865964      12.20517921      12.88597902      12.88597902      12.88597902      12.88597902      12.79019197      11.16768583
       9.67381652       9.49838845       8.32648857       7.20716921       6.42253101       6.08545915       6.27795325       6.27795325       5.81064951       5.67324469       5.60454228       5.55990163       5.60802515       5.56338450       5.68021044       5.61150803       5.56686738       5.61499090       5.57035025       5.82458101
       5.68717619       5.61847377       5.57383313       5.62195665       5.57731600       5.69414193       5.60486064       5.54085228       5.54739425       5.54433516       5.55087712       5.55894863       5.55283045       5.56591437       5.58205739       5.55478378       5.56132574       5.55826666       5.56480862       5.57288012
       5.56174953       5.56829149       5.56523241       5.59041284       5.61712283       5.67054279       5.56370286       5.56370286       5.56370286       5.56370286       5.56370286       5.56370286       5.56370286       5.56370286       5.56370286       5.56370286       5.56370286       5.56370286       5.56370286       5.56370286
       5.56370286       5.56370286       5.56370286       5.56370286       5.56370286       5.56370286       5.56370286       5.56370286       5.56370286       5.56370286       5.56370286       5.56370286       5.56370286       5.56370286       5.56370286       5.56370286       5.56370286       5.56370286       5.77738272       5.91557443
       5.96658989       5.96658989       6.11646970       6.20773443       5.91709703       5.91709703       5.96657810       6.92002034
