      17.00799942      18.50699997      18.67200089      15.93000031      13.96100044      14.46199989       8.01900005      10.60000038       8.88469982       7.22739983       6.25110006       6.00610018       7.11429977       7.11429977       6.60679984       6.63004982       6.90390015       6.90390015       6.90390015       6.90390015
       6.90390015       6.90390015       6.90390015       6.90390015       6.90390015       6.90390015       6.90390015       6.90390015       6.90390015       6.90390015       6.90390015       6.90390015       6.90390015       6.90390015       6.90390015       6.90390015       6.90390015       6.90390015       6.90390015       6.90390015
       6.90390015       6.90390015       6.90390015       6.90390015       6.90390015       6.90390015       6.90390015       6.90390015       6.76697499       6.83543757       6.86966886       6.85651888       6.76175635       6.74860637       6.61961254       6.65384383       6.64069386       6.54593132       6.53278135       6.33532494
       6.40378752       6.43801881       6.42486884       6.33010630       6.31695633       6.18796250       6.22219379       6.20904382       6.11428128       6.10113131       6.75476262       6.67231259       6.53893760       6.45648757       6.44072503       6.32311258       6.24066254       6.10728756       6.02483752       6.00907499
       6.24429989       6.24429989       5.97754991       5.76644993       6.94500017       6.98549986       5.03100014       4.00610018       6.65840006      19.12599945      17.34499931      18.23399925      13.65999985      13.26200008      13.92199993      10.67599964       9.91670036      11.02499962       6.40939999       4.87820005
       5.08430004       6.31570005       6.33895004       6.52905011       6.15072513       5.90367490       5.97213748       6.00636877       5.99321879       5.89845626       5.88530628       5.75631246       5.79054375       5.77739377       5.68263124       5.66948126       5.75812501       5.54048744       5.51418748       5.46771249
       5.29836246       5.89146253       5.80901250       5.75020628       5.70898126       5.64229377       5.60106875       5.59318748       5.57742494       5.53438126       5.49315624       5.42646874       5.38524373       5.37736246       5.31855623       5.27733122       5.21064372       5.24444373       5.31158748       5.44587499
       5.66401255       5.42065626       5.25130624       5.39931875       5.22996873       5.62133753       5.28263748       5.23963435       5.27343436       5.22896560       5.36430310       5.30723436       5.34103437       5.39810310       5.43190311       5.28063121       5.48897184       5.52277185       5.47830309       5.61364059
       5.43716875       5.50476876       5.61890623       5.68650624       5.25929371       5.46763434       5.60297184       5.45696558       5.59230308       5.23795620       5.44629683       5.58163433       5.43562807       5.57096557       5.80064371       5.86824372       5.71697183       5.85230933       5.70630307       5.84164058
       6.04998121       5.71445000       5.50335002       5.69703752       5.83223754       6.06051248       6.19571251       5.73527503       4.33290005       5.88670015       6.43559980       5.29409981       6.05030012      17.47999954      18.86000061      18.29599953      12.98600006      13.73799992      14.40100002       9.20199966
      11.20800018       8.34990025       8.57419968       5.98099995       6.51989985       6.38564992       6.00732493       5.31389987       4.93557489       5.57866251       5.23996246       5.50696242       5.19728744       5.21661869       5.48729369       5.19528118       5.46595618       5.69563432       5.83097182       5.68496557
       5.82030307       6.02864370       5.67429681       5.80963431       5.66362806       5.79896556       5.94497181       6.08030932       5.93430306       6.06964056       5.29861242       5.71529368       5.92363431       6.05897181       5.91296555       6.04830305       5.69395617       5.90229680       6.03763430       5.89162804
       6.02696554       4.31622493       5.02467492       5.55698742       5.82766242       5.30438744       5.57506244       4.51947495       5.06082496       6.29931870       6.36691871       6.27798119       6.54865620       6.55918747       6.25664368       6.52731869       6.17297180       6.30830930       6.16230305       6.29764055
       6.50598118       6.92266244       6.46222496       6.09381867       6.22915617       5.96751868       6.10285618       6.36449368       6.49983118       6.23819368       6.37353119       5.84573744       6.11189369       6.24723119       5.98559370       6.12093120       6.63968743       6.91036244       6.38256869       6.51790620
       6.25626870       6.26908746       6.41272496       5.59313746       5.86381246       5.34053747       5.36617498       6.00744996       6.02026872       5.75863122       5.77144998       6.03308747       6.04590622       5.78426873       5.79708748       5.39181249       5.53544999       5.54826874       5.28663125       5.29945000
       6.55448744       6.55236241       5.86796872       5.74809371       5.37033124       5.25045623       5.31946245       6.45797491       5.81267488       5.93272489       5.28742486       4.59079981       5.13250017       5.05240011       6.80109978      17.96999931      18.89699936      19.31299973      14.86200047      13.32100010
      15.76799965      11.46599960       8.75679970      12.32800007       7.05499983       3.05900002       2.82430005       2.24510002       3.30582500       4.03235000       2.79625005       3.03270006       4.60690001       4.89417501       5.03781251       5.05063126       4.78899377       4.80181252       4.39653753       4.54017503
       4.55299378       4.29135629       4.30417504       3.61162505       3.89890005       3.92453755       3.40126257       3.42690007       4.87269376       4.75281875       4.52943441       4.46949690       4.28061567       4.22067816       4.25518127       4.32418749       4.03179692       3.97185942       3.78297818       3.72304068
       3.75754379       3.53415944       3.47422194       3.28534070       3.22540320       3.25990631       3.32891253       3.11180007       3.15135008       3.17698759       3.14916259       3.07196257       3.10742509       2.95302504       3.17564696       3.11570945       3.12313445       3.14514071       3.05577195       2.99583444
       3.08520320       3.02526569       3.05536881       3.11463445       3.05469695       3.06212194       3.08412820       2.92064381       2.80076879       2.97950631       2.85963130       2.95034379       3.00960943       3.03161569       2.95709692       2.97910318       2.84531876       2.90458441       2.92659067       2.85207190
       2.87407815       3.03836882       2.91849381       2.93334380       2.97735631       3.46692497       2.82162493       2.65038753       2.41063750       2.76811254       2.52836251       2.55032498       7.78499985       4.95550013       6.33890009       6.47550011      18.91099930      18.04500008      16.99500084      14.88099957
      15.21199989      13.75399971       8.69110012      14.63500023      10.04500008       4.78929996       3.16880012       2.97620010       2.58130002       2.78750008       3.02395010       2.95765007       3.03525007       2.89737505       2.74297500       2.68732500       2.62403747       2.54683745       2.51901245       2.44181243
       2.74029374       2.79955938       2.82156564       2.74704687       2.76905313       2.63526872       2.69453436       2.71654062       2.64202185       2.66402811       2.82831877       2.87233129       2.72329375       2.76730627       2.53024369       2.58950934       2.61151560       2.53699683       2.55900308       2.44047180
       2.46247806       2.38795929       2.40996554       2.48448431       2.50649057       2.43197180       2.45397806       2.61826873       2.66228124       2.51324371       2.55725622       2.69297498       2.52183744       2.44463742       2.63251245       2.55531242       2.91432500       2.74318746       2.66598743       2.85386246
       2.76829369       2.72969368       2.82363120       2.78503118       2.36145616       2.38346241       2.41679366       2.38296866       2.41622493       2.47213116       2.43830617       2.52746867       2.49364367       2.41523743       2.48174995       2.58280617       2.54898117       2.63814367       2.60431868       2.52591243
       2.69348118       2.65965618       2.74881868       2.71499369       2.63658744       2.47977495       2.88583755       2.64608753       2.67578751       2.76381254       2.78577501       2.61280000       2.90152502       3.50559998       6.33349991       4.77769995       5.40660000      15.99899960      18.17799950      16.63500023
      13.73900032      13.60200024      14.80500031      15.18400002      12.81499958      14.26299953      10.67300034       3.40140009       3.34279990       2.94387496       2.93634999       3.03962499       2.93769994       2.96222493       2.93717495       2.96169993       2.98539996       3.02952498       3.08260000       3.04339993
       3.07973745       3.10627496       3.08667493       3.11321244       2.98674992       3.01127490       2.98022492       2.99248742       2.97996242       3.05134992       3.06387492       3.13526241       3.09017492       3.12586867       3.11960617       3.15529992       3.16156242       3.19725617       3.19099367       3.22668742
       3.05803116       3.08456866       3.11689366       3.10937805       3.12264680       3.13880930       3.14360931       3.11110617       3.12052805       3.13379680       3.14149056       3.15475931       3.13591556       3.14918431       3.15687806       3.17014682       3.16245306       3.17572182       3.18341557       3.19668432
       3.15864054       3.16344055       3.18807179       3.19287180       3.16824055       3.17304056       3.19767181       3.20247182       3.21750305       3.22230306       3.24693430       3.25173431       3.24421869       3.19495620       3.22149371       3.25381871       3.26341872       3.11893752       3.04173750       3.12587500
       3.15241250       2.96453747       2.87896870       2.84036869       2.93430620       2.89570619       3.06684373       3.02824372       3.12218124       3.08358122       2.98964371       2.95104370       3.04498121       3.00638120       3.13281247       3.15934998       3.13974994       3.15791871       3.17118746       3.16138744
       3.17465620       3.17751874       3.13891873       3.18098748       3.19425623       3.10868746       3.18445621       3.19772497       3.18792495       3.20119371       3.21936247       2.81491244       2.74726245       2.92558745       2.85793746       2.70112497       3.05777496       2.92247498       3.14706556       3.16033431
       3.16802806       3.18129682       3.17360307       3.18687182       3.19456557       3.20783433       3.20610620       3.23264371       3.21725620       3.24379371       3.25918122       3.28571872       3.28226247       3.33533749       3.21037498       3.07507500       3.29422501       3.15892503       2.60885000       2.89757502
       2.91405004       3.00540000       2.62319994       3.00850010       6.05609989       6.51840019      15.92700005      13.24199963      15.20600033      11.21300030      14.45600033      11.63099957      15.13399982      12.83500004      14.00399971       8.93640041       3.46790004       3.38640010       3.26747507       3.40187508
       3.54745007       3.03857499       2.93664995       2.95517494       2.96743743       2.95491244       3.02629994       2.93612495       3.01377495       3.05259994       3.08829369       3.08203120       3.11772495       3.07263745       3.11146245       3.14715620       3.14089371       3.17658745       3.23552501       3.12107497
       3.51602501       3.40157497       3.02941871       3.10080621       3.16966870       3.24105620       3.17219371       3.19067183       3.22636558       3.26079683       3.29649058       3.25953433       3.29522808       3.32965933       3.36535308       3.33092183       3.36661558       3.40104683       3.43674058       3.30991870
       3.38130620       3.45016870       3.52155620       3.39978433       3.43547808       3.46990933       3.50560308       3.52408120       3.54003432       3.57572807       3.61015932       3.64585307       3.66433120       3.03882493       3.07764993       3.11334368       3.10708118       3.14277493       3.06512494       3.10081869
       3.09455619       3.13024994       3.13651244       3.17220619       3.16594369       3.20163744       3.14903743       3.18473118       3.17846868       3.21416243       3.25298743       3.24046244       3.31184994       3.12398744       3.15968119       3.15341870       3.18911245       3.22793745       3.21541245       3.28679995
       3.36444995       3.29348119       3.30308120       3.35234369       3.36194371       3.34691247       3.44543746       3.46463749       3.31496871       3.38635620       3.45521870       3.52660620       3.56356245       3.70128745       3.39371246       3.34404999       3.43457502       3.35235006       3.38245004       3.47740006
       3.31310010       3.93689990       2.71499991       4.51480007       5.87739992      19.60000038      14.54300022      14.03299999      13.18599987      15.34399986      14.82999992      14.59399986      15.50699997      14.88799953       8.81949997       3.46329999       3.36642498       3.51199996       3.51707488       3.48357493
       3.79652500       3.68207496       3.77879995       3.96257496       3.59041870       3.66180620       3.73066869       3.80205619       3.68028432       3.71597807       3.75040932       3.78610307       3.80458120       3.82053432       3.85622807       3.89065932       3.81376557       3.71965620       3.87091869       3.88939682
       3.92509057       3.95952182       3.88262807       4.01116869       3.91705932       3.84016557       3.87459682       3.79770307       3.84819682       3.77130307       3.80573432       3.72884057       3.63473120       3.70359370       3.54980621       3.76458743       3.94836244       3.75388744       3.65793744       4.00061244
       3.86931869       3.79242495       3.90122494       3.82433119       3.85539994       3.93313119       3.85623744       3.86052494       3.88814369       3.69303745       3.53924996       3.75684994       3.60306245       3.71018744       3.78791869       3.81553744       3.71531244       3.74293119       3.56497493       3.64270619
       3.67032494       3.57009993       3.59771869       3.82066244       3.66687495       3.67544994       3.73068744       3.53143746       3.22386247       3.36158746       3.05401248       3.00435001       3.34047496       3.03289998       3.46809995       3.16052496       2.95232499       2.85290003       3.28920007       3.38055003
       3.11357504       3.05410004       2.61500001       4.26889992       3.42249990       6.74510002      18.47599983      13.43299961      12.34700012      15.74100018      15.74100018      14.82999992      12.87500000      12.87500000       8.82730007       5.10869980       4.13679981       3.49567491       3.46217495       3.21752495
       3.02007496       3.46346244       3.36751243       3.17303744       3.07708743       3.41976243       3.49749368       3.52511244       3.42488743       3.45250618       3.27454993       3.35228118       3.37989993       3.27967493       3.30729368       3.53023744       3.58547494       3.38502494       3.44026244       3.12933743
       3.20706868       3.23468743       3.13446243       3.16208118       2.98412493       3.06185618       3.08947493       2.98924993       3.01686868       3.23981243       3.29504994       3.11709368       3.14471243       3.04448743       3.07210618       3.14983743       2.95198745       2.85603744       2.80031246       2.90861243
       2.92466243       2.97989993       2.95094992       3.00618742       3.01475618       3.04237493       3.02789993       3.05551868       3.09037493       3.04104368       3.06866243       3.05418742       3.08180618       3.11666243       2.97723742       3.03247492       3.00352491       3.05876242       3.06733117       3.09494992
       3.08047492       3.10809367       3.12256867       3.15018743       3.13571242       3.16333117       3.11399992       3.14885617       3.17647492       3.16199992       3.18961867       3.59572494       3.28814995       3.30529994       3.41577494       3.20757496       3.18637493       3.29684994       3.19818743       3.25342493
       3.20409367       3.23171242       3.21723742       3.17541868       3.14083745       3.07167497       3.34781244       3.38778743       3.12263748       3.39183745       3.28752494       3.25887495       3.44977492       3.42112494       3.07683751       3.16238752       3.23503748       3.14401875       3.18679376       3.22311874
       3.17760938       3.19899688       3.21715937       3.20000312       3.13265002       2.98762500       3.17192501       3.09941250       3.19156250       3.15530625       3.19256875       3.18440625       3.15761250       3.10402501       3.31616247       3.26368123       3.23744062       3.22028437       3.23845312       3.17188437
       3.26570624       3.13256875       3.32021248       3.05393749       3.21540000       3.20723750       3.16700000       3.22379999       3.20327500       3.12279999       3.23639998       3.19534999       3.03439999       3.26159996       2.99685001       3.37767500       3.17949998       3.00282496       2.50449991       3.51679993
       5.34889984      19.66500092      13.11699963      15.52799988      14.13099957      14.13099957      14.13099957      12.87500000      12.87500000      10.39200020       6.36520004       3.06699991       2.66100001       2.93332493       3.07057491       3.14028741       3.19552492       3.16657491       3.08293743       3.12314990
       2.95587495       3.16309994       2.91869998       3.16094368       3.11912494       3.10464994       3.06283120       3.07730620       3.03548747       3.02101246       2.97919372       2.99929996       2.96471872       2.92289998       2.90842498       2.86660624       2.94461249       2.86097501       2.88108125       2.83926251
       2.82478750       2.78296877       2.74838753       2.88671248       2.80307500       2.77412499       2.69048752       2.76849376       2.72667503       2.71220002       2.67038129       2.68485629       2.64303755       2.62856255       2.58674381       2.60685004       2.52321257       2.88645627       3.02105625       2.77386878
       2.90846877       3.16666248       2.65577818       2.72307817       2.59948444       2.66678443       2.79588129       2.54319070       2.61049069       2.48689695       2.55419695       2.67779068       2.74509067       2.62149694       2.68879693       2.93048127       3.06508125       2.81239066       2.87969065       2.75609692
       2.82339691       2.95249377       2.67190003       2.50462508       2.66367507       2.66227508       2.46486259       2.59946257       2.54368758       2.54438758       2.71418130       2.78148130       2.68664381       2.75394380       2.84878129       2.91608128       2.82124379       2.88854378       2.67898756       2.81358755
       2.66227508       2.66367507       3.43586245       3.47583744       3.19968124       3.33428122       3.08709376       3.22169374       3.47988746       3.42922497       2.98338127       3.05068126       2.95584378       3.02314377       3.13786250       2.92830628       2.99560627       2.90076879       2.96806878       3.06290627
       3.13020626       3.03536877       3.10266876       3.27246249       3.40706247       3.21738750       3.35198748       2.89311254       3.00783128       3.07513127       2.98029378       3.04759377       2.83803755       2.95275629       3.02005628       2.92521879       2.99251878       3.16231251       3.29691249       3.08735627
       3.15465626       3.05981877       3.12711877       3.24183750       3.31368747       3.04741248       3.20353749       2.93726251       2.89667499       2.85759997       2.59292501       2.73857498       3.34559989       2.54270005       3.85150003       2.82730007      17.51300049      14.75899982      13.08300018      15.51700020
      15.51700020      15.51700020      10.55099964      10.55099964      10.55099964       5.44859982       3.13470006       3.13382506       3.30090004       3.51675004       3.29540008       3.18932500       3.11219999       3.18110004       3.12531252       3.08675002       3.12120004       3.09330628       3.07402503       3.09125004
       3.07196879       2.99000001       2.82272506       3.02565002       2.94201255       3.04347503       3.00165629       3.04141879       3.04106879       3.02083755       2.98037505       3.17835006       3.11982505       3.09056254       3.07128129       3.09124380       3.07196254       3.12118755       3.08262505       3.18107507
       3.10395005       3.06146567       3.06111567       3.06214692       3.06179692       3.06093130       3.06299379       3.06229380       3.06056255       3.06468755       3.06328756       2.89945006       2.81992507       2.82132506       2.97757506       2.97897506       3.05982506       3.07835007       2.78296256       2.91756254
       2.86178756       2.86248755       3.03228128       3.09958127       3.00474378       3.07204378       3.18676251       2.97720629       3.04450628       2.94966879       3.01696879       3.11180627       3.17910627       3.08426878       3.15156877       2.98037505       2.94201255       3.05673128       3.12403128       3.02919379
       3.09649378       3.02083755       3.00165629       3.06895629       3.04106879       3.04141879       3.18749376       3.05435626       3.13241877       2.99928127       2.82711253       3.07734378       2.94420628       3.06932191       3.00275316       3.04178441       3.02139691       2.98149379       2.90168753       3.06982505
       3.06556255       3.06626254       3.07618755       3.01182503       3.09107506       2.96235001       3.03749691       3.01710941       3.01027815       2.98989065       2.97291878       2.98305939       2.96267189       2.95584063       2.93545313       2.94228439       2.92189689       2.91506563       2.89467813       2.93214378
       2.89136878       2.87770626       2.83693126       2.90481874       2.88784687       2.86745937       2.86062811       2.84024061       2.85038123       2.83340935       2.81302185       2.80619060       2.78580309       2.82326874       2.78249374       2.79263435       2.77224685       2.76541559       2.74502809       2.72805622
       2.74207503       2.88772500       2.80298752       2.72143751       2.69411248       2.84831250       2.93467504       3.02259994       2.86560011       2.89630008       3.61339998      12.28100014      13.47599983      14.60400009      14.49600029      14.49600029      14.49600029       9.71259975       9.71259975       9.71259975
       5.26100016       2.54060006       4.19269991       3.14660007       3.06807506       2.95757499       2.69457504       3.10232508       3.12085009       2.72882506       2.66025004       2.98220003       2.85347497       2.87332499       2.74459994       2.79594371       2.75516871       2.74150619       2.70073119       2.73819683
       2.71780933       2.71097808       2.69059058       2.67361870       2.68375932       2.66337182       2.65654056       2.69509056       2.73705620       2.68706867       2.64629367       2.63263115       2.70973116       2.68825930       2.72680931       2.71997805       2.75852805       2.80049369       2.75169680       2.79024680
       2.78341554       2.82196555       2.86393118       2.64302497       2.51429991       2.29129995       2.26939993       2.57739365       2.65449366       2.45494366       2.48058116       2.75579679       2.79434679       2.66884054       2.70739055       2.80869368       2.58188429       2.62043430       2.49492805       2.53347805
       2.65898430       2.69753431       2.57202806       2.61057806       2.28408742       2.38376868       2.48507181       2.52362181       2.39811556       2.43666556       2.26131868       2.31115931       2.34970932       2.24993432       2.26275307       2.82098746       2.97518748       2.94786245       3.10206246       3.18842500
       2.88579369       2.96289369       2.71188119       2.78898120       2.99158746       2.53796870       2.61506870       2.38825932       2.42680933       2.30130307       2.33985308       2.44115621       2.64376247       2.96747500       3.53340006       2.85489988       2.58260012       3.29250002      14.14200020      11.96199989
      13.89599991      12.91300011      12.91300011      12.91300011       8.60309982       8.60309982       8.60309982       5.65220022       1.75320005       1.65209997       1.49319994       1.73380005       1.91299996       2.03918743       2.13886869       2.16450620       2.01641870       2.04205620       1.79428744       1.84556246
       1.71659997       1.69608745       1.74736246       1.74458745       1.79586247       2.21434683       2.25289683       2.15312183       2.16594058       2.26724371       2.09189683       2.10471559       2.03067183       2.04349059       2.11753434       2.15608434       2.05630934       2.06912810       2.34434372       2.42144373
       2.17043123       2.24753124       1.94524372       1.99508435       2.00790310       1.93385935       1.94667810       1.82279372       1.87263435       1.88545310       1.81140935       1.82422811       1.99651873       2.07361874       1.89827186       1.91109061       1.83704686       1.84986562       1.89970624       2.40938750
       2.48208752       2.06156251       2.42113748       1.77369373       1.79933123       1.79794373       1.82358123       1.81249686       1.82531562       1.82462186       1.83744062       1.83813437       1.85095312       1.85025937       1.83497187       1.84921874       1.83427812       1.81899063       1.81829687       1.80300938
       1.84713748       1.81725624       1.78668125       1.78529374       1.75471875       1.96749376       2.14728124       1.87743438       2.00960939       1.86145313       1.99362814       2.19988127       2.44326249       1.84547188       1.97764689       1.82949063       1.96166564       2.10982189       2.24199690       2.09384064
       2.22601565       1.87160626       2.07785939       2.21003440       2.06187814       2.19405315       2.43226878       2.61205627       2.40030628       2.66465630       2.99097496       3.19357497       2.80283746       3.16241243       2.90803751       3.26761249       3.23782498       2.66170001       3.78379989       3.43770003
      14.96000004      13.66899967      11.69900036      10.42300034      10.42300034      10.42300034       9.40559959       9.40559959       9.40559959       5.63360023       1.62619996       1.68959999       1.28460002       1.54380000       1.81359997       1.84297496       1.76009995       1.79904997       1.78321248       1.72206250
       1.71928748       1.65813750       1.83964376       2.04589690       2.17807190       2.02991565       2.16209065       1.80768126       2.07203127       2.31024691       2.44242191       2.29426566       2.42644066       2.63269380       2.27828441       2.41045941       2.26230316       2.39447816       2.54263442       2.67480943
       2.52665317       2.65882818       1.89191252       2.30441879       2.51067192       2.64284693       2.49469067       2.62686568       2.27245629       2.53680630       1.67675000       1.86995003       2.39865005       1.88995004       2.41865006       2.89704381       3.07683130       2.86508131       3.12943132       3.37281254
       2.77502193       2.90719694       2.75904068       2.89121569       3.09746882       2.74305943       2.87523444       2.72707818       2.85925319       3.00740945       3.13958445       2.99142820       3.12360320       3.36181884       3.54160632       3.32985634       3.59420635       3.47411254       3.31713757       3.57931259
       3.45153758       2.79017507       2.98593757       3.11811258       2.99093758       3.12311258       2.80017507       2.99593758       3.12811258       3.00093758       3.13311259       3.31887509       3.58322510       3.32887509       3.66828761       2.81017508       3.00593758       3.13811259       3.01093759       3.18064384
       2.82017508       3.15958759       3.30781884       3.47752510       3.35035010       3.52005635       3.75335011       3.39288135       3.56258760       3.43541260       3.60511886       3.83841261       3.55397511       3.42620009       3.72410011       3.24112511       3.19267505       3.07627505       3.14200008       2.90155005
       3.24480009       2.74620008      12.85200024      13.66100025      10.57299995       9.03390026       9.03390026       9.03390026       9.26560020       9.26560020       9.26560020       6.60029984       1.07480001       1.72950006       1.45439994       1.51979995       1.40069997       1.43965000       1.23905000       1.14028750
       1.27883752       1.26253749       1.17806251       1.73732501       1.67617503       1.55762503       1.69617504       1.90995005       2.43865007       1.79277505       2.05712506       1.80277506       2.14218757       2.39653757       2.73595008       2.37548132       2.54518758       2.41801257       2.58771883       2.71489383
       2.88460009       2.75742508       2.92713134       1.41738753       1.54649379       1.61576880       1.49610629       1.56538130       1.30716877       1.37644378       1.25678127       1.32605628       1.44571879       1.51027192       1.54490942       1.48507817       1.51971567       1.39060941       1.42524691       1.36541566
       1.40005316       1.45988442       1.49452192       1.43469067       1.46932817       1.82011256       2.08726881       2.25697507       2.06207506       2.23178132       1.69746880       1.86717506       1.67227505       1.84198131       2.03688131       2.20658757       2.01168756       2.18139382       2.42668132       2.59638758
       2.40148757       2.57119383       2.83835009       2.44855008       2.78796259       1.64708130       1.81678756       1.62188755       1.79159380       2.05875006       1.66895005       2.00836256       2.54267508       2.90523759       3.24465010       2.99030009       3.22359385       3.39330010       3.26612510       3.43583135
       3.47794385       3.64765011       3.52047510       3.69018136       3.92347512       3.56300636       3.73271261       3.60553761       3.77524386       4.00853762       2.96924384       3.13895009       3.01177509       3.18148135       3.30865635       3.47836260       3.35118760       3.52089386       3.05430634       3.22401260
       3.09683760       3.26654385       3.49983761       3.75418761       4.09360012       3.83925012       4.17866263       3.89422512       3.41125011       4.06435013       3.58137512       3.17776260       3.51717511       3.12737510       3.46678761       4.00110012       3.22150010       3.95095009       3.85777509       2.77185011
       2.53140008       2.89182508       2.45962507       2.00830007       3.42059994      14.40299988      15.21300030      10.40900040       9.03549957       9.03549957       9.03549957      10.11100006      10.11100006      10.11100006       3.69919991       1.42320001       1.74989998       1.65810001       1.59200001       1.48354998
       1.38478749       1.30031250       1.50703748       1.42256249       1.53477496       1.50551248       1.42103750       1.38021249       1.29573750       1.20639377       1.27094690       1.30558440       1.24575315       1.28039065       1.26751877       1.22055940       1.25519690       1.25112190       1.23000315       1.34022191
       1.37485941       1.31502816       1.34966566       1.41421879       1.28983441       1.32447191       1.26464066       1.29927816       1.36383129       1.32864376       1.28640627       1.38976876       1.34753127       1.23944690       1.27408441       1.27000940       1.24889066       1.31344379       1.30057190       1.27945315
       1.33113440       1.31001565       1.26305629       1.76307505       2.44190007       1.66230005       2.39175004       1.38900626       1.34676877       1.32635626       1.28411877       1.33075315       1.30963440       1.29942815       1.27830940       1.28851566       1.26739691       1.25719066       1.27004691       1.24188128
       1.25984066       1.27269691       1.26249066       1.27534691       1.21126252       1.24718128       1.26514066       1.27799691       1.26779066       1.28064691       1.25248128       1.27819379       1.37695004       1.74167503       1.38225004       1.58585005       2.21085003       1.33532504       1.43712504       1.33797504
       1.43977504       1.59115005       1.34062504       1.44242504       1.34327504       1.44507504       1.54422504       1.64602505       1.54687504       1.64867505       1.79475005       2.15947504       1.80005005       2.00365005       3.51100004       3.75747502       2.94030002       3.66975001       2.62865004       3.35810003
       4.05562496       2.91219997       3.18910003       3.69980001      13.19099998       9.30459976       9.22410011      10.17700005      10.17700005      10.17700005       8.02620029       8.02620029       8.02620029       6.21269989       1.37629998       1.29429996       1.46389997       1.46729997       1.48359996       1.40792498
       1.39544997       1.38352495       1.35791247       1.32198747       1.35016249       1.31423749       1.27918747       1.22951248       1.27143750       1.22176251       1.28417498       1.15002501       1.17983750       1.13016251       1.17208752       1.24821252       1.19393751       1.24536252       1.31198752       1.36341253
       1.22186252       1.27328753       1.23246253       1.28388754       1.39815004       1.54952504       1.65132505       1.55217505       1.65397505       1.40345004       1.55482505       1.65662505       1.55747505       1.65927505       1.80535005       2.00895005       1.81065005       2.01425005       1.40875004       1.56012505
       1.66192505       1.56277505       1.66457505       1.41405004       1.56542505       1.66722505       1.56807505       1.66987505       1.81595005       2.01955006       1.82125005       2.02485006       1.29678753       1.30584379       1.33155629       1.36486879       1.35034378       1.41483754       1.38365628       1.36806565
       1.36080314       1.37745939       1.37019689       1.40244377       1.38685314       1.37959063       1.39624688       1.38898437       1.32496566       1.42676567       1.33435941       1.34509691       1.52856567       1.63036567       1.44689691       1.54869691       1.34375315       1.35449065       1.35314690       1.36388440
       1.37529378       1.74223129       1.94583130       1.57889378       1.78249379       1.36254064       1.37327814       1.37193438       1.38267189       1.39408126       1.39139375       1.41286875       1.43568751       2.31700006       3.04645005       2.32760006       2.73480007       3.43232501       2.16956255       2.57676256
       1.84288752       2.25008753       2.79400000       3.65159988       3.21690011       3.24110007      13.75699997       9.66969967       6.91559982      10.09200001      10.09200001      10.09200001      10.80300045      10.80300045      10.80300045       6.44640017       1.32729995       1.44519997       1.54759997       1.40272498
       1.50344998       1.31874996       1.26491247       1.30366249       1.18248747       1.23215624       1.25153125       1.19094374       1.21031875       1.31267497       1.19824997       1.35094997       1.25556247       1.19834997       1.27469997       1.21748747       1.14115622       1.16053123       1.16029372       1.17966873
       1.17990624       1.18965312       1.19934063       1.19922188       1.20890938       1.18941562       1.19910312       1.19898437       1.20867187       1.20879063       1.21847813       1.21835938       1.22804688       1.17943122       1.18917811       1.19886561       1.19874686       1.20843436       1.18894060       1.19862810
       1.19850935       1.20819685       1.20831561       1.21800311       1.21788436       1.22757186       1.20855312       1.21824062       1.21812187       1.22780937       1.23755626       1.23731875       1.25669376       1.35333126       1.33536876       1.31211876       1.33149377       1.31740626       1.29944376       1.31353127
       1.30102814       1.29204689       1.29909065       1.29010940       1.27090626       1.29574065       1.30542815       1.27513440       1.28482190       1.23515313       1.24484064       1.21454689       1.22423439       1.25452815       1.26421565       1.23392190       1.24360940       1.31511566       1.30613441       1.29450941
       1.30419691       1.29715316       1.28817191       1.29521566       1.28623441       1.26844379       1.28781880       1.27804376       1.25320627       1.28134689       1.26892815       1.27940940       1.26699065       1.25650940       1.24409065       1.25457191       1.24215316       1.22836877       1.20353128       1.23167191
       1.21925316       1.22973441       1.24876566       1.23828441       1.25731566       1.26779691       1.28682816       1.27029379       1.24545629       1.26641880       1.30448130       1.28351879       1.32158129       1.34254380       1.38060629       1.20902814       1.21871564       1.21859689       1.22828439       1.23803128
       1.23779377       1.25716878       1.27666254       1.27618752       1.34606253       1.29810004       1.37422504       1.36750002       1.34050001       1.24159378       1.27965628       1.27634691       1.29537816       1.30585941       1.32489066       1.31440940       1.33344065       1.34392191       1.36295316       1.31771877
       1.35578127       1.35247190       1.37150315       1.38198441       1.40101565       1.39053440       1.40956565       1.42004690       1.43907815       1.35964379       1.39770629       1.41866879       1.45673129       1.43576878       1.47383128       1.49479379       1.53285629       1.38766877       1.41338128       1.42550940
       1.43836565       1.45502190       1.46787816       1.45122191       1.46407816       1.48073441       1.49359066       1.43909378       1.46480629       1.47693441       1.48979066       1.50644691       1.49918441       1.48252816       1.47526565       1.49192190       1.48465940       1.50571878       1.53143129       1.56474379
       1.55021878       1.51690628       1.50238127       1.53569376       1.52116875       1.45035003       1.52647503       1.41662501       1.49275000       1.58727503       1.55822501       1.55355000       1.59902501       1.45028128       1.43575627       1.46800315       1.46074064       1.47739689       1.47013438       1.45347814
       1.44621563       1.46287188       1.45560937       1.42016564       1.41290313       1.42955938       1.42229687       1.40564062       1.39837812       1.41503437       1.40777186       1.43895312       1.43169062       1.44834687       1.44108436       1.42549373       1.48785625       1.47333124       1.50664374       1.49211873
       1.45880623       1.44428122       1.47759372       1.46306871       1.41018124       1.43165624       1.42896873       1.45044373       1.47326249       1.46788746       1.51083747       1.52917498       1.50012496       1.56997499       1.54092497       1.54894996       1.55647498       2.14064994       1.63484997       1.86272499
       2.88290000       2.40300012       2.30250001      13.63099957      11.05099964       6.06320000      11.08899975      11.08899975      11.08899975       9.67770004       9.67770004       9.67770004       6.21880007       1.70760000       1.17512500       1.31392500       1.35157499       1.20012501       1.23777500       1.12172502
       1.16146252       1.19911250       1.21548751       1.23558751       1.40826248       1.35104997       1.35136248       1.37018748       1.29383747       1.24614372       1.21753747       1.25571247       1.22710622       1.32249372       1.29388747       1.33206248       1.30345622       1.26528122       1.23667497       1.27484997
       1.24624372       1.29446249       1.31328748       1.23756249       1.26590624       1.27531873       1.23745624       1.24686874       1.34163123       1.31302498       1.31318123       1.32259373       1.27489997       1.28473123       1.29414373       1.25628123       1.26569373       1.29403748       1.20807810       1.21776560
       1.21764685       1.22733435       1.23708124       1.23684373       1.25621874       1.27571250       1.27523749       1.34511249       1.21823125       1.22779062       1.23720311       1.23690937       1.24632186       1.23646875       1.24602812       1.25544062       1.25514687       1.26455937       1.25588124       1.27470623
       1.27411874       1.29294373       1.25470625       1.26426562       1.27367812       1.27338437       1.28279687       1.27294375       1.28250312       1.29191562       1.29162187       1.30103437       1.29235624       1.31118123       1.31059374       1.32941873       1.32817498       1.39804998       1.36464998       1.43452498
       1.41522500       1.45809999       1.52109998       1.71587500       1.40409997       1.52569997       1.66187498       1.68034998       1.61664999       1.63054997       1.77129999       1.60232496       1.50160003       2.53990006       1.77119994       4.01149988      14.26900005      10.14299965       3.99429989      10.64500046
      10.64500046      10.64500046      10.35999966      10.35999966      10.35999966       5.34130001       1.11370003       1.22977501       1.26951250       1.27108125       1.28113125       1.29809375       1.30814375       1.32353750       1.32510625       1.33515625       1.35211875       1.36216874       1.28330001       1.35030000
       1.36550000       1.37554999       1.36525000       1.37530000       1.34980001       1.36990000       1.29118125       1.30074062       1.31015312       1.30985937       1.31927187       1.30892812       1.31395312       1.32243437       1.32745937       1.31897812       1.32839062       1.33248437       1.33750937       1.32883124
       1.34765624       1.34706874       1.36589374       1.33594062       1.34096562       1.34944687       1.35447187       1.35525624       1.36295312       1.36797812       1.37645937       1.38148437       1.38226874       1.38383749       1.40112498       1.47099999       1.43759999       1.47360000       1.38314999       1.38817499
       1.38302499       1.38804999       1.39564999       1.38290000       1.38792500       1.38277500       1.38780000       1.39294999       1.39797499       1.39282500       1.39785000       1.40569999       1.41574999       1.40544999       1.35521874       1.38510000       1.39270000       1.39772500       1.39257500       1.36745937
       1.38485000       1.36230937       1.33719375       1.33204375       1.30692812       1.34491874       1.29468749       1.28438749       1.23415624       1.41778749       1.45378751       1.29672499       1.41156250       1.50700000       1.54300001       1.50960001       1.53595002       1.55395003       1.53725003       1.55042503
       1.55942503       1.55107503       1.56007504       1.64038752       1.79916252       1.60264378       1.68203128       1.58377191       1.62346566       1.58442191       1.62411566       1.68333129       1.80176254       1.48978752       1.52734378       1.54612191       1.55512191       1.53556566       1.54456566       1.50623128
       1.52423128       1.44756252       1.48356253       1.57034066       1.61003441       1.55978441       1.58122191       1.65516879       1.55466878       1.59754378       1.74543753       1.54443753       1.63018751       2.03862503       2.05710003       1.92597502       2.04767504       1.44980001       1.52409995       2.94359994
       3.10030007       2.87899995      12.24400043       9.76070023       7.87839985       9.50279999       9.50279999      10.11200047      10.11200047      12.15600014       8.71730042       3.95390010       1.83669996       1.28230003       1.34930001       1.36940001       1.34880002       1.24833751       1.29330000       1.39905003
       1.29858752       1.47560003       1.52015004       1.32431875       1.30177812       1.27666249       1.27151250       1.24639687       1.26378750       1.24124687       1.21613124       1.21098125       1.18586562       1.22385624       1.17362498       1.19101562       1.16589999       1.16074999       1.13563436       1.11309373
       1.20325625       1.15302499       1.14272500       1.09249374       1.13048436       1.10536874       1.10021874       1.07510311       1.05256248       1.06995311       1.04483749       1.03968749       1.01457186       0.99203123       1.17566249       1.29050000       1.05459999       1.16943750       1.16785000       1.11761875
       1.27863126       1.22840001       1.05224999       1.02713436       1.10764062       1.08252499       1.00201873       0.97690311       1.05740936       1.03229374       1.17816875       1.11279999       1.08768437       1.16819062       1.14307500       1.41968752       1.28895001       1.23871876       1.39973127       1.34950002
       0.96118436       1.01860311       1.05969843       1.02884218       1.11508906       1.08423281       1.01025311       1.10055625       1.17047969       1.13962344       1.22587032       1.19501407       1.12103437       1.28126095       1.25040470       1.33665158       1.30579532       1.21954844       1.18869219       1.27493907
       1.24408282       1.05932187       1.11674063       1.17010313       1.10839063       1.40222502       1.52397501       1.21539376       1.33023127       1.19869376       1.31353127       1.46505001       1.73899996       1.59070003       1.52509999       2.91589999       3.82229996       2.62669992      14.71800041      10.69499969
       4.73029995       8.28069973       8.43789959      10.11200047      10.11200047      12.15600014       5.96850014       6.00990009       1.15769994       1.44640002       1.61270005       1.58300000       1.52455005       1.64125004       1.54078753       1.71780005       1.76235005       1.40430940       1.33032970       1.29947345
       1.38572033       1.35486408       1.51509066       1.45337815       1.26861720       1.23776095       1.32400783       1.29315158       1.21917189       1.37939846       1.34854221       1.43478909       1.40393284       1.31768596       1.28682970       1.37307659       1.34222033       1.65040629       1.50244691       1.42846722
       1.39761096       1.48385785       1.45300159       1.61322817       1.55151566       1.61365005       1.67883755       1.55541255       1.51413755       1.39071254       1.15745938       1.21487814       1.26824064       1.20652814       1.29683127       1.36675471       1.33589846       1.42214534       1.39128909       1.31730940
       1.47753597       1.44667972       1.53292660       1.50207035       1.41582347       1.38496722       1.47121410       1.44035785       1.25559689       1.31301565       1.36637815       1.30466565       1.39712502       1.48287500       1.38042502       1.38225003       1.50401879       1.47832191       1.44746566       1.43714691
       1.40629066       1.42166879       1.35995629       1.41660941       1.38575316       1.37543441       1.34457816       1.31888128       1.33425941       1.30340316       1.29308441       1.34585315       1.40378127       1.33931879       1.27760629       1.25696879       1.36250628       1.33553440       1.38830315       1.37798440
       1.43075315       1.44107189       1.49384064       1.48352189       1.53629063       1.46804377       1.52597189       1.57874063       1.56842188       1.62119063       1.33415003       1.33597504       1.50147501       1.42152502       1.58513751       1.54516251       1.62758750       1.58761251       1.50642502       1.34405003
       1.43530002       1.40005004       1.34275004       1.46277502       1.80929995       1.30929995       1.64699996       2.46180010       3.15630007      12.02400017       9.32890034       5.47249985       8.63539982       8.43789959       8.43789959      10.13500023      11.92700005       5.99170017       6.08540010       1.28310001
       1.88489997       1.28425005       1.20537505       1.20542502       1.16630003       1.43708752       1.55294376       1.65848125       1.63784375       1.74338124       1.60688750       1.81796248       1.67003750       1.63006250       1.71248749       1.67251250       1.59008751       1.55011251       1.63253750       1.59256251
       1.75617499       1.67498750       1.63501250       1.71743749       1.67746250       1.51137502       1.43142503       1.59627501       1.51632502       1.84107498       1.75988749       1.71991250       1.80233749       1.76236249       1.92597497       1.84602498       1.67993750       1.63996251       1.72238750       1.68241250
       1.60122501       1.76483749       1.72486250       1.80728749       1.76731249       1.68612500       1.58735000       1.79842497       1.37847500       1.58954997       1.91620622       1.83625623       1.81176872       1.73181873       1.80240311       1.76242812       1.75018436       1.71020937       1.67635625       1.69796561
       1.65799062       1.64574686       1.60577187       1.61801562       1.57804063       1.56579687       1.52582188       1.61513747       1.54743124       1.51357812       1.47360313       1.46135937       1.42138438       1.44299374       1.40914062       1.36916563       1.35692187       1.31694688       1.35395004       1.35577504
       1.52375002       1.36385004       1.47892502       1.59640626       1.51645627       1.49196876       1.41201877       1.34431253       1.38753126       1.30758127       1.32919063       1.28921564       1.27697188       1.29202188       1.31319376       1.35553752       1.47107503       1.38800001       1.25119996       1.48950005
       1.69910002       2.97070003      13.80300045       8.95349979       7.09999990       9.38519955      11.01200008      11.40999985      10.45100021       4.76650000       7.02229977       5.08160019       1.48989999       1.32939994       1.60259998       1.17069998       1.40626247       1.33855624       1.25860625       1.23411874
       1.26421874       1.19738747       1.23973123       1.26983123       1.24534372       1.27544373       0.96331747       1.06361997       1.12381997       0.92298747       0.84505998       1.27977813       1.29482813       1.28258437       1.29763437       1.31880625       1.28539062       1.30044062       1.28819687       1.30324687
       1.32441875       1.36676250       1.29100311       1.30605311       1.29380936       1.30885936       1.32110311       1.33615312       1.32390936       1.33895936       1.30554373       1.32671561       1.34176561       1.32952185       1.34457185       1.36013124       1.39023124       1.36574373       1.39584374       1.44238751
       1.53343751       1.45361249       1.54466249       1.23865998       1.29607998       1.31112998       1.22638998       1.24143998       1.09927998       1.12937998       1.32617998       1.34122998       1.25648998       1.27153998       1.32895998       1.18679998       1.20184998       1.11710999       1.13215999       1.18957999
       0.95989998       0.98999999       0.82051999       0.85061999       1.04741999       1.06246999       0.97772999       0.99277999       1.07751999       1.09256999       1.00782999       1.02287999       0.88071999       0.93813999       0.95318999       0.86844999       0.88350000       1.31984499       1.41089499       1.08801249
       1.13353749       0.94863250       0.99415749       1.13213499       1.67562500       1.64622498       1.40808999       1.89552498       1.06610000       1.48850000       2.93729997       3.17600012      14.26500034       9.08469963       5.28560019      12.81299973      11.10700035       5.24160004       5.79909992       5.60340023
       6.76679993       3.85275000       2.32242753       2.20092496       1.72830249       0.64551002       0.34632000       0.33456999       0.68205248       0.67307498       0.52930498       0.57592749       0.62649999       0.74133999       0.79876000       0.81381000       0.72907000       0.74412000       0.60196000       0.63206000
       0.48586750       0.46258000       0.49268000       0.39226375       0.35330001       0.83271625       0.85547875       0.76302625       0.78578875       0.85477750       0.69333625       0.71609875       0.62364625       0.64640875       0.71539750       0.85337500       0.55395625       0.57671875       0.48426626       0.50702876
       0.57601750       0.41457626       0.43733876       0.34488626       0.37371376       0.46616626       0.49499375       0.40254125       0.43136875       0.63367250       0.69132750       0.50642250       0.56407749       0.43729375       0.35936626       0.48077875       0.40285126       0.33835876       0.37616438       0.40499188
       0.38703563       0.41586313       0.36010126       0.39790688       0.42673438       0.40877813       0.43760563       0.45366875       0.51132374       0.47541125       0.53306624       0.38184376       0.41964938       0.44847688       0.43052063       0.45934813       0.40358626       0.46124125       0.47730438       0.50613187
       0.48817563       0.51700312       0.53495937       0.56378687       0.54583062       0.57465812       0.51889625       0.55670187       0.58552937       0.56757312       0.59640062       0.96868499       1.08399498       0.71418499       0.82949498       1.38652498       0.60867749       0.72398748       0.61246374       0.67011874
       0.61435687       0.64318436       0.62522812       0.61106374       0.60587749       0.64178998       0.61346123       0.57754874       0.54921998       0.88172123       1.25384623       0.75323873       1.12536373       2.13077497       1.74544999       1.74779248       2.08232498       1.41890001       2.86229992       2.66289997
      14.87199974      10.04899979      10.57900047       7.27659988       6.54250002       4.17030001       6.16179991       4.03609991       3.99570006       3.04017499       3.71989995       3.44819999       2.64168750       2.45301251       2.87263753       2.67339378       2.57905629       2.78886879       2.68924692       2.64207817
       2.74698443       2.69981568       2.21670128       1.93275379       2.46090067       2.31892693       2.58300036       2.51201349       2.64073787       2.49975349       2.29440692       1.88371379       3.07665002       2.89087504       2.79798755       2.75081880       2.84225629       2.79508755       2.97941253       2.88507503
       3.25372499       3.06505001       2.65674224       2.51575786       2.70101098       2.56002660       2.32641567       2.69692191       2.41495315       1.94773127       2.68874376       2.12480624       1.06232752       0.54536501       1.19036248       0.47240999       0.63725001       0.54417002       0.56190997       0.50704250
       0.46502751       0.54063875       0.59829375       0.56238125       0.53405250       0.50851251       0.45185500       0.47138751       0.47430001       0.59310749       0.57894312       0.56098687       0.54682249       0.56477874       0.55061437       0.53265812       0.51849374       0.50572375       0.47739499       0.53644999
       0.52228561       0.50432937       0.49016499       0.48497874       0.47220874       0.45804437       0.44008812       0.42592374       0.44387999       0.42971561       0.41175937       0.39759499       0.39519750       0.38482499       0.37963874       0.36547437       0.34751812       0.33335374       0.32058375       0.29225500
       0.56384561       0.74990811       0.49960436       0.68566686       0.99688124       0.40490780       0.49793905       0.37278718       0.46581843       0.62142562       0.34066656       0.43369781       0.30854593       0.36470406       0.48985593       0.54601406       0.42086219       0.47702031       0.73374187       0.84605812
       0.60217219       0.65833031       0.53317844       0.58933656       0.70807063       0.36013500       0.30347750       0.41849251       0.36183500       0.33819687       0.45051313       0.36737563       0.52265063       0.51671594       0.57287407       0.55278469       0.60894282       0.62903219       0.68519032       0.66510095
       0.72125907       0.63496688       0.70116970       0.75732782       0.73723845       0.79339658       0.48878126       0.70710439       0.81942064       0.73628314       0.89155815       1.22151374       1.44614625       0.94553875       1.17017126       1.53037500       0.78746189       0.89977814       0.81348595       0.86964408
       0.84955470       0.90571283       0.97191564       1.10432127       0.88562346       0.94178158       0.92169221       0.97785033       1.04405315       0.95776096       1.01391909       0.99382971       1.04998784       1.11619065       1.24859628       1.39867502       1.58410001       3.82550001       3.58069992      13.40999985
      10.74199963       9.43480015      10.04899979       6.55459976       5.98330021       4.51270008       4.50019979       2.70580006       3.42499995       2.67238745       3.23749995       2.77747746       0.30495000       0.54158998       0.42427000       0.46775001       0.38475999       0.47770001       0.54713876       0.76546189
       0.92073690       0.79464064       0.94991565       0.60549626       0.82381940       0.97909440       0.85299815       1.00827315       0.41212251       0.62224126       0.86137065       1.01664565       0.84893689       1.00421190       0.59737376       0.90792377       1.02989847       1.08605659       1.04448784       1.12212534
       1.18832816       1.05907722       1.13671472       1.07366659       1.15130410       1.26046566       1.39287129       1.08825597       1.16589347       1.10284534       1.18048285       1.28964441       1.11743472       1.19507222       1.13202410       1.20966160       1.31882317       1.53714630       1.68722504       1.13621035
       1.21384785       1.12999347       1.20763097       1.32719566       1.12377659       1.20141410       1.11755972       1.19519722       1.27905160       1.35668910       1.27283472       1.35047223       1.48247067       1.63774568       1.47003692       1.59687067       1.14705315       1.26661785       1.34425535       1.26040097
       1.32381785       1.13461940       1.23996347       1.30338035       1.21952597       1.28294285       1.42916192       1.55599567       1.38828691       1.51512067       1.70042504       1.68105002       1.61867504       1.65807502       1.64847499       1.56369999       1.64049998       1.61489996       1.38250005       3.48709989
      13.73499966      12.12699986       9.42409992      10.30599976       7.19439983       6.74157476       6.23109984       6.81404984       6.36597490       5.40210009       3.43079996       2.70980000       1.98099995       0.86971003       0.33906001       0.49520001       0.18621001       0.24788750       0.27756750       0.26781250
       0.36929250       0.36238750       0.57250625       0.88305626       0.54763875       0.80130626       0.45411250       0.51507624       0.76874375       0.63166874       0.78536874       1.09374440       1.19908847       1.26250534       1.17865096       1.24206784       1.05286940       1.15821346       1.22163034       1.13777596
       1.20119284       1.34741191       1.47424567       1.30653691       1.43337066       1.01199439       1.11733846       1.18075534       1.09690096       1.16031784       0.97111939       1.07646346       1.13988034       1.05602596       1.11944283       1.26566190       1.39249566       1.22478690       1.35162066       1.53692503
       1.57632501       1.45517503       1.49457501       0.95483814       1.04788533       1.11130221       1.05204158       1.11545845       0.96315063       1.05619782       1.11961470       1.06035407       1.12377095       1.20850565       1.33533940       1.21681814       1.34365190       0.97146312       1.06451032       1.12792719
       1.06866656       1.13208344       0.97977562       1.07282281       1.13623969       1.07697906       1.14039593       1.19134407       1.25476095       1.19550032       1.25891720       1.35196439       1.19965657       1.26307344       1.20381281       1.26722969       1.36027688       1.42261252       1.46201250       1.43923751
       1.47863749       1.59454998       1.56894997       1.52942497       1.57032496       1.52730000       2.70370007      15.01700020      10.89700031      10.49899960      10.83399963       7.55987477       6.73434985       6.31797481       6.50512493       6.73164994       6.63402492       6.59417492       6.59282497       6.54401246
       6.52408746       6.52341248       6.49900623       6.48904373       6.47713749       6.40998745       6.05953753       6.43199372       6.25676876       6.44299686       6.35538438       6.42112812       6.35685939       6.25971878       6.06543756       6.47956246       6.46678123       6.46039061       6.44848438       6.43745314
       6.37160937       6.42090628       6.28921875       6.38781255       6.12443751       6.42698750       6.36271876       6.35011250       6.37296250       6.27143753       6.24622500       6.29192501       6.08887506       6.03845000       6.12985003       5.67687511       4.68525010       5.72375011       4.73212510       2.48749995
       2.65919995       1.84350002       0.18291000       0.04235700       0.52696925       0.62647501       0.73118500       0.56127251       0.45408501       0.38285751       0.38888251       0.38707563       0.44937063       0.38803313       0.28046688       0.50744750       0.52942625       0.56861125       0.64924375       0.68842875
       0.51166563       0.57396062       0.34276188       0.43170906       0.46285656       0.34725719       0.37840469       0.68270375       0.72531687       0.74490938       0.69886813       0.71846063       0.51722812       0.59482375       0.43277625       0.51208594       0.55088375       0.46986000       0.50865781       0.67241938
       0.69372594       0.70352219       0.68050157       0.69029782       0.58968156       0.62847938       0.54745563       0.58625344       0.66727719       0.67707344       0.62505125       0.66384907       0.60779625       0.65020625       0.72761375       0.76679876       0.74826125       0.83438812       0.91123811       0.89268437
       0.96953437       0.79728063       0.87413062       0.85557688       0.93242688       0.95098062       0.99404406       1.03246905       1.02319218       1.06161718       0.97549031       1.01391531       1.00463844       1.04306343       1.05234031       1.09076531       1.08148843       1.11991343       0.76450188       0.78409438
       0.73805313       0.75764563       0.80368688       0.82327938       0.77895219       0.78874844       0.76572782       0.77552407       0.79854469       0.80834094       0.78532032       0.79511657       0.71331844       0.72311469       0.70009407       0.70989032       0.73291094       0.74270719       0.71968657       0.72948282
       0.68515563       0.70474813       0.75250344       0.76229969       0.73927907       0.74907532       0.77038188       0.72434063       0.74393313       0.85890032       0.89732532       0.84567594       0.88410094       0.93575031       0.97417531       0.92252594       0.96095094       0.83245157       0.87087657       0.81922719
       0.85765219       0.92190188       1.01260031       1.05102531       0.99937594       1.03780094       1.10205062       0.99875188       1.07560187       0.81860313       0.89545313       0.79215438       0.86900438       0.99750375       0.95430155       1.01771843       0.98344967       1.02187467       1.08113530       1.14455218
       1.08529155       1.14870843       1.01259780       1.05102280       1.04174593       1.08017092       1.12323436       1.24175562       1.36858938       1.25006812       1.37690187       1.07089405       1.10931905       1.10004218       1.13846718       1.18153061       1.16297687       1.23982686       1.32595373       1.45586249
       1.49526247       1.47248748       1.43248749       1.20410124       1.35780124       1.15120374       1.10043124       1.16373000       1.40387499       1.44477499       1.08373001       1.40380001       1.62469995       3.56100011      14.11100006       9.87870026       8.03509998       5.33839989       6.27750015       5.79487503
       5.62290001       5.98230004       5.76512504       5.58960009       5.58909988       2.64510012       1.75680006       0.91571999       0.47267250       0.62323500       0.51042750       0.59024750       0.45580000       0.39783126       0.31163626       0.26013876       0.29924063       0.32546813       0.29971938       0.32594688
       0.41231875       0.32860125       0.51702375       0.43330625       0.27368000       0.29990750       0.32603250       0.35226000       0.32613500       0.33271750       0.34583125       0.35889375       0.37200750       0.35884250       0.37195625       0.38501875       0.39813250       0.38507000       0.39818375       0.41124625
       0.42435999       0.37838500       0.38496750       0.39808125       0.41114375       0.42425750       0.43073750       0.43731999       0.45043374       0.46349624       0.47660999       0.41119500       0.42430875       0.43737124       0.45048499       0.45706749       0.48319249       0.50941999       0.36409125       0.41654625
       0.35169563       0.37792312       0.35217437       0.37172531       0.38483906       0.37196469       0.38507843       0.40415062       0.43037812       0.39795281       0.41106656       0.39819218       0.41130593       0.42418031       0.43729406       0.42441968       0.43753343       0.41564281       0.36185969       0.41612156
       0.36233844       0.30807656       0.25429344       0.30855531       0.25477219       0.41660031       0.37614328       0.34925172       0.37638265       0.34949109       0.43040515       0.40351359       0.43064452       0.40375296       0.37662203       0.34973046       0.37686140       0.34996984       0.32236015       0.29546859
       0.32259953       0.29570797       0.26857703       0.24168547       0.26881640       0.24192484       0.30951281       0.25572968       0.35894500       0.37205875       0.38512125       0.39823500       0.38517250       0.39828625       0.41134875       0.42446249       0.43094249       0.45716999       0.43104499       0.45727249
       0.48339749       0.47573749       0.52258499       0.50726499       0.42655093       0.37276781       0.44501593       0.39123280       0.30132562       0.44582186       0.33825561       0.20051032       0.23165781       0.21431516       0.18742360       0.21455453       0.18766297       0.16053203       0.17610578       0.16077141
       0.13387985       0.26280531       0.30727891       0.32285265       0.26505297       0.28062672       0.19167953       0.20725328       0.14945360       0.16502734       0.22282703       0.23840078       0.18060109       0.19617484       0.21479391       0.18790234       0.21503328       0.18814172       0.14768469       0.20194656
       0.14816344       0.09390156       0.12504906       0.09438031       0.04059719       0.35003844       0.38883625       0.30781250       0.34661031       0.42763406       0.46643188       0.38540813       0.42420594       0.26387250       0.34146813       0.50351563       0.58111125       0.41906375       0.49665938       0.17599250
       0.33118375       0.19375937       0.08619312       0.23068936       0.18582187       0.26876500       0.65527876       0.69446376       0.48637501       0.64156626       0.79090626       0.94460625       0.73800876       0.68723626       0.57914751       0.65479001       0.73976250       0.64899001       0.55324501       0.59834000
       1.49600005       1.71190000       3.44039989      11.29599953       9.65660000       7.73559999      11.02000046       4.57679987       7.20370007       7.38850021       5.20520020       2.72169995       1.36240005       0.33392999       0.57287248       0.65269248       0.69199248       0.72168247       0.71144748       0.61148498
       0.77674748       0.62172874       0.53276437       0.49090562       0.58511687       0.54325812       0.65295123       0.63746936       0.59298718       0.57205780       0.61916342       0.59823405       0.65308061       0.64533967       0.62441030       0.65314530       0.65058655       0.46344499       0.47655874       0.48962124
       0.50273499       0.48967249       0.50278624       0.51584874       0.52896249       0.51579749       0.52891124       0.54197374       0.55508749       0.56166999       0.53554499       0.56177249       0.58789749       0.58023749       0.56814999       0.58126374       0.59432624       0.60743999       0.61402249       0.64014748
       0.63248748       0.61176498       0.68744623       0.68232873       0.72009623       0.71497873       0.67032811       0.66776936       0.68665311       0.68409436       0.66521061       0.66265186       0.68153561       0.67897686       0.70297811       0.70041936       0.71930311       0.71674436       0.70474374       0.75274623
       0.74762873       0.78539623       0.78027873       0.73562811       0.73306936       0.75195311       0.74939436       0.73739374       0.76827811       0.76571936       0.78460311       0.78204436       0.77004374       0.64635061       0.63869061       0.67900061       0.63263186       0.62417123       0.70479124       0.61205374
       0.55951498       0.54419498       0.59644498       0.58112498       0.44743373       0.59513249       0.53494499       0.35769874       0.46802250       0.44521000       0.49686500       0.49522001       0.71503001       1.09850001       1.69749999       2.18050003      12.59399986       9.91030025      10.76900005       4.59770012
       5.66069984       6.28100014       5.76160002       2.44910002       3.47210002       2.06080008       0.68551999       0.47159749       0.50128749       0.66654999       0.39109000       0.55635250       0.31688500       0.23721250       0.81804623       0.81292874       0.76294749       0.84557874       0.80092811       0.79836936
       0.81725311       0.81469436       0.79581061       0.79325186       0.81213561       0.80957687       0.84046124       0.82846062       0.82590187       0.84478562       0.84222687       0.72161499       0.87311124       0.86111062       0.85855187       0.87743562       0.87487687       0.81801249       0.90064374       0.77695062
       0.73058187       0.80960062       0.76323187       0.67735375       0.84568031       0.82249593       0.86200531       0.83882093       0.79588187       0.87833031       0.85514593       0.89465531       0.87147093       0.82853187       0.74265375       0.57581125       0.74511062       0.82774187       0.65440562       0.73703687
       0.39440125       0.55966375       0.90037875       0.87719437       0.85502625       0.87231624       0.85401000       0.83082562       0.84913187       0.82594750       0.79564250       0.84425374       0.82106937       0.79890124       0.81619124       0.79361000       0.74724125       0.78385375       0.73748500       0.70493750
       0.75354875       0.77083874       0.70819625       0.72548625       0.61423250       0.64881250       0.78812874       0.76494437       0.74277624       0.76006624       0.72772875       0.69742374       0.71471374       0.65207125       0.66936124       0.71797249       0.57089750       0.51071001       0.67281000       0.58007251
       0.65329750       0.56056000       0.53045501       0.56949002       0.75007999       0.23777001       1.21860003       1.10720003       3.14870000      12.59399986       8.86750031      10.93700027       5.94630003       6.71910000       6.56230021       5.41179991       3.44390011       2.38400006       1.91040003       0.50746000
       0.53239500       0.45272250       0.55406000       0.57968750       0.21299125       0.37825375       0.32074625       0.19684375       0.52352750       0.55810750       0.43282250       0.46740250       0.60671875       0.62400874       0.56136625       0.57865625       0.64129874       0.65858874       0.59594624       0.61323624
       0.50198250       0.55059374       0.56788374       0.50524125       0.52253124       0.31405500       0.41127750       0.45988875       0.47717874       0.41453625       0.43182625       0.32057250       0.35515250       0.33188250       0.23295500       0.28002250       0.31460250       0.28962750       0.32420750       0.25216500
       0.32132500       0.66184749       0.61547875       0.57114249       0.60572249       0.54104750       0.49446874       0.51175874       0.44911624       0.46640624       0.51501749       0.40376374       0.42105374       0.35841125       0.37570124       0.42431249       0.52153499       0.49143000       0.33813625       0.35542625
       0.34293875       0.36022875       0.37271625       0.39000625       0.37751875       0.39480875       0.35878750       0.38232125       0.39961125       0.38712375       0.40441375       0.41834250       0.45292250       0.42794750       0.43638500       0.36839250       0.39192625       0.40921625       0.39672875       0.40094750
       0.37799750       0.38846000       0.39267875       0.38019125       0.38441000       0.41141000       0.41984750       0.39487250       0.40331000       0.49377374       0.55514875       0.46069875       0.55050124       0.61418001       0.58300502       0.64488751       0.61371251       0.34071001       0.15942000       1.47529995
       1.00080001       2.47900009       8.86750031       8.86750031      10.95100021       6.16130018       6.39230013       6.77089977       2.97070003       3.00160003       3.16400003       0.92741001       0.44026750       0.29342000       0.51361251       0.22212750       0.48281749       0.60705499       0.47673499       0.57143373
       0.63355248       0.56839248       0.61574185       0.64680123       0.61422123       0.64528060       0.61986874       0.52125875       0.63995936       0.59065436       0.65000467       0.62535217       0.64848404       0.62383154       0.58761311       0.51517624       0.44108874       0.55056936       0.60530967       0.63636904
       0.58900717       0.62006654       0.51796436       0.58008311       0.37587875       0.50011624       0.63957248       0.61491998       0.62326998       0.59861748       0.56978998       0.58648998       0.53718499       0.47952999       0.51292999       0.41432000       0.37030251       0.27137500       0.34053500       0.29058501
       0.30746001       0.29901001       0.25534751       0.27222251       0.30872751       0.23482251       0.36146000       0.37192250       0.37614125       0.36365375       0.36787250       0.34492250       0.35336000       0.38036000       0.38457875       0.37209125       0.37631000       0.38677250       0.36382250       0.36804125
       0.35555375       0.35977250       0.37023500       0.32838500       0.33682250       0.31184751       0.32028501       0.34728500       0.35150375       0.33901625       0.34323500       0.35369750       0.33074750       0.33496625       0.32247876       0.32669751       0.33716000       0.42762375       0.51742624       0.39454875
       0.48435125       0.29422876       0.30266626       0.27552876       0.28396626       0.31366938       0.31788813       0.30431938       0.30853813       0.31954126       0.29496938       0.29918813       0.28561938       0.28983813       0.30084126       0.25682876       0.26526626       0.23812876       0.24656626       0.27626938
       0.28048813       0.26691938       0.27113813       0.28470688       0.28892563       0.27535688       0.27957563       0.25500376       0.26600688       0.27022563       0.25665688       0.26087563       0.36495626       0.45475875       0.31163313       0.36217938       0.29293313       0.34347938       0.42864876       0.63559249
       0.60441750       0.57640750       0.61399250       0.48345000       0.63888001       1.37370002       1.67970002       1.46609998       8.86750031      10.95100021       7.35480022       7.35480022       5.17309999       4.97079992       5.28450012       6.20870018       3.10520005       1.33270001       0.80084002       0.34018251
       0.36581001       0.47058750       0.42767500       0.40577000       0.35184500       0.46763500       0.49202750       0.21429751       0.23630376       0.24730688       0.25152563       0.23795688       0.24217563       0.21760376       0.22860688       0.23282563       0.21925688       0.22347563       0.26767750       0.19890376
       0.20990688       0.21412563       0.20055688       0.20477563       0.22559376       0.19120688       0.19542563       0.20455188       0.18607563       0.27423313       0.32477938       0.25553313       0.30607938       0.39124876       0.23683313       0.28737938       0.21813313       0.26867938       0.35384876       0.33776875
       0.26063938       0.22207469       0.20359844       0.24377532       0.22529907       0.30404063       0.26547594       0.24699969       0.28717657       0.26870032       0.42457125       0.34744188       0.30887719       0.29040094       0.33057781       0.31210156       0.39084313       0.35227844       0.33380219       0.37397906
       0.35550281       0.23048376       0.28103001       0.27388500       0.32443126       0.37855001       0.31728625       0.36783250       0.36068750       0.41123375       0.46535251       0.52418751       0.56177251       0.57359001       0.59916501       0.74343997       0.85021001       1.93280005       1.85560000       2.00219989
      10.95100021       7.35480022       7.35480022       4.27790022       4.27790022       4.84380007       5.58920002       5.08860016       3.22449994       1.66830003       0.68471998       0.40312999       0.48460499       0.50254874       0.50696125       0.51103374       0.51544624       0.33411749       0.51976249       0.52082874
       0.52303499       0.52531499       0.52752124       0.52873498       0.52980123       0.53200749       0.53428748       0.53649373       0.50814937       0.47119687       0.51239187       0.51459812       0.43424437       0.39567969       0.37720344       0.41738031       0.39890406       0.47603344       0.45755719       0.49773406
       0.47925781       0.43908094       0.42060469       0.46078156       0.44230531       0.51663437       0.51884062       0.52087687       0.52147093       0.52257406       0.52359218       0.52469531       0.51943468       0.50095843       0.52155593       0.52265906       0.48409437       0.52367718       0.52478031       0.52579843
       0.52690156       0.52749562       0.40408875       0.45463500       0.44749000       0.49803625       0.55215500       0.53786500       0.46775250       0.52524124       0.52577437       0.52687749       0.52801749       0.52912062       0.52805436       0.52915749       0.53029749       0.53140061       0.53026062       0.53136374
       0.53250374       0.53360686       0.52965374       0.53185999       0.53413999       0.60025750       0.53254061       0.53364374       0.53478374       0.53588686       0.53641999       0.53702686       0.53812999       0.53926998       0.57232874       0.60481749       0.66979501       0.47249800       0.40238550       0.60929301
       0.35605400       0.40478501       0.43036000       0.27405100       0.29962600       0.63301998       0.68430001       1.43690002       1.61740005       1.61740005       7.35480022       7.35480022       5.89260006       5.89260006       5.89260006       6.24749994       7.16319990       3.03870010       2.25359988       1.64639997
       0.31075001       0.07710000      -0.02378750       0.08048251      -0.01180500       0.25361374       0.44153873       0.26258623       0.45051123       0.53770748       0.53877373       0.53930686       0.54040998       0.54154998       0.57460874       0.54325998       0.57574873       0.60880749       0.60994749       0.64300624
       0.54333372       0.54553998       0.54781997       0.61393748       0.57802873       0.61108749       0.61222748       0.64528624       0.64414624       0.67720500       0.67834499       0.71140375       0.64642624       0.67948499       0.68062499       0.71368375       0.74617250       0.26857748       0.45650248       0.27158749
       0.45951248       0.54429872       0.61041623       0.54580372       0.53497622       0.67886437       0.71192312       0.64114436       0.67420312       0.74265125       0.60342436       0.63648311       0.56570435       0.59876311       0.66721124       0.54730873       0.53881185       0.53339810       0.53956435       0.53415060
       0.54881373       0.54031685       0.53490310       0.54106935       0.53565560       0.52798435       0.56104311       0.52873685       0.52332310       0.59177124       0.52715873       0.51633123       0.57346874       0.60652749       0.60766749       0.64072625       0.67321500       0.67549500       0.74161251       0.80659002
       0.74389251       0.81001002       0.81229001       0.87840752       0.94338503       0.68786602       0.80410751       0.93634253       0.65322750       0.78546252       0.67378102       0.06494400       0.42170000       0.31244001       1.78110003       1.44659996       1.44659996       5.89260006       5.89260006       5.89260006
       5.89260006       5.89260006       6.58549976       4.74020004       1.78550005       2.91219997       1.61549997       0.70832002       0.39018251       0.29789500       0.34299501       0.43608501       0.27459749       0.46252249       0.42944750       0.46553249       0.55031873       0.54182186       0.53640810       0.54257436
       0.53716061       0.55182373       0.54332686       0.53791311       0.54407936       0.53866561       0.52866373       0.51783623       0.53016873       0.51934123       0.55332874       0.54483186       0.53941811       0.54558436       0.54017061       0.55483374       0.54633686       0.54092311       0.54708936       0.54167561
       0.53167374       0.52084623       0.53317874       0.52235124       0.49854250       0.53462749       0.48188250       0.51796750       0.53632249       0.53783374       0.53241999       0.51856999       0.51315624       0.52799249       0.49930624       0.49389249       0.49514124       0.47462874       0.51466749       0.50383999
       0.47613999       0.46531249       0.51966249       0.49097624       0.47046374       0.48681124       0.46629874       0.51133249       0.48264624       0.46213374       0.47848124       0.45796874       0.43761249       0.42678499       0.42928249       0.38825750       0.50234748       0.63458250       0.50535749       0.48370248
       0.37202099       0.46833499       0.44667999       0.39127999       0.36962499       0.37160749       0.37151000       0.32872000       0.49577999       1.42850006       1.42850006       1.44659996       5.89260006       5.89260006       5.89260006       5.15030003       5.15030003       5.15030003       5.89599991       2.34500003
       2.72539997       1.41890001       0.12200000       0.36797001       0.46106001       0.32013251       0.41322251       0.46522250       0.50130750       0.47771000       0.48464750       0.50300250       0.47431625       0.45380375       0.47015125       0.44963875       0.49467250       0.46598625       0.44547375       0.46182125
       0.44130875       0.42095250       0.37992750       0.41262250       0.37159750       0.48634250       0.45765625       0.43714375       0.45349125       0.43297875       0.47801250       0.44932625       0.42881375       0.44516125       0.42464875       0.40429250       0.36326750       0.39596250       0.35493750       0.45379125
       0.47407563       0.47754437       0.44391312       0.48944437       0.39346625       0.45581312       0.50134437       0.46771312       0.51324436       0.47979750       0.44605375       0.42554125       0.45200375       0.43149125       0.49897875       0.47846625       0.50492874       0.48441624       0.45795375       0.43744125
       0.46390374       0.44339124       0.39774750       0.35672250       0.40964750       0.36862250       0.51087874       0.49036624       0.51682874       0.49631624       0.46257249       0.52277874       0.50226624       0.52872874       0.50821624       0.47447249       0.40698499       0.31422500       0.29257000       0.29756500
       0.21551500       0.21749750       0.30113500       0.21908500       0.32493499       0.32951001       0.25111751       0.67492002       0.68190002      -0.00166330      -0.00166330       1.42850006       1.42850006       5.89260006       6.91379976       6.91379976       6.91379976       6.91379976       6.91379976       4.58080006
       2.52749991       2.60380006       1.44439995       0.53652000       0.19948250       0.29257250       0.22531000       0.22531000       0.41726624       0.47961311       0.51078655       0.53355217       0.51673655       0.53950217       0.49151311       0.52268655       0.54545217       0.52863654       0.55140217       0.44106624
       0.50341311       0.53458654       0.55735217       0.54053654       0.56330216       0.51531310       0.56084435       0.53467874       0.51416624       0.54062873       0.52011623       0.48637248       0.53929748       0.49827248       0.43078498       0.55847873       0.53796623       0.56442873       0.54391623       0.51017248
       0.57037872       0.54986623       0.57632872       0.57747248       0.56538498       0.54120999       0.58955997       0.58955997       0.58955997       0.58955997       0.58955997       0.58955997       0.58955997       0.58955997       0.58955997       0.58955997       0.58955997       0.58955997       0.58955997       0.58955997
       0.58955997       0.58955997       0.58955997       0.58955997       0.58955997       0.58955997       0.58955997       0.58955997       0.58955997       0.58955997       0.58955997       0.58955997       0.58955997       0.58955997       0.58955997       0.58955997       0.58955997       0.58955997       0.49286001       0.47196752
       0.60786003       0.60786003       0.50599003       0.50599003      -0.00166330      -0.00166330      -0.00166330       1.42850006
