      23.19851176      23.60383352      23.44292323      22.18488185      21.14991824      20.88680204      18.21253935      18.61676470      17.49958388      16.36446444      15.40616020      14.66009029      14.28437932      14.28437932      14.29269751      13.90576843      13.36056391      13.36056391      13.36056391      13.36056391
      13.36056391      13.36056391      13.36056391      13.36056391      13.36056391      13.36056391      13.36056391      13.36056391      13.36056391      13.36056391      13.36056391      13.36056391      13.36056391      13.36056391      13.36056391      13.36056391      13.36056391      13.36056391      13.36056391      13.36056391
      13.36056391      13.36056391      13.36056391      13.36056391      13.36056391      13.36056391      13.36056391      13.36056391      13.63316617      13.49686504      13.42871448      13.37097602      13.39180022      13.33406176      13.42303653      13.35488596      13.29714750      13.31797170      13.26023324      13.48550914
      13.34920801      13.28105744      13.22331898      13.24414318      13.18640472      13.27537949      13.20722892      13.14949046      13.17031466      13.11257620      13.32242750      13.31998319      13.24859898      13.24615468      13.27940247      13.17477046      13.17232616      13.10094195      13.09849764      13.13174544
      13.34100946      13.34100946      13.19824104      13.22028510      13.78218349      13.99014775      13.47090085      13.21075710      14.14372079      23.94967651      23.25079536      23.32356326      21.43749619      20.95533848      20.73446369      19.11994966      18.38126183      18.21379916      16.03788980      14.89150604
      14.31765207      14.18749444      13.80056536      14.23612539      13.73095600      13.33785210      13.20155097      13.13340041      13.07566194      13.09648615      13.03874768      13.12772245      13.05957189      13.00183342      13.02265763      12.96491916      13.28525056      13.05389393      12.93841701      13.02759317
      12.86458849      13.02711343      13.02466912      12.97235312      12.97113096      12.93543886      12.93421670      12.95084060      12.98408840      12.89852460      12.89730244      12.86161034      12.86038818      12.87701208      12.82469608      12.82347393      12.78778182      12.80927831      12.84862086      12.92730596
      13.25044588      13.01019082      12.84718615      13.00168691      12.83868223      13.23343805      12.90742870      12.79008161      12.81157810      12.78582965      12.83037328      12.83307459      12.85457109      12.85186978      12.87336627      12.80172353      12.87066496      12.89216145      12.86641300      12.91095664
      12.89621342      12.93920641      12.93380379      12.97679678      12.79321962      12.86216105      12.90670468      12.85790909      12.90245272      12.78471570      12.85365713      12.89820077      12.84940517      12.89394881      12.97139415      13.01438714      12.94274440      12.98728803      12.93849244      12.98303608
      13.05197751      13.08467615      13.10672021      13.02249108      13.10847706      13.09767181      13.18365779      13.12511849      12.85811202      13.59244553      13.93143066      13.63452721      13.93485626      23.47836049      23.83279037      23.40166028      21.25865682      21.16749223      20.93288898      18.63917923
      18.82234192      17.28637600      16.71791967      15.17324988      14.72258202      14.15350413      13.64833474      13.78065932      13.27548993      13.21643023      12.89042087      13.17511960      12.87341305      12.77621179      12.86529906      12.76770787      12.85679514      12.93424049      12.97878412      12.92998853
      12.97453216      13.04347359      12.92573657      12.97028021      12.92148461      12.96602825      13.01482384      13.05936747      13.01057188      13.05511552      12.79949564      12.93737850      13.00631993      13.05086356      13.00206797      13.04661160      12.92887458      12.99781601      13.04235965      12.99356405
      13.03810769      12.67207682      12.74026284      12.89925818      12.98834545      12.84852929      12.93761656      12.63880506      12.81697960      13.13256086      13.17555385      13.12405695      13.21314421      13.25883851      13.11555303      13.20464030      13.08690328      13.13144691      13.08265132      13.12719496
      13.19613639      13.33401924      13.27547995      13.06784312      13.11238676      13.04247868      13.08702231      13.15693039      13.20147402      13.13156595      13.17610958      13.02670383      13.10620150      13.15074514      13.08083706      13.12538069      13.25560725      13.34469452      13.19528877      13.23983240
      13.16992433      13.15606241      13.17715454      12.97597494      13.06506221      12.92524605      12.89752223      13.08615433      13.07229242      13.00238434      12.98852243      13.05843051      13.04456859      12.97466051      12.96079860      12.86979840      12.89089052      12.87702861      12.80712053      12.79325861
      13.24243203      13.32522805      12.99343734      12.98880676      12.82589736      12.82126678      12.89809089      13.44107199      13.36857108      13.23585349      13.16335259      13.12459898      13.47168112      13.53741376      14.17198626      23.79415576      23.97917175      23.85338338      21.97804674      21.09278520
      21.45530891      19.41785685      17.97611427      18.57028103      16.04191573      14.04222298      13.37110305      12.58259392      12.46916127      12.57570567      12.35523246      12.22815466      12.66007416      12.70225841      12.72335054      12.70948862      12.63958055      12.62571863      12.53471843      12.55581055
      12.54194864      12.47204056      12.45817865      12.32499420      12.36717845      12.33945462      12.19963846      12.17191463      12.65835738      12.65372679      12.53386004      12.53154474      12.45009004      12.44777475      12.48618681      12.56301092      12.36632005      12.36400476      12.28255006      12.28023477
      12.31864682      12.19878007      12.19646477      12.11501008      12.11269478      12.15110684      12.22793095      12.15121869      12.11275071      12.08502688      12.10651519      12.04811803      12.13874765      12.02195332      12.07772483      12.07540954      12.05927041      12.08460905      12.07309425      12.07077896
      12.08229376      12.07997847      12.04425809      12.09149327      12.08917798      12.07303884      12.09837749      12.07190577      12.06727519      12.09030479      12.08567421      12.00734923      12.05458441      12.07992306      12.03612999      12.06146863      11.97044038      12.01767556      12.04301420      11.99922113
      12.02455978      12.10870381      12.10407323      12.07179496      12.12247225      12.38157918      12.30907828      12.06952882      12.06026765      12.10632686      12.09706569      12.20245125      14.16882070      13.38735914      13.94524209      14.04155413      24.33040492      23.88034630      23.23250771      22.12726943
      21.81552442      20.82075818      18.54219659      19.94921430      17.62328529      15.11698055      13.92940640      13.28985723      12.58133864      12.33029038      12.20321258      12.28968330      12.19693991      12.06492994      11.94813561      11.99111223      11.92197091      11.86357375      11.88506206      11.82666489
      11.93353152      11.98076670      12.00610535      11.96231228      11.98765092      11.89662267      11.94385785      11.96919649      11.92540342      11.95074207      12.03488610      12.08556339      11.99797725      12.04865454      11.85971381      11.90694899      11.93228764      11.88849457      11.91383321      11.81936285
      11.84470149      11.80090842      11.82624707      11.87004014      11.89537878      11.85158571      11.87692436      11.96106839      12.01174568      11.92415954      11.97483683      11.98797590      11.88349389      11.82509673      11.91726641      11.85886924      12.05552093      11.95103893      11.89264176      11.98481145
      11.93257044      11.90337186      11.94945670      11.92025812      11.79165848      11.81699713      11.80854474      11.81695167      11.85498237      11.82543100      11.83383793      11.84231726      11.85072419      11.85489146      11.93095285      11.85920352      11.86761045      11.87608978      11.88449671      11.88866398
      11.89297604      11.90138297      11.90986229      11.91826923      11.92243650      11.93077103      12.14312490      12.13386373      12.06930719      12.17066177      12.27604733      12.08289381      12.31266356      12.69809087      13.81649780      13.39558713      13.65660063      23.58727996      24.19482740      23.34846179
      21.91444969      21.37834009      21.22027206      20.70851707      19.20883973      18.98411783      16.91727956      13.77521340      13.17829887      12.64999219      12.37667151      12.54197401      12.30561961      12.19809166      12.18405554      12.07652759      12.16161561      12.09349686      12.10828141      12.02946301
      12.05655989      12.06395217      12.02454297      12.03193524      12.09056370      11.98303575      12.02627264      11.97250866      11.96549060      11.98819098      11.99520904      12.01790942      12.00129569      12.01264588      12.00913685      12.02048704      12.02399607      12.03534626      12.03183723      12.04318742
      12.00963603      12.01702831      12.02531835      12.03900936      12.04270549      12.04685051      12.05859157      12.02442058      12.02202175      12.02571789      12.03790783      12.04160397      12.04640163      12.05009777      12.06228771      12.06598385      12.05379391      12.05749005      12.06967999      12.07337613
      12.03120956      12.04295062      12.03905072      12.05079178      12.05469167      12.06643273      12.06253283      12.07427389      12.04689188      12.05863294      12.05473304      12.06647410      12.08016510      12.08796490      12.09535717      12.10364722      12.12712933      12.13537829      12.07698113      12.10336137
      12.11075365      12.01858396      11.96634296      11.93714438      11.98322922      11.95403064      12.05851264      12.02931406      12.07539890      12.04620032      12.00011548      11.97091690      12.01700174      11.98780316      12.07134445      12.07873672      12.03932752      12.05287596      12.05657210      12.03686750
      12.04056364      12.09228516      12.06308658      12.07627670      12.07997284      12.02773184      12.06026824      12.06396438      12.04425978      12.04795592      12.06150435      11.93939515      11.95620901      11.97316767      11.98998153      11.99831607      12.03223338      12.06586111      12.02941403      12.03311017
      12.04530011      12.04899625      12.03680631      12.04050245      12.05269239      12.05638852      12.07097730      12.07836957      12.05398969      12.06138197      12.08576185      12.09315413      12.12233167      12.13711622      12.09777805      12.13140578      12.16132237      12.19495009      12.08253018      12.31229993
      12.21361953      12.34110874      12.38713217      12.66758251      13.78979143      13.99718157      23.80227598      22.82036559      23.20812575      21.21678766      21.73853906      20.13457712      20.60398388      19.08742809      18.69007556      16.09245650      13.58838423      13.12435273      12.78559079      13.02529385
      12.75258827      12.29884587      12.06249147      12.01223652      11.95847254      11.95145449      11.97415486      11.94092740      11.96713681      11.98024151      11.99159170      11.98808267      11.99943286      11.98281913      11.99592383      12.00727402      12.00376499      12.01511518      12.34324880      12.09987634
      12.43181036      12.18843790      11.96739992      11.99010029      12.01168069      12.03438107      12.01280067      12.01875576      12.03010595      12.04089615      12.05224634      12.04033616      12.05168635      12.06247655      12.07382674      12.06303654      12.07438673      12.08517693      12.09652712      12.05596147
      12.07866185      12.10024225      12.12294263      12.08461694      12.09596713      12.10675733      12.11810752      12.12406261      12.12889772      12.14024791      12.15103811      12.16238829      12.16834339      11.98117292      11.99427763      12.00562782      12.00211879      12.01346898      11.98725957      11.99860976
      11.99510073      12.00645092      12.00995995      12.02131014      12.01780111      12.02915130      12.01697801      12.02832820      12.02481917      12.03616936      12.04927406      12.04225600      12.06495638      12.00294189      12.01429208      12.01078305      12.02213324      12.03523794      12.02821988      12.05092026
      12.07712967      12.07236531      12.09584742      12.08804763      12.11152974      12.13891175      12.12331217      12.17027639      12.05820143      12.08090181      12.10248221      12.12518259      12.13709277      12.18025357      12.09315711      12.11854094      12.22504042      12.27345270      12.21246940      12.32051380
      12.42364669      12.81332612      12.54414996      13.24286238      13.74693823      25.36819267      23.61948172      23.36877282      23.08643945      22.03453890      21.20091057      20.04585075      19.84398778      18.63691044      15.76983388      13.37897786      12.93317777      12.66047219      12.90821721      12.59492304
      12.52037191      12.27699945      12.47431388      12.36556101      12.14452302      12.16722340      12.18880380      12.21150418      12.17317849      12.18452868      12.19531888      12.20666907      12.21262416      12.21745927      12.22880946      12.23959966      12.21782555      12.19065633      12.23308458      12.23903967
      12.25038986      12.26118006      12.23940594      12.27736536      12.25019614      12.22842203      12.23921223      12.21743812      12.22861575      12.20684163      12.21763183      12.19585772      12.16868851      12.19026890      12.14672068      12.44153930      12.33278643      12.42204818      12.23225018      12.27171340
      12.23638625      12.21461214      12.24171820      12.21994409      12.22144527      12.24705016      12.22527604      12.22191609      12.23060800      12.18461694      12.14106872      12.19528085      12.15173262      12.17117715      12.19678203      12.20547393      12.17164797      12.18033987      12.12090903      12.14651391
      12.15520581      12.12137985      12.13007175      12.20594476      12.16239653      12.15567663      12.17306044      12.13631791      12.04922146      12.09238225      12.00528580      12.03066963      12.08107833      11.99398188      12.10240614      12.01530969      11.99851167      12.08942620      12.35480285      12.48229206
      12.28864290      12.35109107      12.33921885      13.03011131      12.83694816      13.99366442      25.29836591      23.58626588      23.17761866      24.30895201      22.16687234      20.12451744      19.47285080      18.96665446      15.93155511      14.23725510      13.46336778      12.86923498      12.55594081      12.73142352
      12.41906869      12.32151193      12.13171394      12.22097569      12.03117769      12.07064090      12.09624579      12.10493769      12.07111172      12.07980363      12.02037278      12.04597766      12.05466956      12.02084360      12.02953550      12.10540851      12.12279231      12.05514039      12.07252419      11.97010465
      11.99570954      12.00440144      11.97057548      11.97926738      11.91983653      11.94544141      11.95413332      11.92030735      11.92899926      12.00487226      12.02225607      11.96282522      11.97151712      11.93769116      11.94638306      11.97198794      12.15253963      11.96274163      12.11620377      12.05384960
      11.91747946      11.93486326      11.96303344      11.98041725      11.93651262      11.94520452      11.95928961      11.96798151      11.96963087      11.98206660      11.99075851      12.00484360      12.01353550      12.01518485      12.00858742      12.02597123      12.05414141      12.07152521      12.02762059      12.03631249
      12.05039758      12.05908948      12.04500439      12.05369629      12.06778138      12.07647328      12.08890902      12.09055837      12.09925027      12.11333536      12.12202727      12.12373396      12.03663750      12.02319771      12.05796532      12.04116730      12.01848357      12.05325118      12.07812264      12.09550644
      12.10794218      12.11663408      12.13071917      12.09730707      12.05685243      11.97594314      12.02981227      12.08082329      11.95250423      12.03927480      12.14318935      12.21723177      12.13656559      12.21060801      12.23431650      12.30494679      12.26924122      12.27778359      12.31309873      12.29524595
      12.29951713      12.31717471      12.30824831      12.31400616      12.33617087      12.32798874      12.32871077      12.32461971      12.32498073      12.32293519      12.32181218      12.32961387      12.33797707      12.35470347      12.26592934      12.29359001      12.30742034      12.31317819      12.29703322      12.29096073
      12.27281576      12.26067079      12.22438085      12.20009091      12.32550574      12.33330743      12.30328828      12.33401586      12.34536418      12.28532588      12.34678105      12.36947769      12.24940109      12.37231141      12.38815626      12.59208614      12.41770470      12.43385957      12.38587014      12.81722260
      13.47357432      25.97569656      23.75874551      24.54779689      24.08213011      24.08213011      19.89151732      19.47285080      17.28078842      16.45312182      14.35728582      12.99008640      12.49985909      12.22168863      12.13116428      12.13446300      12.15184680      12.18001698      12.11319278      12.22227225
      12.08862385      12.38704703      12.15051357      12.11139216      12.07798006      12.09206515      12.05865305      12.04456796      12.01115586      12.02524095      11.99182885      12.04636858      12.00591394      11.97250184      11.98658693      11.95317483      11.95137421      11.88455001      11.93908974      11.90567764
      11.91976273      11.88635063      11.84589599      12.00771456      11.94089037      11.96906055      11.90223635      11.90043572      11.86702362      11.88110871      11.84769661      11.83361153      11.80019943      11.81428452      11.78087242      11.83541215      11.76858795      11.87283055      11.91621584      11.83417654
      11.87756182      11.96196676      11.79433970      11.81603234      11.77501269      11.79670533      11.83890780      11.75568568      11.77737832      11.73635867      11.75805131      11.79907097      11.82076361      11.77974396      11.80143660      11.88229309      11.92567838      11.84245625      11.86414890      11.82312924
      11.84482189      11.88702436      11.93318121      11.79953281      11.96690075      11.89768243      11.72761933      11.77100462      11.77669414      11.75116030      11.80850466      11.83019730      11.79858250      11.82027515      11.85188995      11.87358259      11.84196779      11.86366043      11.79454559      11.83793088
      11.83753943      11.78647176      12.04873734      12.09974836      11.96906366      12.01244895      11.93040965      11.97379493      12.05819987      12.12751102      11.89527524      11.91696788      11.88535308      11.90704572      11.94454577      11.87543092      11.89712357      11.86550876      11.88720141      11.91881621
      11.94050885      11.90889405      11.93058670      11.98793105      12.03131634      11.96808674      12.01147203      11.86147185      11.89897190      11.92066454      11.88904974      11.91074238      11.84162754      11.87912758      11.90082023      11.86920543      11.89089807      11.94824243      11.99162771      11.92251287
      11.94420551      11.91259071      11.93428336      11.97178340      12.03094185      12.00665191      11.99125323      11.96696328      12.07893113      12.17755151      11.95037268      12.09118780      12.45741264      12.33431951      12.87207619      12.57783604      25.47499084      24.53154532      23.95886485      24.77019819
      24.77019819      24.77019819      16.50612164      15.61775239      15.61775239      13.91695245      12.98182400      12.76885120      12.66025625      12.92276977      12.71770650      12.48906888      12.38618381      12.52278842      12.43719473      12.38575220      12.45405450      12.41125766      12.38553639      12.41968754
      12.39396627      12.26791708      12.13426868      12.32661883      12.25979463      12.35596971      12.32255761      12.36439959      12.34709501      12.30886944      12.23241830      12.55151354      12.46841706      12.42686882      12.40114756      12.43280150      12.40708024      12.48028242      12.42883989      12.57524426
      12.47235919      12.37963463      12.36233005      12.38556731      12.36826273      12.33933952      12.38581404      12.35120488      12.29335847      12.38630750      12.31708918      12.07951601      11.93568905      11.88462138      12.03383867      11.98277100      12.20139635      12.08669599      11.82178322      11.86516851
      11.87085803      11.84532420      11.90266856      11.92436120      11.89274640      11.91443904      11.95193909      11.88282424      11.90451689      11.87290209      11.89459473      11.92620953      11.94790217      11.91628737      11.93798002      11.93170333      11.86886517      11.90636522      11.92805786      11.89644306
      11.91813570      11.91793998      11.88652090      11.90821355      11.91105831      11.89829139      11.96755924      11.95541427      11.94771493      11.93556996      11.92727465      11.92787062      11.91572564      11.91602362      11.90995114      11.90610147      11.91057767      11.91697870      11.92978077      11.99543631
      11.94980647      11.92427264      11.96446464      11.90414745      12.02475266      11.90411826      11.90138343      11.90585963      11.89132084      11.89579704      11.90754264      11.88125824      11.88573444      11.87119565      11.87567185      11.89021064      11.89468684      11.88014805      11.88462425      11.91649504
      11.92544743      11.89636984      11.90532224      11.85833986      11.87008545      11.87456165      11.86002286      11.86449906      11.83821467      11.84996026      11.85443646      11.83989767      11.84437387      11.87624465      11.88519705      11.85891266      11.86338886      11.84885007      11.85332627      11.86507186
      11.95538491      12.09620003      11.92881344      11.94671824      11.88856306      11.93804554      12.06343041      12.26309514      12.36830123      12.48670030      12.78146760      23.86070061      24.25915209      24.62991714      24.59391721      24.59391721      24.59391721      15.38545450      15.38545450      15.38545450
      13.80517658      12.76623162      13.11553335      12.55939780      12.38729441      12.51879570      12.29634054      12.26002904      12.14532868      12.16907516      12.00853136      11.98450228      11.86386788      11.94425189      11.82361750      11.81808948      11.82704187      11.79796428      11.80691668      11.83878747
      11.84326367      11.82872488      11.83320108      11.84494667      11.81866228      11.82313848      11.80859969      11.82097031      11.84061033      11.77783909      11.78679149      11.75771390      11.78245515      11.80643151      11.81880213      11.80426334      11.81663396      11.83627398      11.80209516      11.81446579
      11.79992699      11.81229761      11.83193763      11.87585324      11.75521884      11.77930630      11.71398729      11.72598080      11.75072204      11.70536502      11.69159218      11.78406044      11.79643106      11.75449551      11.76686613      11.80020453      11.72493057      11.73730120      11.69536564      11.70773626
      11.74967182      11.76204244      11.72010688      11.73247751      11.66755493      11.65720356      11.69054195      11.70291257      11.66097702      11.67334764      11.63658778      11.63141209      11.64378271      11.62110420      11.61421778      11.87989036      11.92937285      11.87121767      11.92070015      12.04608502
      11.82494577      11.84968701      11.76581590      11.79055715      11.85723394      11.70668604      11.73142728      11.65615333      11.66852395      11.62658840      11.63895902      11.67229742      11.73897421      11.91915260      12.32633416      12.27470509      12.31206528      12.60852194      24.57227516      23.84813881
      24.49682999      24.16916339      24.16916339      24.16916339      15.01562119      15.01562119      15.01562119      13.94907554      12.49784708      12.27168413      11.99916255      11.83952494      11.68479946      11.62632338      11.61597200      11.60219916      11.59535623      11.58158338      11.58509183      11.55754614
      11.67023453      11.57780936      11.55026367      11.60447598      11.57693029      11.59702347      11.60939409      11.58671558      11.57982916      11.61316755      11.57640769      11.56952127      11.56609980      11.55921338      11.56263485      11.57500547      11.55232696      11.54544053      11.63790880      11.66265004
      11.57877893      11.60352017      11.54719476      11.54201907      11.53513265      11.53171118      11.52482476      11.52657898      11.52140329      11.51451687      11.51109540      11.50420898      11.51964907      11.54439031      11.50763045      11.50074402      11.49732256      11.49043614      11.48526045      11.69360937
      11.78991664      11.57534964      11.74105745      11.52293775      11.50916490      11.53627106      11.52249822      11.49550194      11.48861552      11.50216860      11.49528218      11.48172910      11.47484268      11.48839575      11.46874637      11.50872537      11.48229945      11.46265007      11.47620315      11.45655377
      11.54938460      11.49653277      11.45723401      11.48434017      11.44504141      11.50548696      11.58834086      11.47458395      11.51810107      11.46848765      11.51200477      11.58032861      11.70861559      11.46239134      11.50590847      11.45629504      11.49981217      11.54942559      11.59294272      11.54332929
      11.58684642      11.46890915      11.53723299      11.58075012      11.53113669      11.57465382      11.65517026      11.73802416      11.64297765      11.73001191      12.01404876      12.17721242      11.87432340      12.04003120      11.85829889      12.02400669      12.11232871      12.12072078      12.64324244      12.60104299
      24.89993827      24.47156175      23.81670729      23.39137395      23.39137395      23.39137395      15.29594612      15.29594612      15.29594612      13.94958051      12.46072586      12.29370435      11.93725483      11.79684563      11.72356777      11.63070307      11.70879827      11.60766049      11.52499940      11.44640188
      11.50061420      11.42201668      11.45671655      11.52504039      11.56855752      11.51894409      11.56246121      11.44452395      11.53155820      11.61207464      11.65559177      11.60597834      11.64949547      11.71781930      11.59988204      11.64339916      11.59378574      11.63730286      11.68691629      11.73043341
      11.68081999      11.72433711      11.46975217      11.60639985      11.67472369      11.71824081      11.66862739      11.71214451      11.59420725      11.68124150      11.45046546      11.45823088      11.63229938      11.45957351      11.63364201      11.80485355      11.88770746      11.79266095      11.87969520      12.00798218
      11.76175794      11.80527506      11.75566164      11.79917876      11.86750260      11.74956534      11.79308246      11.74346903      11.78698616      11.83659959      11.88011671      11.83050328      11.87402041      11.95453685      12.03739075      11.94234425      12.02937850      12.08956402      12.08701987      12.07353951
      12.11083681      11.76251510      11.82762296      11.87114009      11.82795862      11.87147574      11.76318642      11.82829427      11.87181140      11.82862993      11.87214706      11.93658360      12.02361785      11.93725492      12.04900466      11.76385773      11.82896559      11.87248271      11.82930124      11.88517612
      11.76452904      11.87627879      11.92835759      11.98423246      11.94105099      11.99692587      12.07439147      11.95374440      12.00961927      11.96643780      12.02231268      12.09977828      12.05386003      12.09115734      12.10463365      12.02798144      12.15487430      12.23993689      12.11551535      12.15718261
      12.40704966      12.31990925      24.20622222      24.47817898      23.44649442      22.93346119      22.93346119      22.93346119      15.27363014      15.27363014      15.27363014      14.28698858      12.26636553      12.27833056      11.97234754      11.78044693      11.58230412      11.48116634      11.50493879      11.40520354
      11.39119572      11.43315141      11.35175644      11.49177816      11.41318064      11.42853108      11.41452326      11.46091613      11.63498463      11.41840597      11.50544023      11.41907729      11.53082704      11.61718997      11.72893972      11.60829264      11.66416752      11.62098605      11.67686092      11.72004239
      11.77591727      11.73273580      11.78861067      11.37718790      11.37654186      11.36953795      11.35682222      11.34981831      11.35111040      11.34410649      11.33139076      11.32438685      11.33710258      11.33677956      11.33327760      11.32691974      11.32341778      11.32406383      11.32056187      11.31420401
      11.31070205      11.31705992      11.31355796      11.30720010      11.30369814      11.42191087      11.51065309      11.56652797      11.50079327      11.55666815      11.37918370      11.43505858      11.36932388      11.42519876      11.49093345      11.54680833      11.48107363      11.53694851      11.62240284      11.67827772
      11.61254302      11.66841790      11.75716012      11.62569073      11.73744048      11.35946406      11.41533894      11.34960424      11.40547912      11.49422134      11.36275195      11.47450170      11.65198614      11.78991585      11.90166560      11.81530266      11.89276827      11.94864314      11.90546167      11.96133655
      11.97913121      12.03500608      11.99182461      12.04769949      12.12516509      12.00451802      12.06039289      12.01721142      12.07308630      12.15055191      11.80640533      11.86228020      11.81909874      11.87497361      11.91815508      11.97402995      11.93084848      11.98672336      11.83179214      11.88766702
      11.84448555      11.90036042      11.97782603      12.06418897      12.17593872      12.08957578      12.20132553      12.15540727      12.07875506      12.20618089      12.12952868      11.86890987      11.98065961      11.84919023      11.96093997      12.13842442      11.87548564      12.16844032      12.22325750      11.98916356
      12.03083082      12.06995308      12.01819350      11.98076479      12.52598159      24.69001261      24.95927270      23.35375214      22.89591853      22.89591853      22.89591853      15.59607697      15.59607697      15.59607697      13.33593376      12.36749311      12.21767779      11.94674043      11.72397391      11.56083454
      11.46109928      11.37970431      11.48904715      11.40765218      11.52422752      11.46956023      11.38816526      11.40263849      11.32124352      11.31167112      11.31134809      11.30784614      11.30148827      11.29798632      11.32564505      11.29162845      11.28812650      11.29861542      11.27826668      11.30434419
      11.30084223      11.29448437      11.29098241      11.29065939      11.28462455      11.28112259      11.27476473      11.27126277      11.27093975      11.33961899      11.29892150      11.35359292      11.31289544      11.26490491      11.26140295      11.27189187      11.25154313      11.25122011      11.27887884      11.25853010
      11.28586581      11.26551707      11.23150047      11.38904736      11.61254686      11.34960808      11.64256277      11.34384946      11.30315198      11.31038859      11.26969111      11.28099408      11.26064533      11.26426364      11.24391490      11.24029659      11.21994785      11.22356616      11.21982148      11.22899362
      11.22343979      11.21969511      11.22331342      11.21956874      11.23984855      11.22874089      11.22318705      11.21944237      11.22306068      11.21931600      11.22848815      11.22099879      11.26860810      11.41508544      11.26835536      11.36954691      11.61203218      11.24286792      11.29346369      11.24274155
      11.29333732      11.36929417      11.24261518      11.29321095      11.24248881      11.29308458      11.34380673      11.39440250      11.34368036      11.39427613      11.47048571      11.61696305      11.47023297      11.57142452      12.06698684      12.28328931      11.90498687      12.19794155      11.81390980      12.10686448
      12.40626272      12.16543929      12.38947733      12.62424262      24.21143150      22.91134262      22.88026237      23.19789569      23.19789569      23.19789569      14.95424557      14.95424557      14.95424557      14.21365102      12.31978961      11.95939505      11.81837857      11.69496839      11.74541801      11.55729050
      11.58600087      11.48524541      11.51152243      11.45703867      11.43960730      11.38512354      11.40608145      11.35865077      11.33416632      11.28673564      11.39038406      11.26155841      11.31122010      11.26378943      11.23930497      11.26076291      11.26702904      11.25205032      11.26400252      11.24902381
      11.23934308      11.22436436      11.23883760      11.22385888      11.26759714      11.34355399      11.39414976      11.34342762      11.39402339      11.26734441      11.34330125      11.39389702      11.34317488      11.39377065      11.46998023      11.57117178      11.46972750      11.57091904      11.26709167      11.34304851
      11.39364428      11.34292214      11.39351791      11.26683893      11.34279577      11.39339154      11.34266940      11.39326518      11.46947476      11.57066630      11.46922202      11.57041356      11.23707160      11.22659419      11.21910484      11.22508094      11.21884611      11.23404509      11.22482221      11.22021077
      11.21709335      11.22008140      11.21696399      11.22456348      11.21995204      11.21683462      11.21982267      11.21670526      11.22841098      11.27900675      11.22828162      11.25299937      11.32960253      11.38019830      11.30359515      11.35419092      11.22815225      11.25287001      11.22802289      11.25274064
      11.28988196      11.44308827      11.54427981      11.39107351      11.49226505      11.22789352      11.25261128      11.22776416      11.25248192      11.28962323      11.23992899      11.28936450      11.36364713      11.72283273      12.01578741      11.72232725      11.92471034      12.22410858      11.67005975      11.87244284
      11.56603022      11.76841332      12.02900198      12.45517858      12.42542911      12.48647682      24.29601288      22.92727629      21.99878438      23.05758444      23.05758444      23.05758444      16.00863361      16.00863361      16.00863361      14.36523708      12.32002604      12.03515720      11.86887525      11.99438183
      11.73259308      11.47323181      11.34830375      11.35799796      11.21221065      11.25350458      11.25835169      11.18545803      11.19030514      11.43595504      11.23813332      11.43576597      11.28744695      11.18853609      11.28735242      11.18844156      11.14169328      11.14654039      11.14159875      11.14644585
      11.15138749      11.15504645      11.15747000      11.15499919      11.15742274      11.15010481      11.15252837      11.15005755      11.15248110      11.15495192      11.15737547      11.15490465      11.15732820      11.14150422      11.14516318      11.14758673      11.14511591      11.14753946      11.14022154      11.14264509
      11.14017427      11.14259783      11.14506864      11.14749220      11.14502138      11.14744493      11.15001028      11.15243383      11.14996302      11.15238657      11.15604553      11.15110389      11.15595100      11.39929189      11.37205001      11.33124534      11.33609244      11.34480813      11.31756625      11.30885056
      11.29740854      11.28378760      11.27942976      11.26580882      11.26319879      11.28384576      11.28626931      11.24982248      11.25224603      11.21095210      11.21337565      11.17692883      11.17935238      11.21579921      11.21822276      11.18177593      11.18419948      11.28869286      11.27507192      11.25466959
      11.25709314      11.26145098      11.24783004      11.24347220      11.22985126      11.20484645      11.20969355      11.29208764      11.26837230      11.27104830      11.25919063      11.25306952      11.24121185      11.24733296      11.23547529      11.22935418      11.21749651      11.24465697      11.22094163      11.22361763
      11.21175996      11.20563884      11.21100333      11.21712444      11.22248893      11.21636781      11.22173230      11.22017251      11.19645717      11.18421494      11.19494391      11.20718614      11.21791511      11.20567288      11.21640186      11.15989356      11.16231711      11.15984629      11.16226984      11.16592880
      11.16098717      11.16583427      11.17315219      11.16326892      11.21214258      11.20162298      11.22308092      11.24061337      11.24868127      11.23167060      11.24239957      11.22785341      11.23321790      11.22709678      11.23246127      11.23858238      11.24394687      11.23782575      11.24319024      11.25312854
      11.26385751      11.24931135      11.25467584      11.24855472      11.25391921      11.26004032      11.26540481      11.25928369      11.26464818      11.22864408      11.23937305      11.22713083      11.23785980      11.25010202      11.26083099      11.24858877      11.25931774      11.26547731      11.25798796      11.26621471
      11.26247003      11.26545808      11.26171340      11.25872535      11.25498067      11.25796872      11.25422404      11.25049860      11.24300924      11.25123599      11.24749132      11.25047937      11.24736195      11.24437390      11.24125649      11.24424454      11.24112712      11.26245080      11.25496144      11.26093754
      11.25470271      11.24872661      11.24249178      11.24846788      11.24223305      11.24453886      11.26599680      11.27013921      11.29159715      11.29538743      11.28291777      11.32098778      11.35831110      11.23677441      11.23053958      11.23813907      11.23502166      11.23800971      11.23489229      11.23190424
      11.22878683      11.23177488      11.22865746      11.22592814      11.22281073      11.22579878      11.22268136      11.21969331      11.21657590      11.21956395      11.21644653      11.22566941      11.22255200      11.22554005      11.22242263      11.21781119      11.23625695      11.23002212      11.23599822      11.22976339
      11.22378729      11.21755246      11.22352856      11.21729373      11.23967026      11.28910577      11.23941153      11.28884704      11.36312968      11.26374120      11.36261222      11.27044811      11.25797845      11.34584144      11.33337178      11.38831131      11.51117748      11.82094293      11.58605335      11.74628281
      12.22796750      12.17716988      12.19003240      24.10856851      23.24219799      21.57130623      23.24657281      23.24657281      23.24657281      15.82571284      15.82571284      15.82571284      14.45173152      12.55489361      11.92722666      11.76444331      11.60001011      11.73086573      11.56643253      11.97909353
      11.71817246      11.55373926      11.75760032      11.56193031      11.48507960      11.38616874      11.46829081      11.38607421      11.28725788      11.21309837      11.16364295      11.21305111      11.16359568      11.31191470      11.26245927      11.31186743      11.26241200      11.21300384      11.16354841      11.21295658
      11.16350115      11.45150202      11.36928542      11.43471323      11.37724798      11.33613968      11.36885358      11.32774528      11.31182017      11.26236474      11.30342577      11.26231747      11.18815796      11.29503138      11.25392308      11.28663698      11.24552868      11.18806343      11.14012701      11.14255056
      11.14007974      11.14250329      11.14616225      11.14122062      11.14606772      11.15338564      11.14350237      11.19237603      11.42836660      11.36568026      11.32457196      11.36772803      11.32661973      11.43246212      11.36977579      11.32866749      11.37182355      11.33071525      11.26393340      11.18171679
      11.26802892      11.18581232      11.43655765      11.37387131      11.33276301      11.37591908      11.33481078      11.44065317      11.37796684      11.33685854      11.38001460      11.33890630      11.27212444      11.18990784      11.27621997      11.19400337      11.16709309      11.21596675      11.17528414      11.22415780
      11.24619133      11.30313290      11.29337277      11.42090618      11.31926871      11.37804997      11.43704199      11.48243321      11.45269660      11.53909796      11.55707984      11.56656122      11.65733139      12.15653809      11.98730906      12.77644809      24.13784504      22.75596682      20.69501336      22.91191355
      22.91191355      17.76691437      16.33563582      16.33563582      16.33563582      14.39780394      12.52749352      12.05794924      11.79702817      11.64041870      11.54258370      11.66013263      11.56229763      11.83645603      11.67984656      11.58201156      11.69956049      11.60172548      12.13969250      11.87732766
      11.71999630      11.62216130      11.74115400      11.64331899      11.91964305      11.72397304      11.44474869      11.38206236      11.34095406      11.38411013      11.34300183      11.48399289      11.43507539      11.49384986      11.44493235      11.38615789      11.34504959      11.39601485      11.34709735      11.28031549
      11.19809889      11.28441102      11.20219442      11.50370682      11.45478932      11.51356378      11.46464628      11.38634155      11.52342075      11.47450325      11.53327771      11.48436021      11.40605548      11.24944600      11.18347519      11.23234885      11.19166624      11.23787168      11.54349562      11.49457812
      11.55407447      11.50515697      11.42649129      11.56465332      11.51573581      11.57523216      11.52631466      11.46681831      11.41790081      11.47739716      11.42847966      11.32865628      11.23082128      11.34981398      11.20863131      11.56664169      11.48797601      11.43905851      11.49855486      11.42796352
      11.58779938      11.48745987      11.41686853      11.47636488      11.40577355      11.32762401      11.18644133      11.30543404      11.16425136      11.18323737      11.22944281      11.13885743      11.20706226      11.27855429      11.32475973      11.28407712      11.31735049      11.34045321      11.32011191      11.33674859
      11.34829995      11.33812930      11.34968066      11.38852643      11.46985440      11.37233656      11.41300055      11.36424163      11.38457362      11.36562234      11.38595433      11.41576196      11.47537723      11.27564826      11.31589747      11.33602208      11.34757344      11.33042695      11.34197831      11.30470720
      11.32780992      11.25326771      11.29947315      11.36087558      11.38120757      11.35528044      11.37033334      11.40626844      11.35441418      11.38451999      11.45639019      11.35268168      11.41289330      11.59460776      11.63999898      11.55663369      11.66256107      11.55071179      11.71938407      12.31594984
      12.44690967      12.40862981      23.24763648      22.40423965      21.75303173      22.29449844      22.29449844      17.58924770      17.58924770      18.27058093      16.15726852      14.23183338      13.01068354      12.22432328      11.96195844      11.76628843      12.00427384      11.72190849      12.36429353      12.01758457
      11.73521923      12.09504566      11.80622064      11.56560941      11.46526990      11.39467856      11.45417491      11.38358358      11.54341944      11.44307993      11.37248859      11.43198494      11.36139360      11.28324406      11.14206139      11.30189725      11.23130592      11.29080227      11.22021093      11.11987142
      11.52122947      11.38004679      11.49903949      11.35785682      11.27970728      11.20911594      11.26861229      11.19802096      11.09768145      11.25751731      11.18692597      11.24642232      11.17583099      11.07549147      11.09447748      11.16268232      11.05009754      11.11830238      11.50569486      11.36451219
      11.54119557      11.40001290      11.24975001      11.17915867      11.26750036      11.19690902      11.10856733      11.03797600      11.12631769      11.05572635      11.25883022      11.14406804      11.07347670      11.16181839      11.09122706      11.52385529      11.29433093      11.15314826      11.32983164      11.18864896
      11.00068111      11.03478353      11.03274384      11.02186945      11.05049419      11.03961980      11.01443304      11.07576191      11.06824455      11.05737016      11.08599490      11.07512051      11.04993375      11.10374525      11.09287086      11.12149561      11.11062122      11.08199647      11.07112208      11.09974683
      11.08887244      11.02818497      11.06228738      11.06368567      11.04193689      11.24279960      11.34921666      11.14396675      11.21217158      11.10326576      11.17147060      11.28613513      11.50747097      11.60586862      11.72801693      12.30675975      12.68625768      12.32071384      23.83811887      22.45066961
      20.40889200      20.95747725      21.00987720      20.07026704      17.58924770      18.27058093      15.73800977      15.32230282      13.08737449      12.51921569      12.06682477      12.72032636      12.25918185      11.59485671      11.31249136      11.67231779      11.38349278      11.14268394      11.11749718      11.10662279
      11.13524754      11.12437314      11.17818465      11.15643587      11.09574840      11.08487401      11.11349875      11.10262436      11.07743760      11.13124911      11.12037472      11.14899946      11.13812507      11.10950033      11.09862594      11.12725068      11.11637629      11.22056132      11.17018780      11.14500103
      11.13412664      11.16275139      11.15187700      11.20568851      11.18393972      11.68153182      11.31351003      11.27001246      11.42840602      11.38490845      11.05568882      11.08979124      11.09118953      11.06944075      11.13076962      11.12325225      11.11237786      11.14100261      11.13012822      11.10494145
      11.15875296      11.14787857      11.17650331      11.16562892      11.13700418      11.12612979      11.15475453      11.14388014      11.08319267      11.11729509      11.11869338      11.09694460      11.19497784      11.25518946      11.15427686      11.19618057      11.20866529      11.17799171      11.16711732      11.20671571
      11.19584132      11.26611329      11.24436451      11.15624293      11.14536854      11.18496693      11.17409253      11.14341895      11.21369092      11.20281653      11.24241492      11.21605728      11.16990045      11.32356128      11.30181250      11.38100928      11.32829400      11.25565567      11.22929803      11.26889642
      11.24253878      11.20294039      11.17658275      11.21618114      11.18982350      11.27557872      11.22942189      11.20306425      11.24266264      11.21630500      11.10262114      11.14452485      11.15618385      11.12850293      11.18296521      11.16912475      11.19620595      11.18236550      11.15498443      11.10022230
      11.28854057      11.35504369      11.18522913      11.31463012      11.62142452      11.62476365      11.85585423      12.20528173      12.47596757      22.67189598      21.70515855      20.28523254      21.07571061      20.08629958      19.51223342      19.43006579      18.61576525      16.17668692      15.74170701      13.47220989
      12.92770922      11.91132380      11.57900122      12.06659087      11.66601919      11.39437389      11.30206022      11.24934495      11.32854172      11.27582645      11.44733689      11.34190633      11.20944670      11.19560625      11.22268745      11.20884699      11.18176579      11.16792533      11.19500654      11.18116608
      11.23562835      11.20824729      11.19440683      11.22148803      11.20764758      11.15378501      11.12610409      11.18026651      11.15258559      11.26210985      11.23472878      11.22088833      11.24796953      11.23412907      11.28859135      11.26091043      11.20704787      11.19320741      11.22028862      11.20644816
      11.17906709      11.23352937      11.21968891      11.24677011      11.23292966      11.20554859      11.49084587      11.38541532      11.52490085      11.41947030      11.31034584      11.28266492      11.32737333      11.29969241      11.25764736      11.24380690      11.26616111      11.25232065      11.22730309      11.27467485
      11.26083439      11.28318859      11.26934813      11.24699393      11.23315347      11.25550767      11.24166721      11.33907410      11.28903898      11.26402142      11.25018096      11.27253516      11.25869470      11.30606647      11.28104891      11.26720845      11.28956265      11.27572219      11.09782347      11.13972717
      11.15078646      11.09542463      11.22602503      11.19962217      11.17194125      11.21664965      11.18896874      11.13893361      11.23367714      11.20599622      11.25336799      11.23952753      11.26188173      11.23993278      11.20680673      11.14055462      11.17418193      11.37262074      11.52820023      11.75625928
      11.91195917      12.38001784      23.04299005      21.33340740      20.54153872      20.99276702      20.94433308      20.50293350      19.53539912      16.79369020      16.95947234      15.74460347      13.85149554      13.05417915      12.31691992      11.52326803      11.37312907      11.32309395      11.29541303      11.34012144
      11.29622354      11.40718405      11.34093194      11.29703404      11.34174245      11.29784455      11.61894308      11.35946723      11.27167142      11.36209814      11.17461677      11.26228698      11.24033803      11.26269223      11.24074328      11.20761723      11.26309749      11.24114854      11.26350274      11.24155379
      11.20842773      11.14217563      11.26390799      11.24195904      11.26431324      11.24236429      11.22001009      11.19806114      11.22041534      11.19846639      11.25394664      11.22082059      11.19887164      11.22122584      11.19927689      11.16534034      11.12144243      11.16615084      11.12225294      11.13744558
      11.21578130      11.13906659      11.21740230      11.23008823      11.20929664      11.18734769      11.18503298      11.16308402      11.18156091      11.13766300      11.16539874      11.14344979      11.14113507      11.11918612      11.09839453      11.11687141      11.09492246      11.09260775      11.07065880      11.04986720
      11.13303358      11.08913568      11.08450625      11.04060835      11.06834408      11.04639513      11.04408042      11.02213147      11.02444618      11.00249723      11.00018252      10.97823357      10.99671045      10.97591886      10.95396990      10.95165519      10.92970624      11.09134977      11.16968548      10.99897485
      11.03814271      10.95044753      10.98961538      11.07263083      11.33409537      11.44258912      11.23866172      11.46107388      11.36546036      11.67160332      12.27004186      12.40503995      23.00334581      21.17973518      19.73579327      21.95978673      20.89223417      18.41700999      18.07549953      17.39430714
      17.15050507      15.64278545      14.80349629      15.18711093      14.70145242      13.79334841      12.93346114      12.12009495      11.62420491      11.27230383      11.67067734      11.37906607      10.98976631      10.94818312      10.92739153      10.90544258      10.90312787      10.88117891      10.89965580      10.85575790
      10.99239723      10.85112847      10.80723057      10.85244393      10.75870324      10.90426007      10.92384399      10.87999640      10.89958033      10.94108805      10.85573274      10.87531667      10.83146908      10.85105300      10.89256073      10.97557618      10.80720541      10.82678934      10.78294175      10.80252568
      10.84403340      10.75867809      10.77826202      10.73441442      10.74345186      10.78729945      10.79633689      10.75248930      10.76152674      10.86210828      10.88018315      10.79248797      10.81056285      11.04577835      10.85829698      11.14990967      10.96242830      10.74756090      10.74810064      10.75713808
      10.77413347      10.78317091      10.79962656      10.80016630      10.80920374      10.82619913      10.83523657      10.78371065      10.80178553      10.83577631      10.85385119      10.85169222      10.85223197      10.86126940      10.87826480      10.88730224      10.90375789      10.92183276      10.87030684      10.87934428
      10.89633967      10.90537711      10.88838172      10.89741916      10.91441455      10.92345199      10.93990764      10.94044738      10.94948482      10.96648021      10.97551765      11.01172593      11.04787568      10.87248532      10.90863507      11.18259265      10.85493067      10.89108043      10.92399173      10.94206661
      10.95852226      10.96755970      10.98455509      10.95626969      10.91948659      10.88549581      10.82892501      10.86291579      10.80634499      10.92764082      11.11390322      10.88248080      11.06874320      11.55511745      11.52859655      11.37071681      11.57369073      11.54464738      12.18155130      12.18700568
      23.04926618      21.35304260      21.36365573      19.96144740      19.31514629      18.08919032      18.27130238      17.01070579      16.52437216      15.88529953      16.48971297      16.10614769      15.48626093      15.26176947      15.61086377      15.41134447      15.29909874      15.47364589      15.37388624      15.31776337
      15.40503695      15.34891408      15.01894021      14.75777316      15.17768411      15.04710058      15.25705606      15.19176429      15.28820677      15.19422381      15.05201961      14.76761121      15.72128785      15.52885793      15.43264297      15.37652010      15.45670429      15.40058143      15.57698058      15.46473485
      15.81753316      15.59304170      15.30146719      15.20748423      15.32552852      15.23154555      15.07854045      15.31462903      15.12666310      14.82065289      15.29283005      14.91689820      14.19879441      13.63531070      14.30487777      13.60427881      13.08249317      12.29118844      11.63778220      11.21236598
      10.99089382      10.99197330      11.01004818      11.04403897      10.98746817      11.09502515      10.98188355      11.26884957      11.08007832      10.97326508      10.94497968      10.96197508      10.93368968      10.91669428      10.88840888      10.90540428      10.87711888      10.93089737      10.87432657      10.86012348
      10.83183808      10.84883348      10.82054808      10.78376498      10.83754347      10.80925807      10.82625346      10.79796806      10.78097267      10.75268727      10.76968266      10.74139726      10.86874195      10.79517575      10.75839266      10.73010726      10.74710265      10.71881725      10.77259574      10.71602494
      10.80204518      10.89517638      10.77946517      10.87259636      11.02358317      10.73924736      10.78581296      10.72795735      10.77452295      10.85001635      10.71666734      10.76323294      10.70537734      10.72340371      10.78125931      10.79928569      10.74143008      10.75945645      10.88606910      10.92212184
      10.81731206      10.83533843      10.77748282      10.79550920      10.84246337      10.87826393      10.76512233      10.94246791      10.82932631      10.70587595      10.74192870      10.73797795      10.76472880      10.76326823      10.78129460      10.77466828      10.79269465      10.79932098      10.81734735      10.81072102
      10.82874740      10.80078154      10.82212107      10.84014745      10.83352112      10.85154749      10.79950636      10.82358164      10.85963438      10.85568363      10.88243448      11.09568866      11.16779415      10.93637172      11.00847721      11.25505686      10.85008693      10.88613967      10.85817382      10.87620019
      10.86957387      10.88760024      10.90893977      10.95161884      10.88097392      10.89900029      10.89237396      10.91040034      10.93173987      10.90377401      10.92180039      10.91517406      10.93320043      10.95453997      10.99721904      11.14134012      11.48834523      12.45272303      12.46594620      22.43855031
      21.46565978      20.87215964      20.84000270      19.32520167      18.73690828      17.80884711      17.25567039      16.06283728      15.84965539      15.24923208      15.79593873      15.24277598      13.76098990      12.91901342      12.25681538      11.68835050      11.21296886      10.98220309      10.86371035      10.88778562
      10.91453647      10.91988762      10.94663847      10.92791433      10.95198961      10.97874046      10.98409160      11.01084245      10.95939406      10.95279328      10.99653108      11.02328193      10.98930803      11.01605888      10.93834719      10.99184889      10.92657411      10.94460048      10.94262511      10.95600053
      10.97734007      10.95867610      10.97205153      10.97472710      10.98810253      11.00014016      11.04281923      10.99077810      11.00415352      11.00682909      11.02020452      11.03224216      11.02288009      11.03625552      11.03893109      11.05230651      11.06434415      11.08841943      11.23254051      11.04515082
      11.05852625      11.04153930      11.05491473      11.07678362      11.03792778      11.05130320      11.03431626      11.04769168      11.06467863      11.07805405      11.06106711      11.07444253      11.10353447      11.13028532      11.09631143      11.11479032      11.03558669      11.05745558      11.07083101      11.05384406
      11.06308351      11.02836364      11.04609656      11.05533601      11.03834906      11.04758851      11.08081643      11.09929533      11.06532143      11.08380033      11.19092215      11.27850928      11.15993215      11.27822190      11.40771478      11.53030404      11.40974630      11.55482462      11.63762931      12.44248494
      22.45522149      21.84237194      20.80458864      20.88838704      19.57505004      19.17437665      18.79528801      19.23802825      18.89714416      18.21151368      16.91213560      16.01952720      15.10828304      13.80687620      12.74000619      12.10660771      11.46273529      11.18781595      11.01165124      11.07016556
      10.98319189      10.93050188      10.92390110      10.97740280      10.90945501      10.94641281      10.90204254      10.89266199      10.92961979      10.87864874      10.92702375      11.01286864      11.03060157      11.03984101      11.02285407      11.03209351      10.99737365      11.01510657      11.02434602      11.00735907
      11.01659852      11.04982644      11.06830533      11.03433144      11.05281034      10.98187865      10.99961157      11.00885102      10.99186407      11.00110352      10.96638365      10.98411657      10.99335602      10.97636907      10.98560852      11.01883644      11.03731534      11.00334144      11.02182034      11.12894216
      11.24723191      11.09795216      11.21624191      10.95798714      10.97217082      10.98141027      10.97152181      10.98076126      10.95668912      10.97087280      10.98011225      10.97022379      10.97946324      10.99494494      11.01342383      10.99364692      11.01212581      10.95539110      10.96957478      10.97881423
      10.96892577      10.97816522      10.95409308      10.96827676      10.97751621      10.96762775      10.97686720      10.98805368      10.99729312      10.98740467      10.99664411      11.01082779      10.98675566      10.99599510      10.98610665      10.99534609      11.00952977      11.08115914      11.19944889      11.07856310
      11.19685285      11.40917153      11.55424985      11.37558550      11.58743161      11.72643602      12.22792021      22.80862999      21.36643505      21.11963367      21.05444336      19.80359753      19.39697794      19.38562163      19.34508447      19.29618106      19.18344396      19.26291881      19.21252037      19.15615182
      19.19588924      19.17069002      19.14250575      19.16237446      19.14280313      19.01300192      18.78485493      19.07093080      18.95685730      19.09989524      19.04285849      19.10019262      19.05534190      18.98182412      18.83478856      19.23697207      19.18291588      19.15588778      19.13631644      19.15122997
      19.11778448      19.17360027      19.10670927      19.21834085      19.08455886      19.11044529      19.06559457      19.09191332      19.07361651      19.00232947      19.05496697      19.01837335      18.87579926      18.98107425      18.90788702      18.54071744      17.92078394      18.62273884      18.00280533      16.64912566
      15.81021667      14.92973514      13.41484802      12.32029042      11.98868062      11.70043871      11.83000185      11.32314519      11.40214400      11.13493703      11.02485048      11.08375199      10.98648930      10.95582278      10.91661043      10.94041165      10.88073195      10.89102097      10.81585500      10.82614402
      10.88922661      10.79196392      10.81934774      10.76387044      10.71523910      10.72893101      10.68029966      10.80645061      10.80265033      10.80779484      10.82568442      10.83082893      10.72248244      10.78560047      10.68754301      10.74361639      10.77517541      10.72614667      10.75770569      10.84871851
      10.84681837      10.84939062      10.85833541      10.86090767      10.80673442      10.83829344      10.78926470      10.82082372      10.86985245      10.87242471      10.85238274      10.88394175      10.90130999      10.86073531      10.83643304      10.84672205      10.86463548      10.90442005      10.92860756      10.89741342
      10.92160093      10.84203178      10.86621929      10.83502515      10.85921266      10.89040679      10.91029908      10.92239283      10.90679576      10.91888952      10.87910494      10.89119870      10.87560163      10.88769538      10.90329245      10.91538620      10.89978914      10.91188289      10.81293935      10.81808386
      10.83597344      10.84111795      10.82322837      10.82837288      10.83921781      10.84179006      10.85073485      10.85330710      10.84436231      10.84693457      10.85587936      10.85845161      10.85196288      10.85453513      10.86347992      10.86605217      10.85710738      10.85967964      10.86862443      10.87119668
      10.88204161      10.88718612      10.86225189      10.86482415      10.87376894      10.87634119      10.87444105      10.89233063      10.89747514      10.83123348      10.84332724      10.84275053      10.85484428      10.85542099      10.86751474      10.86693803      10.87903179      10.85426757      10.86636133      10.86578462
      10.87787837      10.89026048      10.87960850      10.89170225      10.89112554      10.90321929      10.91560140      10.91444798      10.93863549      10.88910706      10.91329456      10.91214115      10.93632865      10.96109287      10.94849984      10.95773929      10.94499653      10.95709028      10.96697874      10.97621819
      10.96632973      10.97556918      10.94149321      10.95358697      10.93798990      10.95008365      10.96997594      10.98975285      11.00823175      10.98845483      11.00693373      10.93448658      10.94658034      10.93098327      10.94307702      10.96296931      10.93177517      10.95596268      10.99574725      11.07596706
      11.19425681      11.07337102      11.19505588      10.96339970      11.01177471      11.00946788      11.04608807      11.16892635      11.37718364      11.58902975      11.41229607      11.63922850      11.86031258      12.61217348      22.44576391      20.97698975      20.25961717      19.21648343      19.36747615      19.04025805
      18.83328883      19.13173238      18.90891925      18.53959926      17.77219518      15.86161693      14.70773772      13.36841393      12.37491514      11.96218118      12.28511112      11.69582712      11.24676258      10.96028942      10.81114206      10.66866978      10.71155939      10.71883092      10.64759478      10.65486632
      11.14663038      10.78892108      11.17189596      10.81418666      10.60738580      10.61465734      10.62001860      10.62729013      10.62192888      10.62422433      10.62786010      10.63054073      10.63417650      10.62958559      10.63322135      10.63590198      10.63953775      10.63685712      10.64049289      10.64317352
      10.64680929      10.63265139      10.63494684      10.63858261      10.64126324      10.64489900      10.64528418      10.64757963      10.65121540      10.65389603      10.65753179      10.64221838      10.64585414      10.64853477      10.65217054      10.65446599      10.65982725      10.66709878      10.82568514      10.84022821
      10.72610246      10.73337400      10.66213786      10.68358266      10.68721843      10.65160036      10.65523613      10.74064553      10.74791707      10.69085420      10.69448996      10.65887189      10.66250766      10.69812573      10.70176150      10.66614343      10.66977920      10.86967896      10.85007278      10.80571435
      10.78610818      10.83046661      10.81086043      10.76650201      10.74689583      10.74174975      10.74303627      10.73323318      10.71105397      10.70125088      10.69867784      10.68887475      10.66669554      10.65689245      10.67907167      10.66926858      10.64708936      10.63728628      10.72343010      10.71362701
      10.69144779      10.68164471      10.70382392      10.69402083      10.67184162      10.66203853      10.63857280      10.61896662      10.63149587      10.63513164      10.63781226      10.64144803      10.63876740      10.64240317      10.64508380      10.64871957      10.64910474      10.65637628      10.65101502      10.65828656
      10.66364781      10.67511111      10.67168969      10.69461628      10.65421512      10.63460894      10.67103967      10.65143349      10.61361196      10.68647340      10.64726105      10.79125426      10.74262292      10.74818235      10.73837926      10.71620005      10.70639696      10.72857618      10.70426050      10.69659387
      10.68679079      10.69399157      10.66625292      10.64193725      10.64878320      10.62446753      10.67994483      10.65562916      10.66247511      10.63815944      10.63131349      10.60699782      10.61384377      10.58952810      10.68421775      10.67441466      10.65223544      10.64243236      10.64371888      10.59936045
      10.57975427      10.62411270      10.57548136      10.56014810      10.54054192      10.64555892      10.67711794      10.62808921      10.65964822      10.70867695      10.74023597      10.69120724      10.72276625      10.61766414      10.68078217      10.77883964      10.84195767      10.74390020      10.80701823      10.59681400
      10.72305007      10.57439961      10.53518726      10.60804870      10.62958284      10.71938818      10.91916500      10.92945402      10.84928613      10.97552220      10.95878603      11.00716104      11.00485421      11.04147440      10.97186031      11.14562514      11.07924802      11.23755307      11.21886553      11.34397538
      11.78636098      12.05791132      12.72758508      21.46358172      20.86748727      20.12982829      21.09918340      18.80599546      19.49475702      19.13863246      17.64801788      15.93379887      14.56721497      13.05563195      12.25062381      11.66133981      12.30765619      11.81056410      11.49536403      11.78918512
      11.51309983      11.19716154      10.92256317      10.74370852      10.93519596      10.75634131      11.17991789      10.94782875      10.81052957      10.72110224      10.81684596      10.72741864      10.93920693      10.82316236      10.73373503      10.81885145      10.74005143      10.65294088      10.65657665      10.65925728
      10.66289305      10.66021242      10.66384819      10.66652882      10.67016458      10.66557367      10.66920944      10.67189007      10.67552584      10.67782129      10.67246004      10.67973158      10.68509283      10.69655612      10.67820647      10.68184223      10.68452286      10.68815863      10.69045408      10.69581534
      10.70727863      10.71606130      11.25453003      11.09693000      11.26339793      11.10579790      10.97651300      10.89771298      10.98094695      10.90214693      10.81891296      10.74011295      10.82334692      10.74454690      10.98538090      10.90658088      10.98981485      10.91101483      10.79059783      11.27226583
      11.11466580      11.28113374      11.12353370      10.99424880      10.91544878      10.99868275      10.91988274      10.79946574      11.00311670      10.92431669      11.00755065      10.92875064      10.80833364      10.70249505      10.71395835      10.71136296      10.71049324      10.72942073      10.72422995      10.72249051
      10.70533879      10.72826538      10.73898789      10.76191448      10.71734087      10.76034550      10.80480623      10.76040914      10.90817934      10.84787449      11.03911836      11.24142704      11.57139820      11.92535679      12.27573069      12.49127833      21.86158943      20.90973377      21.09568119      18.90061760
      19.12877591      19.18444125      18.59736745      16.76735417      16.27225518      14.88707145      13.35273610      12.26489824      11.76780614      11.49172086      11.74642717      11.47034188      12.30017917      11.53451501      11.29000164      11.13240161      11.27931215      11.14126951      11.01198461      10.93318459
      11.01641856      10.93761854      10.85438457      10.77558456      10.85881852      10.78001851      10.98366947      10.86325247      10.78445246      10.86768643      10.78888641      11.19425660      10.99253738      10.87212038      10.79332036      10.87655433      10.79775431      10.98184789      10.84380525      10.73796666
      10.73709694      10.74683456      10.74596484      10.74022631      10.75370292      10.75326806      10.75813687      10.75770201      10.75483275      10.76257082      10.76213596      10.76700477      10.76656991      10.76370065      10.75796212      11.15197710      10.96070814      10.82266550      10.92911813      10.79107548
      11.08879707      10.81271179      10.76417265      10.76373779      10.74837764      10.75363958      10.76330293      10.76286807      10.75320472      10.75276986      10.72731610      10.74310651      10.74267165      10.72731151      10.73257345      10.75716667      10.75629695      10.73697026      10.73610054      10.69572609
      10.71151650      10.71677844      10.69572149      10.70098343      10.66413608      10.67465996      10.72204038      10.72160552      10.70624537      10.71150731      10.71590412      10.69045037      10.69571231      10.67465536      10.67991730      10.69570771      10.74648505      10.79094577      10.74489416      10.74315472
      10.70450134      10.70276189      10.80190115      11.08173166      11.52745688      11.62761050      12.18068020      12.24094117      12.96620027      21.82989311      20.51429240      21.09734090      19.28824345      19.39964771      19.14984719      18.45933263      17.44248168      16.25890772      14.92989719      13.57937570
      12.56539682      11.79973267      12.74765492      12.13064302      11.02561705      10.74953176      11.15822588      10.68635174      10.63254606      10.64306994      10.60095605      10.61147993      10.65886035      10.66412229      10.64306535      10.64832729      10.66938423      10.67464617      10.65358923      10.65885117
      10.62200381      10.63779422      10.64305616      10.62199921      10.62726115      10.55883297      10.59041380      10.60620421      10.61146615      10.59040920      10.59567114      10.55882378      10.56934766      11.18689474      10.62639372      10.59260416      10.60312804      10.69175492      10.70227880      10.82469524
      10.84574300      10.67464158      10.67377186      10.64305156      10.65357544      10.66236907      10.61672809      10.62199003      10.60093308      10.60619502      10.62198543      10.58513807      10.59040001      10.56934307      10.57460501      10.59039542      10.62197624      10.72111549      10.58623325      10.59149519
      10.63580864      10.64107057      10.59675713      10.60201907      10.64633251      10.65159445      10.71280268      10.69590789      10.70116983      10.74548327      10.75074521      10.63469967      10.64522355      10.73385043      10.63810005      10.81195344      10.79505865      10.80032059      10.84463403      10.79675885
      10.91110420      10.84107229      10.79319710      10.83751054      10.78963535      10.72672694      10.63097656      10.71960344      10.62385307      10.67197658      10.80687822      10.65772959      10.81410953      10.99091877      11.19074156      11.01284633      11.21266912      11.40020127      11.67662556      12.35242848
      12.29246358      12.82832845      20.58772659      20.45268758      21.02987162      19.27939463      19.20609172      19.12499968      17.56270369      17.20752772      16.63814243      15.00568767      14.03525223      13.43453349      14.16830373      13.50114109      13.01175096      12.76068808      13.10412736      12.89273610
      12.76720466      12.93892430      12.83322867      12.77046295      12.85632277      12.79355705      12.45218213      12.08623311      12.61295168      12.42997717      12.69333646      12.60184921      12.71643056      12.62494331      12.47616537      12.17860951      13.13743117      12.95557620      12.86464872      12.80188300
      12.85820652      12.79544080      12.94269180      12.81716036      13.11166237      12.86059948      12.72475651      12.63326926      12.71831431      12.62682706      12.49281728      12.66290738      12.47993288      12.21191331      12.55209353      12.18614451      11.58349779      11.02299676      11.04404452      11.22129829
      11.02979753      11.65010539      11.20607718      11.01457643      11.22082702      10.99838122      10.90398070      10.83394879      10.78607361      10.83038705      10.78251186      10.89685721      10.80110683      10.73819842      10.69032323      10.73463667      10.68676148      10.61672957      10.73107492      10.68319974
      10.72751318      10.67963799      10.60960608      10.88973371      10.79398334      10.88261022      10.78685984      10.72395143      10.67607624      10.72038968      10.67251449      10.60248259      10.71682794      10.66895275      10.71326619      10.66539100      10.59535909      10.64348261      10.79986254      10.62923562
      10.78561555      10.87499967      10.77924929      10.86690206      10.77115169      10.70946091      10.66158572      10.70541211      10.65753692      10.58774854      10.70136331      10.65348812      10.69731450      10.64943931      10.57965093      10.85880446      10.76305408      10.85070685      10.75495647      10.69326570
      10.64539051      10.68921689      10.64134171      10.59751532      10.54964013      10.59346652      10.54559133      10.65920609      10.58941771      10.54154253      10.58536891      10.53749372      10.62103649      10.77741642      10.56628411      10.65149605      10.55818650      10.64339844      10.77526515      11.02730895
      11.22713174      11.01091069      11.25061410      11.50273579      11.87709753      12.34725598      12.56180990      12.53135975      20.45268758      20.92765172      19.72891839      19.57345422      18.68925619      18.42812649      18.26396942      18.23726336      16.69898423      15.29756967      14.11158168      12.94747773
      12.33046582      12.98536929      12.32703837      11.67960507      11.13172888      11.67617761      11.17155337      10.79068525      10.65110849      10.58132011      10.53344492      10.57727130      10.52939611      10.64301088      10.57322250      10.52534731      10.56917369      10.52129851      10.80543509      10.63491327
      10.56512489      10.51724970      10.56107609      10.51320090      10.64228819      10.55702728      10.50915209      10.56071474      10.50510329      10.55008889      10.63530083      10.54199128      10.62720322      10.75906994      10.53389368      10.61910562      10.52579607      10.61100801      10.74287472      10.82534733
      10.65224431      10.56569280      10.51008135      10.57196147      10.51635001      10.66478164      10.57823013      10.52261867      10.58449879      10.52888734      10.85042198      10.67731896      10.59076745      10.53515600      10.59703611      10.54142466      10.68985628      10.60330477      10.54769332      10.60957343
      10.55396198      10.52801593      10.61322787      10.54055325      10.62576519      10.74731444      10.55309057      10.63830251      10.56562790      10.65083984      10.77238908      11.00660815      11.24631156      11.01548758      11.28109139      11.62784872      11.97460741      12.56114189      12.64683076      12.73440258
      20.92765172      19.72891839      19.40541681      18.37978347      18.26773818      18.29422267      18.31245708      17.81871541      16.76758615      15.41958980      13.92953902      12.60279987      11.63982301      11.23388435      11.05469049      11.21570705      11.03651319      11.52882181      11.11582795      11.02682778
      10.93723085      10.93603732      10.84644039      10.93424704      10.84524687      10.75564993      10.75445641      10.66485948      10.92483941      10.81361651      10.91575076      10.82615383      10.70239360      10.61584210      10.56023064      10.62211076      10.56649930      10.73960232      10.68399087      10.74587098
      10.69025953      10.62837942      10.57276797      10.63464808      10.57903663      10.90666211      10.81706518      10.89757347      10.83264793      10.78784946      10.82810360      10.78330514      10.75213965      10.69652819      10.74759532      10.70279686      10.61624535      10.74305100      10.69825253      10.73850667
      10.69370821      10.62878267      10.57816522      10.66337716      10.59070254      10.67591448      10.79746373      10.65211450      10.77317351      10.84763391      10.80313383      10.75833536      10.75773860      10.71294013      10.80194030      10.75714184      10.75654508      10.71174661      10.71234337      10.66754491
      10.66694814      10.62214968      10.66844005      10.57884312      10.57764959      10.59872372      10.71114985      10.66635138      10.66575462      10.62095616      10.57645607      10.62035939      10.57556093      10.57496417      10.58550123      10.59633668      10.61800757      10.64291527      10.76397428      10.68267648
      10.76986605      10.96690713      11.23251094      10.94850868      11.21411248      11.64185510      11.97282300      12.42083704      12.57613973      12.61717188      19.72891839      19.31397851      18.82657846      18.82657846      18.70979659      18.68184614      18.76374038      17.06218719      16.39124513      15.38818216
      13.71865495      12.69368433      11.99403477      12.62912306      11.80965298      11.46354414      11.04935675      11.28196323      10.86777584      10.75266613      10.66366596      10.61916587      10.57436740      10.57377064      10.58430771      10.57287550      10.58371095      10.59424801      10.59365125      10.60418832
      10.66127891      10.57168198      10.57048845      10.59156258      10.58251742      10.59305449      10.59245773      10.60299479      10.60359155      10.61412862      10.61353186      10.62406892      10.60239803      10.61293510      10.61233833      10.62287540      10.63371085      11.18977234      10.77558495      11.18697147
      10.77278408      10.59511549      10.61618962      10.59371505      10.64556308      10.62465185      10.63518892      10.63933858      10.64987565      10.65833788      10.65402531      10.66456238      10.66871204      10.67924911      10.68771134      10.59231462      10.63155075      10.65747476      10.63085053      10.65677454
      10.59091418      10.63015031      10.65607432      10.62945009      10.65537411      10.68339877      10.69393584      10.68269855      10.70862257      10.71708480      10.69461023      10.74645826      10.58490447      10.59544154      10.59484477      10.60538184      10.61621729      10.61502376      10.63609789      10.65776879
      10.63490437      10.65597850      10.65478498      10.67585911      10.69753000      10.78591309      10.70463581      10.74678407      10.76338273      10.80553099      10.88442122      11.08724299      11.67097616      11.89019683      12.54160269      12.52237765      12.56545703      18.82657846      18.82657846      18.82657846
      18.58630721      18.58630721      18.70070171      17.88449224      16.60247946      16.61664168      15.37302224      13.76521536      12.68807984      11.86860976      12.65604825      11.88881454      11.18417059      10.76998321      11.21364898      10.76718233      10.58951374      10.62874987      10.65467389      10.62804966
      10.65397367      10.58811331      10.62734944      10.65327345      10.62664922      10.65257323      10.69320980      10.74505783      10.69180936      10.74365739      10.58671287      10.62594900      10.65187302      10.62524878      10.65117280      10.58531244      10.62454857      10.65047258      10.62384835      10.64977236
      10.69040893      10.74225695      10.68900849      10.74085652      11.22375137      10.77728472      11.21447775      10.76801110      10.58996622      10.62617524      10.65209926      10.63152925      10.65745326      10.58532941      10.63688325      10.66280727      10.63456485      10.66816127      10.69366228      10.74551031
      10.70437029      10.75621832      10.58069261      10.63224644      10.66584287      10.62992804      10.66352446      10.57605580      10.62760964      10.66120606      10.62529123      10.65888766      10.71507830      10.76692633      10.71044149      10.77763434      10.82212965      10.86427791      10.81932878      10.92302483
      11.00191507      10.82863635      10.93233241      10.85005238      10.95374843      11.11440140      11.45152425      11.75175473      11.99435647      12.43242482      12.50881922      12.51485252      18.82657846      18.82657846      18.51775837      18.27032502      18.27032502      18.14294720      18.21426264      16.76060319
      16.50467714      15.25465027      13.59052858      12.63280408      11.86557037      12.62931451      11.86208080      11.20520414      10.75873749      11.19358206      10.74946387      10.57141899      10.62297283      10.65656925      10.62065442      10.65425085      10.56678218      10.61833602      10.65193244      10.61601762
      10.64961404      10.70580468      10.77299753      10.70116788      10.76836072      10.56214538      10.61369921      10.64729564      10.61138081      10.64497723      10.55750857      10.60906240      10.64265883      10.60674400      10.64034042      10.69653107      10.76372392      10.69189426      10.75908711      11.19183727
      10.85671550      10.63465641      10.86078176      10.63668791      11.19996977      10.86281326      10.63871941      10.86484476      10.64075092      10.55620591      10.60609267      10.63968910      10.60710842      10.64070485      10.54093133      10.57452775      10.54194708      10.57554350      10.60812417      10.64172060
      10.60913993      10.64273635      10.69059161      10.75778445      10.69262311      10.75981596      10.54296283      10.57655925      10.54397858      10.57757500      10.62746176      10.54499433      10.57859075      10.54601008      10.57960650      10.62949326      10.72926678      10.87146840      10.97516445      10.86219478
      10.99658048      11.15723345      10.85958948      10.99397517      10.86365248      11.06052098      11.22608973      11.70895161      11.94591395      11.85284294      11.93481951      12.41154063      12.50881922      18.51775837      18.85815827      18.85815827      18.85815827      18.85815827      18.66658417      17.75457160
      16.82013313      16.39297684      15.20857720      13.87781843      12.64557952      11.87834581      12.33059650      12.33059650      11.20403278      10.86687626      10.69829800      10.58625108      10.69931375      10.58726683      10.86890776      10.70032950      10.58828258      10.70134525      10.58929833      11.20809578
      10.87093926      10.70236101      10.59031408      10.70337676      10.59132983      10.87297076      10.64887692      10.54702583      10.58062226      10.54804158      10.58163801      10.63152477      10.56636342      10.63355627      10.73332979      10.55108883      10.58468526      10.55210459      10.58570101      10.63558777
      10.55312034      10.58671676      10.55413609      10.60335321      10.66886067      10.79987560      10.53784575      10.53784575      10.53784575      10.53784575      10.53784575      10.53784575      10.53784575      10.53784575      10.53784575      10.53784575      10.53784575      10.53784575      10.53784575      10.53784575
      10.53784575      10.53784575      10.53784575      10.53784575      10.53784575      10.53784575      10.53784575      10.53784575      10.53784575      10.53784575      10.53784575      10.53784575      10.53784575      10.53784575      10.53784575      10.53784575      10.53784575      10.53784575      11.06190544      11.35918135
      11.32531975      11.32531975      11.72694937      11.90947882      11.83585736      11.83585736      11.93481951      12.41154063
