      12.54441622      12.21091244      12.46751938       9.58608007       9.73727996      10.25913579       9.10137577       9.92390388      10.49414382       8.99078369       7.99199988       8.24005413       7.86006725       7.86006725       8.07233052       8.16089041      10.04918420      10.04918420      10.04918420      10.04918420
      10.04918420      10.04918420      10.04918420      10.04918420      10.04918420      10.04918420      10.04918420      10.04918420      10.04918420      10.04918420      10.04918420      10.04918420      10.04918420      10.04918420      10.04918420      10.04918420      10.04918420      10.04918420      10.04918420      10.04918420
      10.04918420      10.04918420      10.04918420      10.04918420      10.04918420      10.04918420      10.04918420      10.04918420       9.10503730       9.57711075       9.81314748       9.94996729       9.75153346       9.88835327       9.45388271       9.68991944       9.82673924       9.62830541       9.76512522       8.85858122
       9.33065467       9.56669139       9.70351120       9.50507737       9.64189718       9.20742663       9.44346335       9.58028316       9.38184933       9.51866914       9.96591615       9.92260809       9.84268811       9.79938004       9.79603197       9.71946006       9.67615200       9.59623202       9.55292396       9.54957589
       9.70271970       9.70271970       9.54287974       9.60055174       9.16358375       9.83232006       9.89539179       9.68457581       9.56620804      12.84940853      12.78806431       9.02966398      10.00771201       9.11433587       9.57830376       9.14371172       9.77443212      10.29628795       8.51627535       7.94473914
       8.70912031       8.13298323       8.22154311       7.87784386       8.55988555       8.61212513       9.08419858       9.32023531       9.45705512       9.25862129       9.39544110       8.96097054       9.19700727       9.33382707       9.13539324       9.27221305       8.64245149       8.83774250       9.11138212       8.85290568
       8.98815407       9.47300398       9.42969592       9.39140996       9.36975593       9.32979594       9.30814191       9.30646787       9.30311980       9.26818192       9.24652789       9.20656790       9.18491387       9.18323983       9.14495388       9.12329985       9.08333986       9.16082986       9.25829985       9.45323984
       8.81162271       8.93749128       9.07273968       9.09149933       9.22674772       9.11963879       9.39013559       9.06449387       9.14198388       9.14149790       9.06676190       9.21947388       9.29696388       9.14425190       9.22174190       9.21963593       9.06902993       9.14651993       9.14603395       9.07129795
       9.37558789       9.53056789       9.22514394       9.38012394       9.37364397       9.22303797       9.14830197       9.30004199       9.22530599       9.52765201       9.37704601       9.30231001       9.45405003       9.37931403       9.07469999       9.22967999       9.22757402       9.15283802       9.30457804       9.22984204
       9.07923604       9.84311983       9.90079183       9.68781592       9.99777592       9.38692802       9.69688802       9.75002397       9.29404786       7.05162263       9.84009574      10.11916786       8.79379220      12.19622358      13.74451155       9.40895998       9.73641621       9.98351995       9.56879994       9.45302406
      10.01548769       8.97004791       7.72727025       7.46893454       7.56725741       7.59704392       8.27908561       7.61989681       8.30193851       9.42765487       9.69815167       9.28725490      10.00616775       9.68166005       9.53218806       9.83566809       9.68619610       9.38158206       9.30684606       9.45858608
       9.38385008       9.23324408       9.53559010       9.46085410       9.61259412       9.53785812       9.38611811       9.31138211       9.46312213       9.38838613       9.99194416       9.69073215       9.54012615       9.46539015       9.61713017       9.54239417       9.84474019       9.69413419       9.61939819       9.77113821
       9.69640222       9.73976420       9.94788015       9.82270819       9.67323620       9.62463614       9.47516415       9.55173606       9.25279208       9.08377209       9.23875209       9.23778013       9.08830814       9.39600012       9.39178817       9.24231618       9.54466220       9.46992620       9.62166622       9.54693022
       9.39632422       9.09511221       9.14824816       9.61065022       9.53591422       9.51161420       9.43687820       9.46117823       9.38644223       9.36214220       9.28740621       9.32569216       9.26310618       9.18837019       9.16407016       9.08933416       9.22482023       9.07534824       9.11363419       9.03889819
       9.01459817       9.00259938       9.00275061       9.12762012       8.97814812       8.92954807       8.90555050       8.97829935       8.96630057       8.94200054       8.93000175       8.95430178       8.94230299       8.91800297       8.90600418       8.88155292       8.88170415       8.86970537       8.84540534       8.83340655
       8.84714424       9.02815218       8.82820100       8.64829460       8.75560337       8.57569698       8.34213620       9.51026403       9.01352877       8.95665609       8.45992083       7.11270722       9.21542414       9.50054380       8.59982385       9.28454404       8.10103670       9.98265620      10.23235184       9.75974388
       9.82108810       9.31132799       9.31651178       9.53596781       7.79967355       7.37475820       8.16497281       8.07278424       8.94747602       8.80804793       8.74054804       8.85206879       8.80865284       8.80895530       8.80910652       8.79710774       8.77280771       8.76080892       8.73635767       8.73650890
       8.72451011       8.70021008       8.68821130       8.66345759       8.66376004       8.63976247       8.59116241       8.56716484       8.68300574       8.50309935       8.67353412       8.58358092       8.63723531       8.54728211       8.43050172       8.19694095       8.60093649       8.51098330       8.56463768       8.47468448
       8.35790409       8.52833886       8.43838567       8.49204005       8.40208685       8.28530647       8.05174569       8.68546802       8.60216763       8.57817006       8.69677569       8.64623164       8.87468414       8.77359603       8.46034204       8.37038884       8.49437283       8.34329163       8.28043564       8.19048245
       8.25333843       8.16338523       8.46987841       8.22624122       8.13628802       8.26027201       8.10919081       8.04200405       7.86209765       7.98780962       7.80790323       8.53793999       8.29430279       8.14322160       8.32833358       8.17725239       8.60600156       8.36236437       8.21128317       8.39639516
       8.24531396       7.93361519       7.75370880       8.00167677       7.69951437       7.58462414       7.08788888       7.56514085       7.20532806       7.45675200       7.09693921       7.19532722       7.34754237       9.80467172       9.16876816       9.29663975       9.33206377       8.28792024       9.59126386       9.79862418
      10.51660774       9.66988821       7.68692144       7.92046096       8.34088339       7.62013444       8.28645111       8.27375064       7.62765112       9.11898029       9.23050104       9.14433863       9.23721856       9.01080729       8.90971918       9.14693045       9.03708358       8.98653952       9.10514516       9.05460110
       8.67406314       8.43042595       8.27934475       8.46445674       8.31337554       8.74212472       8.49848753       8.34740633       8.53251832       8.38143712       8.06973835       7.76757595       8.13779993       7.83563753       8.81018630       8.56654911       8.41546791       8.60057989       8.44949870       8.93677308
       8.78569188       8.97080387       8.81972267       8.63461068       8.48352948       8.66864147       8.51756027       8.20586150       7.90369911       8.27392308       7.97176068       9.15028921       9.10682454       9.05628048       9.04212172       8.99157766       9.02088357       8.97741890       8.92687484       8.91271608
       8.89098374       8.86571172       8.85863234       8.83336031       9.01448177       8.86340057       8.98213036       8.91672558       8.66344128       8.94977895       8.88437418       8.91742754       8.85202277       8.77009131       8.26352270       8.88507613       8.81967136       8.85272472       8.78731995       8.70538849
       8.82037332       8.75496854       8.78802191       8.72261713       8.64068567       8.47682275       7.34836315       6.98855036       7.48448630       6.88016151       6.97854952       7.46368553       7.08346072       7.54246060       8.68752014       9.83145630       8.65814430       9.55065605       7.17940810       8.51264619
       7.99692466       7.04116831       7.92953291       7.59939866       7.94612153       8.14855706       7.47463696       7.59576950       7.90819174       7.97106953       8.49759130       7.87870808       8.27451727       8.61473887       8.13489493       8.47511654       9.17803451       9.38616131       9.13881962       9.40300925
       9.21329100       9.08962016       9.22171497       9.09804413       8.95496048       9.29518209       8.76518833       8.93529913       8.69537716       8.69358435       8.93350632       8.93171351       8.75266843       8.75177203       8.63181104       8.63091464       8.75087562       8.74997922       8.63001823       8.62912183
       9.37479427       9.25112343       9.13307949       9.13432958       9.07249416       9.01347219       8.97401979       9.12745258       9.08393664       9.02210121       8.98546227       8.92362684       9.01065874       8.94882332       8.91218437       8.85034895       8.88698789       8.82515247       8.78851352       8.72667810
       8.97151960       8.93206720       8.85066221       8.81120981       8.89261480       8.85316240       8.77175741       8.73230501       8.72980482       8.69035241       8.60894742       8.56949502       8.57074512       8.73355510       8.60988426       8.49184032       8.41293552       8.94910137       8.89855732       8.95752534
       8.83385450       8.84801326       8.82628093       8.80100890       8.79392952       8.76865749       8.81212216       8.78685014       8.77977075       8.75449873       8.76157811       8.73630608       8.72922670       8.70395467       8.96594931       8.84227847       8.97437328       8.87951416       8.81767874       8.88372614
       8.82189072       8.74741935       8.72214732       8.75163133       8.68979591       8.66806357       8.75584332       8.69400789       8.76005530       8.69821988       8.60336075       8.70679240       8.57598285       8.64208959       8.51128003       8.34741711       8.47963058       8.21801148       8.96026579       8.89843037
       8.86179142       8.79995600       8.83659495       8.77475953       8.73812058       8.67628516       8.68316216       8.55949131       8.63276921       8.50909837       8.43582047       8.31214963       8.32590362       8.07856194       8.21797902       7.95635992       7.82408154       7.56246244       7.89028564       7.51006082
       7.36698252       7.69679286       8.15080320       9.47289609       9.40204805       8.74627184       9.76233578       7.97351024       8.02232623       7.05507828       6.85782717       7.72009932       7.54833589       7.54090534       7.84416951       8.00452810       6.21941783       7.14307695       7.28768898       6.70066585
       7.34544742       7.59946341       7.99527259       8.28534438       8.45545518       8.21553321       8.21374040       7.85565025       7.97381843       8.03290252       8.03200611       7.91204512       7.91114872       7.73210365       7.79118773       7.79029133       7.67033034       7.66943394       7.48058785       7.63647506
       7.67796863       7.83385584       7.66417707       7.66238426       7.76286746       7.76107465       7.66059145       7.63457424       7.63367784       7.68391944       7.68302303       7.73505744       7.73416104       7.78440264       7.78350623       7.73326463       7.73236823       7.78260982       7.78171342       7.86155784
       7.85976503       7.96024823       7.95845542       7.83374783       7.83285142       7.88309302       7.88219662       7.85617941       7.93243822       7.93154181       7.98178341       7.98088701       7.95486980       8.45366237       8.51274646       8.51185006       8.39188907       8.39099266       8.27282449       8.27192808
       8.15196710       8.15107069       8.27103168       8.27013527       8.15017429       8.14927788       8.51095365       8.51005725       8.39009626       8.38919985       8.44828394       8.20836197       8.20656916       8.03110971       8.03021330       7.91025231       7.90935591       7.96844000       7.72851802       7.72672521
       7.84489339       8.40793514       8.32903034       8.16622035       8.08731555       8.08981574       7.76419578       7.60638618       7.65700583       7.65521302       7.75569621       7.75390340       7.70186899       7.90283539       7.77003854       7.51174574       7.61138656       7.10242577       7.19612654       7.37916499
       8.15901139       8.28938875       7.71854406       7.65702697       9.91526381       9.42105569       7.77029770       8.14164451       9.81590431       9.43920021       9.39427174       9.71999983       6.91295033       7.51291187       7.46452776       5.82612511       6.85013761       7.49491918       6.85797820       7.60546789
       7.87534940       8.03123661       7.95008528       8.22861739       8.05893862       8.05714581       8.15762901       8.15583620       8.03112860       8.03023220       8.08047380       8.07957739       8.05356019       8.12981899       8.12892259       8.17916419       8.14596497       8.08764496       8.25631940       8.23030219
       8.22940579       8.27964738       8.24644817       8.35500978       8.29668977       8.26349056       8.31373216       8.28053295       8.19620657       8.16300736       8.21324896       8.18004975       8.12172974       8.22221293       8.15581451       8.00535963       8.28389174       8.04117247       8.04380774       8.36933596
       8.32089525       8.28769603       8.31817904       8.28497983       8.24929396       8.31546283       8.28226362       8.25544183       8.27954741       8.23653911       8.17014069       8.23110670       8.16470827       8.12925196       8.19542083       8.21952641       8.13539983       8.15950541       8.00920995       8.07537883
       8.09948441       8.01535782       8.03946341       8.22567428       8.15927585       8.10563228       8.15384344       7.97100494       7.83820809       8.03917449       7.90637764       7.64808484       8.06782684       7.93502999       8.05696201       7.92416516       7.87512230       7.92175659       8.19720018       8.52701052
       8.21558170       7.98588727       7.00297889       7.28352014       8.44611819       9.36144025      10.21679984       7.22321256       7.63698269      10.18656024      10.18656024       9.39427174       9.34502387       9.34502387       7.79751353       7.31617939       5.55854395       6.92960387       7.67709356       7.18884717
       7.41184561       7.80108846       7.80372373       7.56100446       7.56363973       7.88916795       7.95533682       7.97944240       7.89531582       7.91942140       7.76912595       7.83529482       7.85940040       7.77527382       7.79937940       7.98559027       8.03380144       7.86554827       7.91375943       7.64908395
       7.71525282       7.73935840       7.65523182       7.67933740       7.52904194       7.59521082       7.61931640       7.53518981       7.55929540       7.74550627       7.79371743       7.64342198       7.66752756       7.58340098       7.60750656       7.67367543       7.42838049       7.43101576       7.40321655       7.36079416
       7.45146554       7.49967671       7.41635475       7.46456591       7.54461278       7.56871836       7.52705738       7.55116296       7.59609903       7.50950198       7.53360756       7.49194658       7.51605216       7.56098823       7.38124395       7.42945511       7.34613315       7.39434431       7.47439118       7.49849676
       7.45683578       7.48094136       7.52260234       7.54670792       7.50504695       7.52915253       7.44255548       7.48749155       7.51159713       7.46993615       7.49404173       8.04609718       7.91330033       7.80601317       7.90243550       7.85339264       7.65086037       7.74728270       7.57408860       7.62229976
       7.53570271       7.55980829       7.51814731       7.54033050       7.58334418       7.66937154       7.84423426       7.85525028       7.76632311       7.87149346       7.87542468       7.84980718       7.87989590       7.85427840       7.80074287       7.97185816       7.78897090       7.76443875       7.84999640       7.75855277
       7.74628669       7.78906551       7.74334370       7.73418532       7.85701095       7.45620123       7.79257279       7.59216793       7.76035371       7.66015128       7.70547351       7.67786329       7.62759195       7.52704926       7.79120651       7.75967057       7.74390260       7.73474422       7.74796340       7.75633342
       7.76779217       7.78453221       7.80744970       7.84092980       7.75773742       7.73012719       7.77932662       7.81694299       7.73211975       7.83051861       7.90575135       7.73610488       7.93290259       8.08336807       7.32596390       7.28565831       7.74407513       7.91285753       8.40326424       7.83224667
      10.13644799       9.32601623       8.19469441       7.88227217       9.35193580       9.35193580       9.35193580       9.34502387       9.34502387      10.03795224       7.31125460       6.45226585       7.33371852       7.27667296       7.31757254       7.40744468       7.45565584       7.37233388       7.41670026       7.24735094
       7.33608371       6.75421207       6.95332083       7.49866952       7.52085271       7.47919173       7.50137493       7.54303590       7.56521910       7.52355812       7.54574131       7.46106665       7.50408033       7.52626352       7.48460254       7.50678573       7.58875499       7.63312137       7.54844671       7.57062990
       7.52896892       7.55115211       7.59416580       7.42211107       7.46647745       7.38315550       7.42752188       7.50949113       7.53167433       7.49001335       7.51219654       7.55385752       7.57604071       7.53437973       7.55656292       7.47188826       7.51625464       7.68159715       7.73418233       7.64264158
       7.69522676       7.79358231       7.60027860       7.62657119       7.58080081       7.60709340       7.65627118       7.56132302       7.58761561       7.54184524       7.56813783       7.61390820       7.64020079       7.59443041       7.62072300       7.70885636       7.76144154       7.66649338       7.69278597       7.64701559
       7.67330818       7.72248596       7.23614044       7.32487320       6.93669951       7.34522032       7.54667824       7.59926342       7.55685180       7.60211463       7.63798950       7.66428209       7.63941511       7.66570770       7.69057468       7.71686727       7.69200029       7.71829288       7.65469981       7.70728499
       7.59474356       7.68526921       7.89875267       7.90976869       7.81402672       7.86661190       7.77507114       7.82765632       7.92601188       7.88676477       7.74315986       7.76945245       7.74458547       7.77087805       7.80960414       7.74601107       7.77230366       7.74743667       7.77372926       7.79859625
       7.82488884       7.80002185       7.82631444       7.86218932       7.91477450       7.86504053       7.91762570       7.76272138       7.80144746       7.82774005       7.80287306       7.82916565       7.76557259       7.80429867       7.83059126       7.80572427       7.83201686       7.86789173       7.92047691       7.85688385
       7.88317644       7.85830945       7.88460204       7.92332812       7.95923274       7.99271284       7.96493516       7.99841525       7.95372496       8.13767054       8.04578419       7.93990095       8.67542380       7.67957764       8.12203211       9.85478398      10.09324829       7.28568016       7.27816347       8.76355197
       8.76355197       8.76355197       9.00115189       9.00115189       9.00115189       7.84874854       5.25502078       5.90956549       5.93457824       5.70574788       5.64915573       6.24986269       6.36023868       5.95042176       6.10806399       6.16325198       5.95834353       6.03716464       6.06475864       5.96230441
       5.98989841       6.45979306       6.54852582       6.21302917       6.25739556       6.08964723       6.11183042       6.01478700       6.11691720       6.26756912       6.56887295       5.80771051       5.88698790       5.92662660       5.95422059       5.93013120       5.95772520       5.89399711       5.94918511       5.82172893
       5.93210492       6.01908269       6.12121290       6.02258730       6.12471750       6.27616050       6.07890931       6.28316971       6.58605572       6.19155332       6.60007414       7.17148060       7.61509068       7.70561633       7.63543780       7.72596346       7.20584614       7.53135830       7.76842379       7.82100897
       7.77859736       7.82386018       7.85973506       7.88602765       7.86116066       7.88745325       7.92617933       7.86258626       7.88887885       7.86401187       7.89030446       7.91517144       7.94146403       7.91659705       7.94288964       7.81648911       7.87929657       7.91802265       7.94431524       7.91944826
       7.94574085       7.88947013       7.92087386       7.94716645       7.92596064       7.94859206       7.96084195       7.97758199       7.96369316       7.98043320       8.00411767       7.96654436       7.98328441       7.96449776       7.97286778       7.96592336       7.90183618       7.84122121       7.71999127       7.74690472
       7.85467794       7.89994077       7.77491999       7.90931517       7.58738883       7.85617918       7.93275116       7.86866398       7.93743836       7.87335118       7.77487681       7.94212556       7.87803838       7.94681276       7.88272558       7.81395120       7.74986402       7.81863840       7.75455122       7.64670245
       7.51852809       7.65607685       7.52790249       7.92179997       7.82332560       7.75923842       7.82801280       7.76392562       7.93117437       7.83270000       7.76861282       7.83738720       7.77330002       7.66545125       7.53727689       7.70452564       7.64043846       7.70921284       7.64512566       7.54665129
       7.47753139       7.37164815       7.33095375       7.07460503       7.34970255       6.68841864       7.45804818       8.04798743       6.66316794       8.01973434       7.22727359      10.12607978       8.25310098       7.66428465       8.71775975       8.71775975       8.71775975       9.42105569       9.42105569       9.42105569
       7.77798726       6.34970907       6.51844810       5.89794455       6.41684136       6.44269665       6.55365586       6.88681435       7.21232651       7.02362886       7.53945851       7.60613763       7.87492798       7.62488643       7.89367677       7.94054877       7.81237441       7.94992317       7.82174881       7.71390004
       7.64981286       7.71858724       7.65450006       7.55602569       7.72327444       7.65918726       7.72796164       7.56264066       7.36293249       7.95929757       7.83112321       7.96867197       7.63803001       7.63141504       7.46609406       7.53486844       7.36954746       7.16983929       7.43832184       7.27300086
       7.34177524       7.17645427       6.97674610       7.78845243       8.05724278       8.09683564       8.02045806       8.01451256       7.68387060       7.99612020       7.96864497       7.36469554       7.19937456       7.50708273       7.34176175       7.02258669       7.64946991       7.48414894       7.79185710       7.62653612
       7.31882796       7.15350698       7.46121514       7.29589417       7.95479405       7.92277739       7.60360233       7.43828135       7.74598952       7.58066854       7.90438503       7.88837671       7.72305573       7.87918053       7.86544292       6.96351615       6.30223224       6.57732976       5.91604585       6.68567540
       6.69194473       6.36130278       6.97671911       6.64607715       6.00772703       7.26149348       6.93085152       7.55773475       7.39241377       7.70012194       7.53480096       7.21562590       6.57727578       6.86903775       9.02102392       7.05300502       7.94551678       8.92166379       9.25430381       8.35971816
       7.44448348       9.26640015       9.26640015       9.26640015       9.57225622       9.57225622       9.57225622       7.77349435       5.28171861       8.00271383       7.20766056       8.19581780       8.00346978       7.91800933       7.88599268       7.85851745       7.86760032       7.84012510       7.88122462       7.82627417
       8.15041455       7.95469700       7.89974655       8.13842649       8.08347604       7.84250912       7.67718815       7.83331295       7.81957533       7.50040027       7.82411677       7.81037916       7.81492059       7.80118298       7.79664154       7.63132057       7.78744536       7.77370775       7.16975832       6.83911636
       7.45453269       7.12389074       7.79425751       7.77824919       7.76451157       7.76905301       7.75531539       7.77586516       7.75985683       7.74611922       7.75066065       7.73692304       7.73930707       7.40866511       7.73238160       7.71864399       7.72318543       7.70944781       7.69343948       7.26977172
       8.17695003       7.83932047       7.75544759       7.81260135       7.78512612       7.90446609       7.87699087       7.74155352       7.72781591       7.78748589       7.77374828       7.71407830       7.70034069       7.76001067       7.64494748       7.84951564       7.70461746       7.58955427       7.64922425       7.53416106
       8.02852559       7.73872923       7.50860284       7.62794281       7.39781643       7.71547149       7.67353504       7.58220217       7.68256118       7.52680897       7.62716797       7.80540307       7.67656440       7.47141576       7.57177476       7.41602255       7.51638155       7.67213376       7.77249276       7.61674055
       7.71709955       7.38311224       7.56134734       7.66170635       7.50595414       7.60631314       7.89533466       7.85339822       7.78454824       7.98526625       7.84038948       7.90343983       7.59269151       7.50881862       7.85642757       7.77255468       7.74567345       7.92270710       6.98293461       7.38581729
       9.37439972       7.58177277       7.02967672      10.21247981      10.21247981      10.21247981       8.96745601       8.96745601       8.96745601       7.57607035       6.07849939       5.95477433       5.70412818       7.90197132       8.51787351       8.38654549       7.97303514       8.04982306       7.80695276       7.34669999
       7.58537992       7.12512716       7.27232582       7.45056093       7.55091993       7.39516772       7.49552672       7.16153940       7.36225741       7.65127893       7.75163793       7.59588572       7.69624472       7.87447983       7.54049251       7.64085152       7.48509931       7.58545831       7.74121052       7.84156952
       7.68581731       7.78617631       7.09571878       7.45218899       7.63042410       7.73078310       7.57503089       7.67538989       7.34140258       7.54212058       7.12931753       6.92735757       7.32879358       6.81220798       7.21364398       8.07519784       8.03326139       7.96441142       8.16512942       8.03629074
       7.83114210       7.93150111       7.77574890       7.87610790       8.05434301       7.72035569       7.82071469       7.66496248       7.76532148       7.92107369       8.02143269       7.86568048       7.96603949       8.25506101       8.21312457       8.14427459       8.34499260       8.06781592       8.21473916       8.33155198
       8.11172882       7.65865798       7.82359018       7.92394918       7.79480278       7.89516178       7.60108318       7.76601539       7.86637439       7.73722799       7.83758699       8.06009399       8.26081199       8.00251919       7.96824001       7.54350839       7.70844059       7.80879959       7.67965319       7.66251360
       7.48593359       7.45165441       7.79166000       7.77452041       7.64537401       7.62823442       7.67566803       7.49908802       7.48194843       7.35280203       7.33566244       7.38309605       8.23727883       8.01745566       7.65213487       7.93191970       7.83349924       7.88447525       7.64495294       7.55356337
       8.59386243       7.51377626       9.51350390       7.41372462       7.53131539      10.41897575      10.41897575      10.41897575       7.65659509       7.65659509       7.65659509       7.32239981       4.84755845       6.49918083       6.18857285       6.01646430       6.67137597       6.74816390       6.02737188       6.00168947
       6.07711669       6.05009511       5.96125422       7.18671953       6.72646677       6.53588995       6.61131717       6.69705839       7.09849439       6.51033719       6.71105520       6.45276240       6.41848322       6.67677601       6.64249683       6.46591682       6.44877723       6.31963083       6.30249124       6.43163764
       6.41449805       6.28535165       6.26821206       6.15254392       6.23807996       6.27579357       6.18014872       6.21786234       6.04679026       6.08450387       5.98885902       6.02657264       6.12221749       6.16498551       6.18384231       6.13601989       6.15487670       6.06934066       6.08819746       6.04037504
       6.05923185       6.10705427       6.12591108       6.07808865       6.09694546       6.27751079       6.26628421       6.24914462       6.23731859       6.22017900       6.24263216       6.22549257       6.21366654       6.19652695       6.20835298       6.19121339       6.17938736       6.16224777       6.23200503       6.21486544
       6.20303941       6.18589982       6.17467324       6.15102119       6.11674201       6.18470092       6.16756133       6.15573530       6.13859571       6.12736914       6.10371708       6.06943790       6.04698475       7.19336161       7.15908243       6.90078963       6.94822324       6.93108365       6.80193725       6.78479766
       7.20651604       7.18937645       7.06023005       7.04309046       7.09052407       6.91394406       6.89680447       6.76765807       6.75051848       6.79795209       6.68993044       6.67279085       6.54364445       6.52650486       6.65565126       6.63851167       6.50936527       6.49222568       6.39735846       6.38021887
       6.25107247       6.23393288       6.28136649       6.53965929       6.50538011       6.24708731       6.21280813       7.06699091       7.34677574       6.48184695       6.76163178       6.14039406       6.10611488       6.08246283       6.04818365       6.02573049       5.97842638       6.17388493       6.47732182       7.47388102
       7.38249145       7.03689149       7.54684585       7.68225628      10.18483210       8.93030385       7.94232013       7.98923511       9.09619199       9.09619199       9.09619199       7.63905596       7.63905596       7.63905596       5.81454739       4.10071673       5.67872662       6.28871061       6.04376625       6.12418317
       6.09850076       6.00965987       6.14690641       6.05806552       6.22747452       6.12019805       6.03135716       6.01837569       5.92953479       5.93092779       5.97369581       5.99255261       5.94473019       5.96358700       5.95513061       5.91576457       5.93462138       5.92786598       5.90565576       6.01140942
       6.03026623       5.98244380       6.00130061       6.04406863       5.95347819       5.97233499       5.92451257       5.94336938       5.98613739       5.97933344       5.93491299       6.00353626       5.95911581       5.89554695       5.91440376       5.90764836       5.88543814       5.92820616       5.91974977       5.89753955
       5.93185119       5.90964096       5.87027492       5.99968064       5.93112228       5.88381817       6.07927671       5.99018208       5.94576164       5.93927090       5.89485045       5.92517410       5.90296387       5.89971851       5.87750828       5.88075365       5.85854343       5.85529806       5.83015023       5.85043001
       5.82690486       5.80175703       5.79851166       5.77336383       5.84069390       5.79364361       5.77011846       5.74497063       5.74172526       5.71657743       5.73685721       5.68656155       5.84672553       5.94445481       5.78993914       5.81984438       6.02874350       5.73987303       5.75482565       5.71147983
       5.72643245       5.76305798       5.68308663       5.69803925       5.65469343       5.66964605       5.71299187       5.72794449       5.68459867       5.69955129       5.79296322       5.89069249       5.73617682       5.76608206       6.29838731       6.77363069       6.22420204       6.41966058       5.97498119       6.17043973
       6.91621220       8.16808334       8.09593904       9.10483205       9.96883172       7.90784662       7.91916470       9.70185595       9.70185595       9.70185595       6.96306259       6.96306259       6.96306259       6.32136986       4.20396470       6.51516470       6.29067590       6.22771199       5.86215341       6.18634777
       6.26965943       6.25136420       6.22482841       6.24580213       6.21078830       6.23176202       6.19940539       6.08563818       6.18536528       6.07159807       6.02382979       5.82122169       5.97187098       5.85810377       5.95783087       5.99783408       5.82780971       5.72721839       5.96754002       5.86694870
       5.72712111       5.62652978       5.61354831       5.51295698       5.61957994       5.65620547       5.67115809       5.62781227       5.64276489       5.56279354       5.59941907       5.61437169       5.57102587       5.58597849       5.67939042       5.70929567       5.62260403       5.65250927       5.50600714       5.54263267
       5.55758529       5.51423947       5.52919210       5.44922074       5.48584627       5.50079890       5.45745308       5.47240570       5.56581763       5.59572287       5.50903123       5.53893647       5.62662706       5.51625099       5.46595533       5.58611615       5.61893735       5.76635737       5.73909816       5.72546856
       5.74187916       5.80195957       5.81837017       5.89208018       5.87845058       5.89486118       5.95494159       5.97135219       5.43318542       5.44813804       5.50967643       5.48780642       5.46309066       5.47804329       5.50275904       5.51771166       5.58616744       5.56429743       5.66265845       5.64078844
       5.56973792       5.52030641       5.55021165       5.59964316       5.62954841       5.73914946       5.71727945       5.81564047       5.79377046       5.72271994       5.91944198       5.87570196       5.73360092       5.72576033       5.92121887       5.61218753       5.67199802       6.41777049       5.63473789       5.69454838
       5.79341140       5.85322189       6.32722315       7.73884796       7.80865937      10.23494373       9.40895998       7.24308458       8.23314220       8.90006425       8.90006425       8.90006425       7.13223349       7.13223349       7.13223349       6.68087995       4.54680005       5.22067677       5.22763192       4.46947196
       4.97344321       5.92807666       6.24880421       6.22277620       6.28176584       6.25400442       6.24099042       6.27048523       6.25747123       5.64235193       5.99257430       5.35520160       5.68965596       5.86476715       5.54608080       5.72119198       6.23296607       6.21995206       6.08939090       6.07637690
       6.20693806       6.23307135       6.22656434       6.16128376       6.15477676       6.10251019       6.09600318       6.03072260       6.02421560       6.08949618       6.08298918       6.01770860       6.01120160       5.94581574       5.97194903       5.96544202       5.90016144       5.89365444       5.84138787       5.83488086
       5.76960028       5.76309328       5.82837386       5.82186686       5.75658628       5.75007928       5.95893502       5.95242802       5.88714744       5.88064044       5.90677372       5.77621256       5.76319856       6.19501479       6.20550165       6.21149560       6.19848160       6.21598851       6.22647537       6.20896846
       6.21858862       6.22383205       6.21507859       6.22032202       6.22797641       6.21409571       6.20758870       6.22233611       6.21582911       6.24359052       6.23708352       6.25183093       6.24532393       6.23057652       6.22406952       6.23881692       6.23230992       6.20108170       6.20632513       6.20932211
       6.20281510       6.21156856       6.21681199       6.20805854       6.21330197       6.21842922       6.20541521       6.20327700       6.14639340       6.21223286       6.18379106       6.20872283       6.18028103       6.15534926       6.12690746       6.15183923       6.12339743       6.08950980       6.03262619       6.09846566
       6.07002385       6.09495563       6.10495643       6.08002466       6.09002546       6.11495723       6.12495804       6.18923689       6.13235329       6.18221684       6.20221844       6.15235490       6.17235650       6.22222005       6.24222165       6.22005734       6.21355034       6.14826976       6.14176276       6.16789604
       6.03733488       6.02432088       6.07658745       5.81546513       6.05220115       6.24642826       6.28643146       6.22204195       6.32498754       6.05262780       6.07262940       6.10002626       6.11002706       6.13495884       6.14495964       6.12002787       6.13002867       6.15496044       6.16496124       6.09263101
       6.11263261       6.14002947       6.15003027       6.17496205       6.18496285       6.16003107       6.17003188       6.19496365       6.20496445       6.19235810       6.21235971       6.26222326       6.28222486       6.23236131       6.25236292       6.30222647       6.32222807       6.09748558       6.04718992       6.16245836
       6.13731053       6.19739094       6.17224311       6.11216270       6.08701487       6.14709528       6.12194745       5.99689426       5.94659859       6.06186704       6.03671921       6.09679961       6.11321022       6.05312981       6.06954041       6.12962082       6.14603142       6.23721589       6.18692023       6.30708104
       6.33990224       6.21974143       6.25256263       6.37272345       6.40554465       6.32643467       6.36643788       6.36499075       6.40499396       6.39163428       6.45727668       6.43019035       6.44057993       5.97941980       6.01224100       6.08595101       6.10236161       6.16244202       6.17885262       6.11877221
       6.13518281       6.19526322       6.21167382       5.99861139       6.01502200       6.07510240       6.09151300       6.03143260       6.04784320       6.10792361       6.12433421       6.15159341       6.16800401       6.22808442       6.24449502       6.23086542       6.28538383       6.31820503       6.43836585       6.47118705
       6.35102623       6.38384744       6.50400825       6.53682945       6.07242399       6.02868397       6.22540601       6.18166599       6.03956495       6.43300903       6.34552899       6.52291908       6.58856149       6.50622233       6.57186474       6.52555428       6.06132692       6.64457018       6.35059420       6.61283975
       7.40828183       7.69608014       9.73123179       9.43142390       8.03269444       8.18458584       8.97436794       8.97436794       8.97436794       7.04963550       7.04963550       7.04963550       5.60640944       4.71208311       3.76945910       4.24189433       4.65497280       3.89188790       4.30496637       3.66461265
       3.71133345       4.12441193       3.80509906       4.11330947       5.05228326       5.22739445       4.87728005       5.08381928       5.40250563       5.56973281       5.65728841       5.49794523       5.58550082       5.25104646       5.33860206       5.17925888       5.26681447       5.42615765       5.51371324       5.35437007
       5.44192566       4.70227683       4.90881607       4.52727362       4.72592885       4.82919847       4.63842724       4.74169686       5.10747130       5.19502689       5.01996969       5.12323931       5.29046649       4.93246808       5.03573770       4.84496648       4.94823609       5.14689132       5.69781270       5.69130570
       5.62602512       5.61951812       5.64565140       5.51509024       5.50207624       5.55434281       5.29322049       5.52995651       4.43699639       4.59328863       4.69655825       4.59051301       4.69378263       4.43144516       4.58773740       4.69100702       4.58496178       4.68823140       4.85007487       5.05661410
       4.84452364       5.05106287       4.42589393       4.58218617       4.68545579       4.57941055       4.68268017       4.42034271       4.57663494       4.67990456       4.57385932       4.67712894       4.83897241       5.04551164       4.83342118       5.03996041       5.27547611       5.51221212       5.26437365       5.50110966
       5.89725368       6.23693528       5.86176491       6.09288494       6.44282646       6.49321925       6.29877612       6.41211129       6.51399841       6.49216077       6.43289045       6.41103128       5.87502723       7.61192625       8.70134400       9.62841602       9.47894426       7.96227828       7.23885130       9.62841602
       9.62841602       9.62841602       8.45389450       8.45389450       8.45389450       6.41243504       4.12741425       3.85214385       3.89886466       4.10658106       4.26068627       4.15346386       4.30756907       3.99263026       4.20034666       4.35445187       4.24722946       4.40133467       4.09756307       4.11533986
       4.30858427       4.46268947       4.38441108       4.53851628       4.26699348       4.57520389       4.41479148       4.57108371       4.67435333       4.56830809       4.67157771       4.41142727       4.48847988       4.43486867       4.51192128       4.56553248       4.66880210       4.58897388       4.66602648       4.82786995
       5.03440918       4.82231872       5.02885795       4.45831007       4.53536268       4.48175147       4.55880408       4.66266228       4.50519287       4.58224548       4.52863427       4.60568688       4.70954508       4.91726149       5.25327119       5.49000720       5.24216873       5.47715523       4.55931168       4.63636428
       4.59722508       4.67427768       4.77089989       4.63513849       4.71219109       4.67305189       4.75010449       4.78924369       4.86629629       4.82715710       4.90420970       4.92500509       5.07911030       5.00083190       4.85207271       4.76844830       4.86507050       4.94212310       4.90298390       4.82860431
       4.84427511       4.78946511       4.71508552       4.67594632       4.60156672       4.77379431       4.62503513       4.54675673       4.39799754       5.33303990       5.56802640       4.87896473       5.76262072       5.72499370       5.95998020       5.71214173       5.89159459       6.00908784       5.88516861       5.97489504
       6.03364167       5.97168205       6.03042867       6.07554021       6.07167375       6.06686785       6.06493462       6.06253167       6.06156505       6.05931868       6.05835206       6.05850863       6.05882177       5.80301290       5.93060419       5.99439984       6.05314647       6.04304842       6.10179505       6.02790135
       6.14539460       5.99760722       6.23259371       6.05779858       6.05683196       6.10644716       6.05700476       6.05546844       6.15469883       6.05581403       6.05274139       6.25120217       6.05343258       6.05944806       6.17278323       6.04728728       6.02074080       6.55914266       5.95529296       7.58609280
       7.53624018       9.67507199       9.99043188       7.28179200       7.89125736      10.54511983      10.54511983       9.77443212       9.77443212       9.54028785       7.75094430       6.00782423       4.31809919       4.40087030       4.41864710       4.72685751       4.57030072       4.27278234       4.47580074       4.45623113
       4.15871276       4.22504635       4.38464876       4.61723752       4.56242753       4.48804793       4.44890873       4.37452914       4.39019993       4.33538994       4.26101034       4.22187115       4.14749155       4.31971914       4.17095995       4.18663075       4.11225116       4.07311196       3.99873236       3.94392237
       4.16316235       4.01440316       3.93612476       3.78736557       3.95959316       3.88521357       3.84607437       3.77169478       3.71688478       3.73255558       3.65817598       3.61903679       3.54465719       3.48984720       4.42488956       5.30854555       3.97081439       4.85447037       3.87908997       3.73033078
       3.99205798       3.84329879       3.59051939       3.51613980       3.64700339       3.57262380       3.44176020       3.36738061       3.49824420       3.42386461       3.69453960       3.55472821       3.48034861       3.61121221       3.53683261       4.08713039       3.80750760       3.65874841       3.92047561       3.77171642
       3.46739943       3.90922742       3.49764212       3.60660874       3.55412612       3.66309274       3.79830066       4.51650603       3.61061012       3.71957674       3.66709413       3.77606074       3.91126866       3.72357813       3.83254474       3.78006213       3.88902874       3.94151136       4.05047797       3.99799536
       4.10696197       4.12920189       4.57102988       4.24216989       4.46010312       6.40699194       6.44420885       5.40016201       6.28381800       5.17830849       6.06196448       6.41694964       6.04549439       5.95477433       5.80754871       6.93645151       7.15858557       9.41155187       9.56188801       7.84330575
       8.32265276      10.06300806       9.42537573       9.77443212       9.77443212       9.54028785       7.69728965       6.14321250       4.42713602       4.01343118       3.95807039       3.86672404       3.51799202       4.31306639       4.01554802       4.08188161       4.24148402       3.91927144       4.05447936       4.16344597
       4.11096336       4.21992998       4.03223944       4.25017267       4.27241259       4.38137920       4.32889659       4.43786320       4.57307112       4.38538059       4.49434721       4.44186459       4.55083121       4.60331382       4.71228043       4.65979782       4.76876444       4.31065806       4.58107390       4.71628182
       4.82524844       4.77276583       4.88173244       4.69404191       4.91197514       3.83719685       4.31917928       4.75504573       4.11028570       4.54615215       4.79100435       5.23283235       4.90397236       5.12190558       5.84011095       4.93421505       5.04318167       4.99069905       5.09966567       5.23487359
       5.04718306       5.15614967       5.10366706       5.21263367       5.26511628       5.37408290       5.32160029       5.43056690       5.45280682       5.89463481       5.56577482       5.78370805       6.18305415       5.98528456       5.96120063       6.03997569       5.13416897       5.32373059       5.43269720       5.27150719
       5.38047381       5.02972218       5.24765541       5.54166382       5.65063043       5.48944042       5.59840704       5.78796865       5.43721703       5.54618364       5.38499363       5.58809301       5.87178740       4.92527539       5.14320862       4.82082860       5.22702736       5.42690300       5.63000238       5.46881237
       5.67191176       5.83310177       6.03620115       5.87501114       6.07811052       5.63322612       5.91692051       6.12001989       5.95882988       6.16192926       5.97016460       6.04893967       6.12729912       6.06448632       6.20586638       6.17445998       6.24777575       6.21636935       6.14830506       6.01217648
       6.13079272       6.18688777       6.14872067       6.08709577       5.70265905       6.20447060       8.14821131       7.62056632       8.92166379       9.19123208       7.87302735       7.15521604       9.93081580       9.42537573       9.42537573       9.79862418       7.25146565       7.46210874       5.81783017       4.12948814
       3.90519375       3.41940968       4.01487855       3.66202091       4.09998248       5.14965609       5.71704487       6.12324363       5.80086361       6.20706237       5.31729358       6.12969111       6.28968512       6.25827872       6.33159449       6.30018809       6.22687232       6.19546592       6.26878169       6.23737529
       6.37875535       6.31069106       6.27928466       6.35260043       6.32119403       6.16931100       6.10649820       6.25312974       6.19031694       6.46257410       6.39450981       6.36310340       6.43641918       6.40501278       6.54639284       6.48358004       6.33169700       6.30029060       6.37360637       6.34219997
       6.27413568       6.41551575       6.38410934       6.45742512       6.42601872       6.35795443       5.35984554       6.17224307       5.27731198       6.08970951       6.56766882       6.50485602       6.52640204       6.46358924       6.46806311       6.43665671       6.44742972       6.41602332       6.37923041       6.42679633
       6.39538993       6.40616294       6.37475654       6.36398352       6.33257712       6.34335013       6.31194373       6.43309547       6.35950965       6.32271674       6.29131034       6.30208335       6.27067695       6.31824287       6.28144996       6.25004356       6.26081657       6.22941017       6.05418836       6.13296343
       6.22182585       6.09620024       6.01356940       6.31641761       6.25360480       6.27515082       6.21233802       6.13875221       6.23388404       6.17107124       6.21863716       6.18723076       6.19800377       6.20648176       6.20957325       6.21575623       5.70196785       6.36396480       4.61289586       6.70464013
       7.49969278       9.45907224       9.80985614       8.23919037       7.54159684       7.63732782       8.88019223       9.50400007       8.41328669       7.31954891       8.56837411       6.23090880       4.37624644       4.53772810       4.05967673       5.55971040       6.35056190       6.27697609       6.21416329       6.23570931
       6.25266530       6.26802834       6.27421132       6.29116731       6.31271333       6.32966932       5.61494154       6.32831400       6.36222598       6.21113405       6.40579328       6.21725477       6.22573277       6.23650578       6.24498377       6.24807526       6.25575678       6.26423478       6.27500779       6.28348578
       6.28657727       6.29276025       6.29425879       6.30273679       6.31350980       6.32198779       6.31121478       6.31969278       6.33046579       6.33894378       6.34662530       6.34971679       6.35819479       6.36896780       6.37744579       6.34203527       6.35899126       6.38053728       6.39749327       6.06359506
       5.57135271       6.14059908       5.64835673       6.37676813       6.38403921       6.39251721       6.39493104       6.40340903       6.39855178       6.41550777       6.40099520       6.40947319       6.41188702       6.42036502       6.42763610       6.42277885       6.43125684       6.43367067       6.44214867       6.44941975
       6.42033543       6.43729142       6.44211908       6.45907507       6.44456250       6.45304049       6.45545432       6.46393232       6.46151849       6.46999648       6.47241031       6.48088830       6.47603106       6.48330214       6.49178013       6.49419396       6.50267195       6.20088474       5.70864239       6.35662080
       6.11049963       6.37840445       6.13228328       5.75220969       4.87149119       4.49541361       4.99206251       4.87803599       6.53140820       5.99261736       8.21966410       7.71085450       9.78393594       7.95467547       7.92253423       8.00435522       7.93558108       7.85566110       7.70368294       7.18346850
       5.63086050       6.30627112       6.03644398       6.51214077       5.99108395       4.55155196       4.44294732       3.59104306       5.38058164       6.13269374       5.48534165       5.99581448       6.48327255       6.49781471       6.50508579       6.51356378       6.51597761       6.52445560       6.51959836       6.53655434
       6.36609260       6.54138201       6.55833799       6.48279203       6.58012164       6.45627248       6.33321189       6.46716431       6.34410372       6.15406693       6.47805613       6.35499554       6.48894796       6.36588737       6.17585057       5.79577699       6.49983978       6.37677919       6.51073161       6.38767102
       6.19763422       6.52162343       6.39856284       6.53251526       6.37729765       6.24334523       6.08812763       6.22208004       6.06686243       5.88719901       5.57676379       5.84466861       5.53423340       6.29765297       6.49231220       6.27795367       6.47261289       6.43934903       6.20898503       6.05376742
       6.20406020       6.04884259       6.42949937       6.19913537       6.04391777       6.19421055       6.03899294       5.81847859       5.50804337       5.80862894       5.49819372       6.41964972       6.18928572       6.03406811       6.18436089       6.02914329       6.40980007       6.09936485       5.87885050       5.72363290
       5.87392568       5.71870807       5.56841529       5.41319768       5.56349046       5.40827285       5.78892963       5.55856563       5.40334802       5.55364081       5.39842320       5.17490655       4.55403612       5.08984577       4.46897533       4.70791442       5.03746572       4.41659529       5.17790885       4.86747363
       5.24813042       5.09291281       5.24320559       5.09488920       4.87142642       4.57084086       4.27420808       4.57479364       4.27816087       4.37338447       4.88022838       4.38129004       4.88813396       5.72160225       6.34208395       5.64444704       6.31346389       6.55015684       8.08185618       8.12989455
       9.86860783       7.88382743       8.28740161       5.81955831       7.87769251       7.30200978       7.70955824       8.20471686       6.29855987       6.17310714       5.90818310       5.63012632       6.26933513       6.28080472       6.11128790       6.15940190       6.16513670       6.08037829       6.10443529       6.10730268
       6.06492348       6.06779088       6.02027631       5.48774990       6.03487249       5.76860929       6.04217058       5.90903898       6.00265877       5.88445278       5.71943689       5.38940511       5.83979750       5.94463308       5.99705088       5.99991827       5.90081748       5.90368488       5.75216629       5.75790108
       5.45486391       5.46633350       5.94224898       5.82404298       5.84601558       5.72780959       5.59861730       5.64256249       5.40615050       5.14776592       5.23565631       4.76283234       4.72934155       4.28561282       4.24606318       4.27524477       4.27455374       4.11272632       6.70861441       6.34573432
       6.23980798       5.77907998       5.46864476       5.76923033       5.47259755       6.22010867       5.62684312       5.95000065       5.86653827       5.24518198       5.09686559       5.24715838       5.09884199       4.94854921       4.80023282       4.95052560       4.80220921       5.17596477       4.87933200       4.65191643
       4.50360004       4.65389282       4.50557644       4.28211366       4.65586922       4.50755283       4.65784561       4.50952922       4.35923644       4.21092005       4.36121283       4.21289645       5.03357757       4.58665201       4.36318923       4.21487284       4.36516562       4.21684923       4.59060480       4.29397202
       4.26050825       4.51393020       4.26446103       4.51788299       4.89603953       4.20407014       4.33078111       4.20604653       4.33275751       4.52183578       4.20802292       4.33473390       4.20999932       4.36815990       4.49289448       4.65105506       4.52632048       4.68448106       4.83815694       5.15447810
       4.80921564       4.96737622       4.84264164       5.00080222       5.22133009       5.00708515       4.41381959       4.94619473       4.35292918       4.22255701       4.53887817       4.19211180       4.37240697       4.81773683       4.97589741       4.73450124       4.89266182       5.13405800       5.29221858       5.05082240
       5.20898298       4.68872813       4.96758680       5.12574738       4.88435120       5.04251178       4.23659157       4.52225693       4.83857809       4.49181172       4.67210689       5.52868185       6.16132417       5.66238583       6.29502815       6.58087185       5.48784165       5.80416281       5.28390796       5.44206854
       5.20067236       5.35883294       5.63769161       6.19540895       5.11743676       5.27559734       5.03420116       5.19236174       5.47122041       4.95096556       5.10912614       4.86772996       5.02589054       5.30474921       5.86246655       6.38163344       6.82369941       8.15711038       7.64190748      10.15199998
       7.23936930       8.56137606       7.92002908       5.73652780       7.55585257       7.76796481       5.62196143       5.93965421       4.88319833       4.42184394       4.87190162       4.24567436       1.48504321       4.62646071       3.98563205       4.23791989       4.30721267       4.55822634       4.17570116       4.46136652
       4.64166169       4.43092131       4.61121648       4.11481074       4.40047610       4.58077127       4.37003089       4.55032606       3.98634477       4.08557512       4.35541308       4.53570825       4.35662267       4.53691784       4.08799430       4.44858464       4.78449436       4.94265494       4.76927176       4.85941935
       5.13827801       4.75404916       4.84419674       4.73882655       4.82897414       4.97180682       5.52952416       4.72360395       4.81375153       4.70838135       4.79852893       4.94136161       4.69315874       4.78330633       4.67793614       4.76808372       4.91091640       5.19658176       5.71574864       4.67062723
       4.76077482       4.67123203       4.76137961       4.89629859       4.67183682       4.76198441       4.67244162       4.76258920       4.85213199       4.94227958       4.85273678       4.94288437       5.07659376       5.25688893       5.07780335       5.15236655       4.71842260       4.85334158       4.94348916       4.85394637
       4.89122797       4.71963219       4.80168518       4.83896678       4.74942399       4.78670559       4.97328096       5.04784416       4.86875858       4.94332178       5.43715179       5.45432379       5.22810702       5.61859191       5.75009265       5.98987428       5.56221586       5.61332137       6.30555823       8.20039683
       8.74454370       9.28713593       7.24593611       7.66644466       7.97627501       6.81499444       7.32285369       7.16986075       6.49486079       5.27627519       4.73221445       5.95840348       3.41219514       3.45349446       4.21865294       4.37088946       4.04637119       4.20497996       4.15089358       4.10110563
       3.75649920       3.99118312       4.09041347       4.45100381       4.09283265       4.24195904       3.59678874       3.92970948       4.07883588       3.53289592       3.96163432       4.61510980       4.69716279       4.73444439       4.64490160       4.68218320       4.51058742       4.59264041       4.62992201       4.54037922
       4.57766082       4.76423619       4.83879939       4.65971381       4.73427701       4.40606503       4.48811802       4.52539962       4.43585683       4.47313843       4.30154265       4.38359564       4.42087724       4.33133445       4.36861605       4.55519142       4.62975462       4.45066904       4.52523224       5.01906225
       5.40954714       4.81001748       5.20050237       4.21998106       4.29055366       4.32783525       4.26125327       4.29853486       4.16138028       4.23195288       4.26923448       4.20265249       4.23993409       4.36910746       4.44367066       4.31050668       4.38506988       4.10277950       4.17335210       4.21063370
       4.14405171       4.18133331       4.04417872       4.11475132       4.15203292       4.08545093       4.12273253       4.24791529       4.28519689       4.21861490       4.25589650       4.32646910       4.18931451       4.22659611       4.16001413       4.19729572       4.26786832       4.64689431       5.03737921       4.52969275
       4.92017765       5.89075210       5.94185761       5.56450577       6.14958490       6.20792625       6.83061134       9.05385604       9.54547226       7.85626585       7.81384315       8.18192872       7.75949746       8.37818643       7.92337676       6.96247897       6.76203105       7.05684941       6.65834016       6.55811620
       6.70552538       6.50627076       6.45615878       6.52986337       6.40489115       6.42453107       5.94997904       6.38936621       6.15209020       6.37178378       6.25314577       6.32051616       6.22879178       6.10338221       5.85256307       7.13878906       6.74649521       6.55034828       6.42537607       6.56772550
       6.43927567       6.78124964       6.52434999       7.20829793       6.69449863       6.19857066       6.10684628       6.21247027       5.88730928       5.85949121       6.07073918       5.42041721       5.36478108       5.78727701       4.48663306       5.35092479       4.04946005       4.37536080       3.07389606       1.14834240
       6.01076188       5.27878096       2.80955527       4.70249285       4.52524310       4.27584953       4.46158792       4.35970072       3.87141128       3.83698091       3.95526247       3.79032493       4.03643526       3.87964092       3.96113769       4.32920157       4.22292954       3.63221277       4.33697751       3.74626075
       4.28254559       4.52865592       4.20724802       4.41065516       4.53371033       4.37300638       4.49606154       4.39679870       3.95236253       3.65700415       3.95515973       3.65980135       4.46778172       4.21286933       4.43013293       4.24836084       4.12090464       4.22953644       4.10208025       3.95795694
       3.73573885       3.58805966       3.73713745       3.58945826       3.99344844       3.86599225       3.97462405       3.84716786       3.73853605       3.59085686       3.71971166       3.59225547       3.04149601       2.96164078       3.15554399       2.56482723       3.13608237       3.55683955       3.77120875       3.35843277
       3.57280197       2.73128760       2.94565680       2.53288082       2.74725002       3.16002599       3.37040459       3.47758918       3.27120120       3.37838579       2.95762861       3.06481321       2.85842522       2.96560982       3.17199781       3.27918240       3.07279442       3.17997902       3.36164577       3.06628738
       3.36444297       3.06908459       2.77092900       2.47557062       2.84686650       2.69918731       2.84826511       2.70058592       2.55150812       2.40382893       2.55290673       2.40522753       3.44038047       3.29270128       3.44177907       3.29409988       3.14502209       2.99734290       3.14642069       2.99874150
       3.37003738       3.07467900       2.84966371       2.70198452       2.85106231       2.70338312       2.48116503       2.77932062       2.48396224       2.38078443       2.48796903       2.38218303       2.48936763       2.59515363       2.70233823       2.59655223       2.70373683       2.38358164       2.49076624       2.38498024
       2.49216484       2.65224243       2.80952283       2.91670742       2.81092143       2.91810603       3.07818362       2.86661163       3.08098083       2.44067044       2.65503964       2.44346765       2.65783684       2.97799204       3.98158734       4.01886894       3.88238395       3.98956855       4.05615054       4.09343214
       4.02685015       4.06413175       3.78318056       3.89036516       3.68397717       3.79116177       4.00154036       4.13470434       4.20926754       4.07610356       4.15066676       3.58477378       3.69195838       3.48557039       3.59275499       3.80313358       3.39035761       3.60472680       4.02548399       4.41249119
       4.80297609       4.29528963       4.33270087       3.40113602       3.82987442       3.40673043       3.63046320       3.87944643       4.62395533       5.20903447       3.95426890       4.26094574       6.38176294       6.65340449       8.83958379      10.07856005       8.41656947       8.45147548       8.63179222       7.03479591
       5.22035267       6.29326795       5.57154708       1.37401925       1.60980475       1.34827193       2.86087672       2.15308802       3.93111371       4.35717366       3.90428646       4.41670330       4.55783752       4.53299749       4.33077836       4.58112229       4.43802234       4.35750837       4.48268033       4.40216636
       4.56149877       4.66183071       4.57290361       4.67323554       4.66888848       4.58837451       4.67459090       4.59407693       4.50786054       4.44604946       4.40579247       4.44890067       4.40864368       4.53226585       4.49200886       4.53511705       4.49486007       4.45175188       4.41149489       4.45460309
       4.41434610       4.68029331       4.61848223       4.57822525       4.62133344       4.58107646       4.68599573       4.62418465       4.58392767       4.62703586       4.58677888       4.53796826       4.49771128       4.54081947       4.50056249       4.43875141       4.52496779       4.44445383       4.16975043       4.00872249
       4.27699440       4.19648043       4.32165240       4.25010242       4.20984544       4.27243142       4.23217443       4.11596646       4.03545250       4.16958845       4.12933147       4.19191745       4.15166047       4.08907448       4.04881750       4.11140348       4.07114650       3.92625372       3.96700210       3.97091171
       4.01166010       4.00775049       4.04849888       4.05240848       4.09315687       4.01556970       4.03496650       4.05534069       4.05729549       4.07766969       4.03887610       4.05925030       4.06120510       4.08157929       4.07962449       4.09999868       4.10195349       4.12232768       4.07571488       4.09608908
       4.09804388       4.11841807       4.11646327       4.13683746       4.13879227       4.15916646       4.14172447       4.18247286       4.36553549       4.32527851       4.36838670       4.32812971       4.28502152       4.24476454       4.28787273       4.24761575       4.35253502       4.27202105       4.18580467       4.10529070
       4.19150708       4.13761507       4.32083166       4.21304764       4.09871888       4.13946727       4.13104326       4.17179165       4.21675204       4.19990402       4.28140079       4.08924726       4.21230243       4.11255366       4.13292785       4.13488266       4.15525685       4.15330205       4.21482963       4.17563104
       4.19600524       4.33535759       4.43706116       4.49858875       4.41823677       4.47976435       4.27635721       4.33788480       4.25753282       4.31906040       4.39941238       4.46093996       4.38058799       4.44211557       4.15721166       4.17758585       4.17954065       4.19991485       4.21931164       4.22322125
       4.26396963       4.26006002       4.38311519       4.30471802       4.34546640       4.46562444       4.33816825       4.44680005       4.31934385       4.21071205       4.08325585       4.19188766       4.06443146       4.35483536       4.09992297       3.88265937       3.62774697       3.84501058       3.59009819       4.17090599
       3.66108121       4.29824881       4.37974559       4.36289757       4.00310639       3.50170562       3.22655400       2.63583724       3.15125643       2.64143165       2.55484805       2.98358645       2.56044246       2.78417523       2.48205606       2.33336166       3.21948000       3.48062401       2.78082720       2.88457195
       4.34790723       4.47050891       5.21570892       9.57398373       7.36577301       7.35773770       7.96374741       6.26952946       3.38808952       2.55640320       1.70026565       2.84005450       2.13641280       2.70224627       3.83978882       4.35220565       3.70766163       4.24602003       4.39000562       3.93439680
       4.38611763       4.58430845       4.65670619       4.70687215       4.66240860       4.71257457       4.55205962       4.66811102       4.70430989       4.72939288       4.70716110       4.73224408       4.65198661       4.71001231       4.73509529       4.70195011       4.73794650       4.71040104       4.67014405       4.71325225
       4.67299526       4.62988707       4.58963008       4.63273828       4.59248129       4.71610346       4.67584647       4.71895467       4.67869768       4.61688660       4.53067021       4.45015624       4.53637263       4.48248062       4.72180587       4.68154889       4.72465708       4.68440010       4.62258902       4.70880541
       4.65491340       4.55791319       4.49896682       4.57095961       4.49702282       4.56901561       4.62544021       4.66143661       4.62446821       4.66046461       4.69743300       4.73342940       4.69646100       4.73245740       4.62349621       4.65949261       4.62252421       4.65852061       4.71300120       4.49507882
       4.56707161       4.49313482       4.56512761       4.62155221       4.65754861       4.62058021       4.65657661       4.71105720       4.61960821       4.65560461       4.61863621       4.65463261       4.70911320       4.74342480       4.68953279       4.74148080       4.72644720       4.62715198       4.73104800       4.70098081
       4.38548042       4.27769640       4.45012917       4.34234515       4.33762554       4.50239037       4.03481517       3.61804319       2.74842723       3.31523282       2.56255922       1.39950725       2.28683522       1.80688315       3.99876471       4.16897287       9.44092772       7.44949440       7.52077431       7.82896327
       8.30882890       5.72797449       0.75258720       2.39414406       2.47898883       3.09225591       2.30273281       3.08441516       3.62277357       4.07449439       3.31115033       3.76287116       2.72879271       2.59593111       4.49119082       4.56318362       4.33537920       4.56123962       4.61766421       4.65366061
       4.61669221       4.65268861       4.68965701       4.72565340       4.68868501       4.72468140       4.63323241       4.68771301       4.72370940       4.68674101       4.72273741       4.21459198       4.63128841       4.68576901       4.72176541       4.68479701       4.72079341       4.47547680       4.70133721       4.73564880
       4.72061521       4.73370480       4.71867121       4.69709281       4.73600520       4.72848841       4.73503321       4.72751641       4.71672721       4.73406121       4.72654441       4.73308921       4.72557241       4.71478321       4.69320481       3.66614636       4.20125398       4.42711440       3.80861998       4.03448039
       2.88087834       3.33259917       4.75029090       4.74277411       4.55397390       4.77814950       4.73525731       4.72774051       4.77063270       4.76311590       4.37158620       4.80600810       4.79849130       4.60969110       4.83386670       4.73415301       4.71911941       4.80490380       4.78987020       3.97895219
       4.41337409       4.63754969       4.21705709       4.44123269       3.58631818       4.03466938       4.86172530       4.85420850       4.66540829       4.88958389       4.86062100       4.46909129       4.69326689       4.27277428       4.49694989       4.93137179       4.65004802       4.18247282       4.73194441       4.70187721
       4.87344600       4.84337880       4.00032001       1.58699523       1.60539843       2.11334397       1.87859525       4.47940797       4.97318390       9.44092772       7.87691551       7.63007014       7.74679652       7.61944293       7.42979525       5.95797098       4.12620474       0.34693920       2.29262408       2.12673594
       2.13185518       1.99899358       1.83967201       1.68488642       2.09561033       2.54733116       1.79714156       1.76206314       3.19368417       3.64203538       2.80105017       3.24940137       4.07645728       4.30063288       3.88014028       4.10431588       4.52480848       4.74898408       4.32849148       4.55266708
       3.69775257       4.13217448       4.35635008       3.93585747       4.16003307       2.43627476       3.30511856       3.73954047       3.96371607       3.54322346       3.76739907       2.91248456       3.36083576       1.61472958       2.03582155       2.71225795       3.16060916       2.70443876       3.15278996       2.02018316
       2.91688557       4.98708898       4.97205539       4.59445498       5.04280618       4.98488039       4.18789167       4.41206727       3.99157467       4.21575027       4.65017217       3.79525766       4.01943326       3.59894066       3.82311626       4.25753816       5.12638197       4.28332318       3.49882736       3.72300296
       3.49491776       3.71909336       3.94717856       4.17135416       3.94326896       4.16744456       3.60114116       3.93935937       4.16353497       3.93544977       4.15962537       4.50566277       4.95401397       4.49784357       4.85909277       3.59332197       3.93154017       4.15571577       3.92763057       4.10825517
       3.58550277       3.88016997       4.06079457       3.83270937       4.01333397       4.40292237       4.76417156       4.30800116       4.66925036       5.00781956       4.79924996       4.81797715       4.65926034       3.86618399       3.54676323       4.41640076       4.09698000       3.90441612       2.22955203       3.94839345
       4.12223046       6.48000031       7.87691551       7.87691551       7.03468826       7.73599707       8.43514586       5.66360650       6.15980176       4.55518080       3.40312320       3.29711046       2.43190078       2.04780957       2.37986641       1.92443036       2.00573281       2.01569043       2.11975921       2.09872082
       2.10369963       2.15573402       2.14521483       2.14770424       2.17372143       2.17621084       1.93829763       1.77355441       2.06500324       1.98263163       2.12835604       2.08717024       2.15686264       2.11567684       2.03964483       1.88758082       2.05806960       2.12488922       2.15829903       2.16078844
       2.09894763       2.10143703       2.00618642       2.01116523       1.82066399       1.83062161       2.14144024       2.10025443       2.08208884       2.04090303       2.00880003       1.97246883       1.89009722       1.82589121       1.75322881       1.58848560       1.58345279       2.00454477       2.90124717       1.98890638
       2.71140477       1.46007358       1.83561118       2.55810957       2.29087441       2.44136158       3.49058157       3.78524877       3.96587336       3.73778817       3.91841276       3.39566037       3.75690956       4.14649796       4.32712256       4.09903736       4.27966196       4.57432916       4.05157676       4.23220136
       4.00411616       4.18474076       4.47940795       3.30073916       3.66198836       3.20581796       3.56706716       3.95665556       4.13728015       3.90919496       4.08981955       4.38448675       3.86173435       4.04235895       3.81427375       3.99489835       4.28956555       4.62813475       4.46941794       4.43829234
       4.27957553       3.12917036       3.49041956       3.07079636       3.43204556       3.77594995       3.95657455       3.74676295       3.92738755       4.21291795       3.71757596       3.89820055       3.68838896       3.86901356       4.15454395       3.01242237       3.37367156       2.95404837       3.31529757       3.65920196
       3.83982656       3.63001496       3.81063956       4.02045115       4.20107575       3.99126416       4.17188875       3.67654676       3.96207716       4.14270176       3.93289016       4.11351476       4.39805154       4.23933473       4.29364255       4.32733855       4.23526855       4.26896455       4.34869555       4.13642152
       3.81700076       4.05593992       4.04969750       4.39775985       3.67848004       4.95642240       5.74153934       7.81341128       7.87691551       7.03468826       5.71821104       5.71821104       6.60493425       5.58524178       5.26798088       6.68666849       3.46921933       2.27257917       1.91859846       1.46953438
       1.31474879       1.48147918       1.51301520       2.37060004       3.04901283       2.56886645       3.67625527       3.04711197       3.61817277       3.90370316       4.08432776       3.87451616       4.05514076       3.55979877       3.84532917       4.02595376       3.81614217       3.99676676       3.50237520       3.50142477
       3.78695517       3.96757977       3.75776817       3.93839277       3.72905639       3.72858117       3.90920577       3.84239698       3.88001877       4.17689456       4.21059056       4.11852056       4.15221656       4.23194755       4.06014656       4.09384256       4.00177257       4.03546857       4.11519956       3.81599642
       3.88586700       3.92080228       3.95842408       3.96379709       4.00141888       3.97185660       4.00679189       4.04441368       4.04978669       4.08740848       3.98797563       4.05784620       4.09278149       4.13040328       4.13577629       4.17339809       4.14383581       4.17877110       4.21639289       4.22176590
       4.25938769       4.01558037       4.04927637       4.10156998       4.13526597       4.14281517       4.18755958       4.22125558       4.27354918       4.30724518       4.31479438       4.27466155       4.26841913       4.32989276       4.18031272       4.66162573       4.28189754       4.01034242       6.63068157       7.64959704
       7.03468826       5.71821104       5.71821104       6.43567659       6.43567659       6.40802889       6.15790074       4.52450869       4.22124483       1.37263686       2.19965756       1.82580482       2.05487283       3.00102845       3.58049164       2.74403164       3.32349483       2.38584963       2.54438282       3.01455542
       3.30428702       2.94340501       3.23313660       2.40208199       2.87225459       3.16198619       2.80110418       3.09083578       4.07933824       4.15458183       3.95083984       4.24057143       4.22982541       4.26476070       4.30238249       4.30775550       4.34537729       4.27550672       4.31312851       4.31850152
       4.35612331       4.35075030       4.38837210       4.39374511       4.43136690       3.82234143       4.11207302       3.69384302       3.94326632       4.08813212       3.87901712       4.02388292       4.36149632       4.39911812       4.29724712       4.44211292       4.47704821       4.23299792       4.37786371       4.16874871
       4.31361451       4.56303781       4.35953879       4.39323479       4.44552839       4.47922439       4.48677358       4.59136080       4.50357838       3.59401861       3.82910491       3.97397071       3.79352971       3.93839550       3.46822290       3.61308870       3.43264770       3.57751349       3.75795450       3.90282030
       3.72237929       3.86724509       4.17348180       4.46321340       4.10233139       4.44060902       3.39707249       3.54193829       3.36149728       3.50636308       3.74144938       3.32592208       3.47078787       3.29034687       3.45948568       3.71884500       4.23756363       4.50536039       4.41757797       4.46015162
       4.22877236       4.36350236       4.21392232       4.19150154       4.04192150       4.04533425       4.07125445       5.76624940       8.75577629       8.75577629       5.71821104       5.71821104       7.53433916       7.53433916       7.53433916       6.19868143       5.59327709       4.67735028       4.43750391       2.23637752
       2.27033288       2.30703123       2.50594562       2.43773281       2.29744081       2.27357280       2.07122398       2.13127197       1.92892315       2.25978117       2.72995377       2.96504007       3.10990586       2.92946486       3.09860367       2.65880335       2.91816267       3.08730148       2.90686048       3.07599929
       2.00818975       2.29792134       1.93703933       2.27531696       2.55728066       2.72641947       2.54597847       2.71511728       2.89555829       3.06469710       2.88425610       3.05339491       2.53467628       2.70381509       2.52337409       2.69251290       2.95187222       2.02701957       1.82467075       1.96081559
       1.75846677       1.75930373       2.09758136       1.72620174       1.76471454       2.43450629       2.60364510       2.26807288       2.43721169       2.77413661       2.10163946       2.27077828       1.93520605       2.10434487       2.44126979       1.69309975       1.73025985       1.74951625       1.71370885       1.73296525
       1.65999777       1.69715786       1.71641426       1.68060687       1.69986326       1.76877264       1.93791146       1.75222165       1.77147805       2.10840297       1.73702336       1.77553615       3.27904468       3.44818349       3.26774249       3.43688130       3.69624062       3.33535861       3.67363623       4.19235487
       3.31275423       3.65103185       3.29014984       3.62842747       4.14714610       4.27664884       3.11511965       3.79167490       2.44938600       3.12594126       3.56570644       3.53730228       4.40225276       6.42271650       6.14476777       7.60752009       7.60752009       7.53433916       7.53433916       7.53433916
       7.53433916       7.53433916       6.43101144       5.95987199       4.13121596       5.37243867       1.37427840       1.76178243       2.32904158       2.18874959       2.28832557       2.35599837       1.89461162       1.69226280       1.84026600       1.62605882       1.62689578       1.66405587       1.68331227       1.64750488
       1.66676127       1.59379379       1.63095388       1.65021028       1.61440289       1.63365929       1.70392137       1.74243416       1.67081938       1.70933217       1.56069180       1.59785189       1.61710829       1.58130090       1.60055730       1.52758981       1.56474990       1.58400630       1.54819891       1.56745531
       1.63771739       1.67623019       1.60461540       1.64312820       1.92389040       1.70968321       2.14548480       1.93127762       1.49557321       1.53219061       1.55144701       1.51672501       1.53598141       1.60637041       1.50125940       1.52051580       1.55665801       1.50505020       1.57259880       1.61111160
       1.54166760       1.58018039       1.71716762       1.61205661       1.56044880       1.66745521       1.61584740       1.82796482       1.72285381       1.67124600       1.77825241       1.72664460       1.51073639       1.54924919       1.62153359       1.51831798       1.78365236       2.46020762       1.71744838       1.79447398
       2.23423916       1.65341519       1.73044078       1.59155278       1.66857837       1.90464475       2.46637433       4.71208311       4.38454075       5.45114852       5.45114852       7.60752009       7.53433916       7.53433916       7.53433916       5.94380137       5.94380137       5.94380137       6.80425926       5.64546261
       4.54299833       2.01441603       2.10746883       2.37762003       2.44529283       2.13822726       2.20590006       2.36707920       2.15287202       2.41172643       2.37446642       1.93876202       1.83365101       1.78204320       1.88904961       1.83744180       2.04955922       1.94444821       1.89284041       1.99984681
       1.94823901       1.73233079       1.62911518       1.84312800       1.73991238       2.16035643       2.05524541       2.00363761       2.11064402       2.05903621       2.27115363       2.16604262       2.11443481       2.22144122       2.16983341       1.95392520       1.85070958       2.06472240       1.96150679       2.29203005
       2.33509504       2.31646504       2.19307504       2.21246103       2.00799005       2.08907103       2.10845702       1.98506702       2.00445301       2.27455022       2.22313952       2.17153171       2.17113751       2.11952970       2.22235112       2.17074331       2.17034911       2.11874131       2.11913551       2.06752770
       2.06713350       2.01552569       2.06811900       1.96490338       1.96411499       1.86089937       2.11834711       2.06673930       2.06634510       2.01473730       1.96332659       2.01434310       1.96273529       1.96234109       1.91073329       1.85932258       1.75650116       1.52969036       1.60671595       1.75128477
       1.54485354       1.78091993       1.75807796       1.55164673       1.55006994       1.49159876       2.16144716       2.82191030       3.66647044       5.47992024       5.47992024       5.45114852       5.45114852       7.53433916       8.18648622       8.18648622       8.18648622       8.18648622       8.18648622       4.59224652
       4.41391692       2.28009601       2.47319997       2.06375034       1.57014725       1.63782006       1.39104006       1.39104006       1.79998203       1.88106301       1.92160350       1.93129650       1.86960150       1.87929449       1.77705900       1.81759949       1.82729249       1.76559749       1.77529048       1.59197400
       1.67305499       1.71359548       1.72328848       1.66159348       1.67128647       1.56905098       1.58843697       1.91033909       1.85873128       1.85833708       1.80672928       1.75531857       1.75453017       1.65131456       1.54849314       1.70233107       1.65072326       1.65032906       1.59872126       1.54731055
       1.59832706       1.54671925       1.54632505       1.53170726       1.51728656       1.48844517       1.54612795       1.54612795       1.54612795       1.54612795       1.54612795       1.54612795       1.54612795       1.54612795       1.54612795       1.54612795       1.54612795       1.54612795       1.54612795       1.54612795
       1.54612795       1.54612795       1.54612795       1.54612795       1.54612795       1.54612795       1.54612795       1.54612795       1.54612795       1.54612795       1.54612795       1.54612795       1.54612795       1.54612795       1.54612795       1.54612795       1.54612795       1.54612795       1.43076239       2.04135121
       1.31224323       1.31224323       3.98848326       3.98848326       5.47992024       5.47992024       5.47992024       5.45114852
