      26.29376793      26.15225029      25.82838440      25.31232262      24.74437714      24.09920311      23.30930901      22.62514687      21.80702591      20.93299675      19.98369026      18.98708534      17.86941910      17.86941910      18.13564634      17.54362774      16.58889580      16.58889580      16.58889580      16.58889580
      16.58889580      16.58889580      16.58889580      16.58889580      16.58889580      16.58889580      16.58889580      16.58889580      16.58889580      16.58889580      16.58889580      16.58889580      16.58889580      16.58889580      16.58889580      16.58889580      16.58889580      16.58889580      16.58889580      16.58889580
      16.58889580      16.58889580      16.58889580      16.58889580      16.58889580      16.58889580      16.58889580      16.58889580      17.06626177      16.82757878      16.70823729      16.62820458      16.70682216      16.62678945      16.82474852      16.70540702      16.62537432      16.70399189      16.62395918      17.06060123
      16.82191825      16.70257676      16.62254405      16.70116162      16.62112892      16.81908798      16.69974649      16.61971378      16.69833136      16.61829865      16.60625994      16.64381850      16.60342968      16.64098823      16.69874120      16.60059941      16.63815796      16.59776914      16.63532770      16.69308066
      16.88936424      16.88936424      16.80858660      16.94720268      17.20077515      17.49247169      17.69085121      17.81308556      17.88638115      26.36151505      26.20369339      25.86834526      25.32624435      24.80200768      24.14069557      23.34192467      22.61354256      21.80819893      20.85213470      19.89815903
      18.93432808      18.12339163      17.53137302      18.08966303      17.52107143      17.05494070      16.81625772      16.69691622      16.61688352      16.69550109      16.61546838      16.81342745      16.69408596      16.61405325      16.69267082      16.61263812      17.04881334      16.81059718      16.65053177      16.80753350
      16.64770150      16.59493887      16.63249743      16.58342654      16.60220581      16.58201140      16.60079068      16.62966716      16.68742013      16.58059627      16.59937555      16.57918113      16.59796041      16.62683690      16.57776600      16.59654528      16.57635087      16.59169561      16.61713755      16.66802144
      17.04366255      16.80495811      16.64512610      16.80287099      16.64303899      17.03948832      16.71982431      16.56530523      16.58064997      16.56426167      16.56340837      16.59599471      16.61133945      16.57875311      16.59409785      16.56226969      16.56151152      16.57685626      16.56046796      16.55961466
      16.62573576      16.65642524      16.59125257      16.62194204      16.56018257      16.55942440      16.55857110      16.55838084      16.55752754      16.55809546      16.55733728      16.55648398      16.55629373      16.55544043      16.55676937      16.58745885      16.55563068      16.55477738      16.55458713      16.55373383
      16.55297565      16.76978922      16.90840530      16.68521786      16.74659681      16.61625147      16.67763042      16.82004023      17.12071800      17.44531822      17.67934608      17.80474091      17.87713432      26.47754097      26.31918526      25.95449066      25.39498520      24.88223839      24.19883347      23.35776901
      22.62951279      21.75461388      20.78977966      19.76937485      18.82392311      18.03743124      17.46883965      18.01403904      17.44544744      17.03531408      16.71565008      17.00919819      16.71147585      16.55600834      16.55430174      16.55392122      16.55221462      16.55354357      16.55269027      16.55250001
      16.55164671      16.55088854      16.55145645      16.55060315      16.55041289      16.54955959      16.54974985      16.54889655      16.54870629      16.54785299      16.54993725      16.54842091      16.54766273      16.54680943      16.54661918      16.54576588      16.54633379      16.54557562      16.54472232      16.54453206
      16.54367876      16.85000277      16.59805679      16.57039356      16.56868696      16.62060022      16.61889362      16.69847012      16.69505692      16.54918194      16.57987142      16.54709482      16.54538822      16.60866404      16.54500771      16.54330111      16.54386902      16.54301572      16.54282546      16.54197216
      16.54121399      16.53969765      16.68210745      16.55485535      16.55400205      16.57995868      16.57910538      16.55314875      16.55229545      16.57825208      16.57739878      16.61718702      16.60335541      16.60250211      16.62845874      16.62760544      16.56356716      16.56186056      16.60164881      16.60079551
      16.62675214      16.59954989      16.55936933      16.66739368      16.66568708      16.71760035      16.66319585      16.62550652      16.59830427      16.62426090      16.59705865      16.57110202      16.54389977      16.56985641      16.54265416      16.60879135      16.56861079      16.54140854      16.56736517      16.54016292
      16.58640432      16.71166086      16.55617166      16.60916328      16.55368042      16.60667205      16.68740511      16.93262053      17.14651918      16.88741779      17.10131645      17.39149857      17.64127159      17.77992058      17.85742950      26.70623398      26.52025795      26.12357521      25.53606987      24.97867775
      24.29896355      23.39378548      22.58577156      21.69142151      20.53537369      19.53383446      18.64450455      17.75134087      17.05082941      16.84738350      17.13472366      16.82588196      16.68666124      16.60630012      16.56611955      16.53891730      16.56487393      16.53767169      16.60380888      16.56362832
      16.53642607      16.56238270      16.53518045      16.68167877      16.60131764      16.54691315      16.59882641      16.54442191      16.55118918      16.60418081      16.53607285      16.56256866      16.53482723      16.56132305      16.60168958      16.68242264      16.53358161      16.56007743      16.53233600      16.55883181
      16.59919834      16.53109038      16.55758619      16.52984476      16.55634058      16.59670711      16.67744017      16.67092800      16.59345102      16.53904653      16.58519149      16.53619576      16.65440893      16.55641747      16.52876377      16.55525959      16.52733839      16.55434322      16.58175540      16.60825121
      16.58083904      16.60733485      16.53870273      16.57992268      16.60641849      16.57849729      16.60550213      16.64753675      16.70052838      16.64570403      16.69869566      16.53585196      16.57707191      16.60407674      16.57564652      16.60265136      16.53300118      16.57422113      16.60122597      16.57279575
      16.59980059      16.64387131      16.69686294      16.64102054      16.69503021      16.83890629      17.05280495      16.77909946      16.88508272      16.77543402      16.88141727      17.02851439      17.36073112      17.60328865      17.74841309      17.82458115      27.04010773      26.79801941      26.35126114      25.75040436
      25.11728668      24.35413742      23.46774483      22.60632133      21.41242790      20.28082085      19.30970955      18.44668579      17.58135796      17.10168552      16.79284382      16.95569992      16.77778482      16.64870739      16.55071592      16.64300585      16.57093763      16.52194190      16.56808686      16.51909113
      16.53015041      16.57137036      16.59837520      16.56994498      16.59694982      16.52729964      16.56851959      16.59552443      16.56709421      16.59409904      16.63816977      16.69217944      16.63531899      16.68932867      16.52444887      16.56566882      16.59267366      16.56424344      16.59124827      16.50880837
      16.53581321      16.50738299      16.53438783      16.56281805      16.58982289      16.56139266      16.58839750      16.63246822      16.68647790      16.62961745      16.68362713      16.63547635      16.56432211      16.51532638      16.55964339      16.51064765      16.62611890      16.55496466      16.50596893      16.55028594
      16.51470882      16.49021095      16.51236945      16.48787159      16.50675964      16.53376448      16.50442028      16.53394318      16.57436109      16.50208092      16.53160381      16.49974155      16.52926445      16.57471848      16.65555429      16.49740219      16.52692509      16.49506283      16.52458572      16.57003975
      16.49272346      16.52224636      16.49038410      16.51990700      16.56536102      16.65626907      16.77176857      16.87775183      16.76606703      16.87408638      17.02118349      16.81794071      17.01823282      17.29433632      17.55799675      17.70453072      17.78160095      27.38142014      27.20324135      26.70519257
      26.00217438      25.26651001      24.42790794      23.47077560      22.40575981      21.34467697      20.03941917      18.96212006      18.09604836      17.50305080      17.09683228      17.29314852      16.98957944      16.81602502      16.80749583      16.63394141      16.74972343      16.62548280      16.62112212      16.52249455
      16.54497111      16.54279077      16.49347699      16.49129665      16.64247060      16.46891618      16.54929650      16.46251929      16.45825469      16.45661151      16.46087611      16.45923293      16.45685607      16.45603448      16.45390218      16.45308059      16.45521289      16.45439130      16.45225900      16.45143741
      16.48543847      16.48325813      16.47953069      16.50382501      16.50273484      16.50087112      16.51608270      16.48107779      16.47276860      16.47167844      16.48611647      16.48502630      16.50164467      16.50055450      16.51499254      16.51390237      16.49946433      16.49837416      16.51281220      16.51172203
      16.46749407      16.48270565      16.46454018      16.47975177      16.49791723      16.51312882      16.49496335      16.51017493      16.46158630      16.47679788      16.45863241      16.47384399      16.49813831      16.53446925      16.53228891      16.52856147      16.55898464      16.64359868      16.59460294      16.59210455
      16.58992422      16.54560721      16.51003009      16.48553222      16.50769073      16.48319286      16.55434710      16.52984923      16.55200773      16.52750987      16.50535136      16.48085350      16.50301200      16.47851413      16.54061043      16.53843009      16.48911631      16.50035459      16.49926442      16.47460753
      16.47351736      16.54966837      16.52517051      16.52392131      16.52283114      16.48725402      16.49817425      16.49708408      16.47242719      16.47133702      16.48257530      16.50163651      16.56068230      16.49695778      16.55600357      16.64691162      16.51946259      16.63755417      16.47058827      16.46949810
      16.48393613      16.48284596      16.46840793      16.46731776      16.48175579      16.48066562      16.50341284      16.50123250      16.47235644      16.47017610      16.49905217      16.49687183      16.54236627      16.53800559      16.54147959      16.65957117      16.59487104      16.71296263      16.81937027      17.01966238
      16.86340427      17.00896311      17.26909828      17.49712372      17.65663719      17.73657227      27.73991394      27.60954857      27.20918846      26.21868134      25.37980843      24.38636589      23.33897591      22.21364212      21.03311348      19.67048454      18.64862633      17.99332905      17.54464865      17.83700323
      17.35515738      16.92898130      16.62541223      16.54076731      16.45399010      16.44972551      16.44808233      16.44332862      16.44381773      16.44406229      16.44324070      16.44110841      16.44028682      16.43790996      16.43815452      16.43733293      16.43520063      16.43437904      16.89711070      16.58927703
      16.88970304      16.58186936      16.43639052      16.43474734      16.43268669      16.43104351      16.43310416      16.43279773      16.43197614      16.43094581      16.43012422      16.43073708      16.42991549      16.42888516      16.42806357      16.42909390      16.42827231      16.42724198      16.42642039      16.42898285
      16.42733967      16.42527902      16.42363584      16.42703325      16.42621166      16.42518133      16.42435974      16.42405331      16.42332941      16.42250782      16.42147750      16.42065591      16.42034948      16.45234692      16.45259148      16.45176989      16.44963759      16.44881600      16.44832689      16.44750530
      16.44537300      16.44455141      16.44668370      16.44586211      16.44372982      16.44290823      16.45094830      16.45012671      16.44799441      16.44717282      16.44741738      16.44315279      16.44150960      16.44241911      16.44159752      16.43946522      16.43864363      16.43888819      16.43462360      16.43298042
      16.43346953      16.46180737      16.49223053      16.45589960      16.48632276      16.53491139      16.46224952      16.52309585      16.42981780      16.42817461      16.42611396      16.42447078      16.42385793      16.41973662      16.44287944      16.50578642      16.62027311      16.73400402      16.62747908      16.74207067
      16.97891998      17.25153923      17.45872498      17.60689354      17.68170738      28.25228882      28.15772247      28.03665924      28.03665924      25.37980843      24.38636589      22.77177620      22.01248169      20.51136589      19.24500084      18.33681679      17.71655416      17.23470831      17.60378838      17.15059710
      16.88229537      16.57446170      16.82207084      16.56705403      16.42157519      16.41993201      16.41787136      16.41622818      16.41962558      16.41880399      16.41777366      16.41695207      16.41664565      16.41592175      16.41510016      16.41406983      16.41985554      16.42615640      16.41416752      16.41386110
      16.41303951      16.41200918      16.41779488      16.41046369      16.41676456      16.42255026      16.42151994      16.42730564      16.41882521      16.42461091      16.42358059      16.42936629      16.43566716      16.43360651      16.44517791      16.78001523      16.52499843      16.75612855      16.51940656      16.40726388
      16.41992003      16.42570573      16.41196483      16.41775054      16.40446794      16.40400964      16.40979534      16.40261167      16.40184015      16.43040669      16.44197810      16.41449630      16.42606771      16.40167201      16.40121371      16.40044218      16.39981574      16.39904422      16.39887607      16.39841777
      16.39764625      16.39701980      16.39624828      16.39858592      16.41015732      16.39578998      16.39424694      16.43875813      16.46190095      16.45777965      16.48092246      16.54382944      16.45138001      16.47452283      16.41955924      16.44270205      16.52160501      16.70768929      16.88760424      17.03316307
      16.87617683      16.99958658      17.20132828      17.41071701      17.54417229      17.61794662      28.70954895      28.66289902      28.59292793      28.59292793      25.37980843      22.77177620      22.77177620      22.01248169      19.48368263      18.80153275      18.12665176      17.55601501      17.10282373      17.48837280
      17.11856556      16.75053668      16.51381469      16.74494481      16.50822282      16.39608014      16.39562184      16.39485031      16.39422387      16.39345235      16.39328420      16.39282590      16.39205438      16.39142793      16.39065641      16.39299405      16.39145100      16.39019811      16.38865507      16.39048827
      16.39002997      16.38925844      16.38863200      16.38786048      16.38769233      16.38723403      16.38646251      16.38583606      16.38506454      16.38740218      16.38585913      16.38569099      16.38491946      16.38429302      16.38352150      16.38306320      16.75281572      16.51609373      16.77414942      16.62646818
      16.41388798      16.41234493      16.46907520      16.46753216      16.39739084      16.39661932      16.42498446      16.42421293      16.40925884      16.45257807      16.45180655      16.48017168      16.47940016      16.46444607      16.52426243      16.52271938      16.57944965      16.57790661      16.50776529      16.50699377
      16.53535891      16.53458738      16.50622225      16.50545073      16.53381586      16.53304434      16.57636356      16.56140947      16.56063795      16.58900309      16.58823156      16.38773847      16.41088128      16.38214660      16.37906051      16.45796347      16.43453789      16.43145180      16.51809025      16.51654720
      16.55986643      16.55909491      16.58746004      16.55825126      16.51485991      16.42807722      16.37081218      16.42734122      16.36743760      16.36299348      16.57102156      16.69641018      16.47996092      16.60534954      16.81305599      16.87622643      16.78634310      16.84466600      16.87625122      16.83130956
      16.86047101      16.87626362      16.85379279      16.87100768      16.93793130      16.99817061      16.90710366      16.93722332      16.89168984      16.90674967      16.88643390      16.90221769      16.92815936      16.98004270      16.74081278      16.80854440      16.84241021      16.85962510      16.82632327      16.85049891
      16.77637053      16.82472181      16.67646503      16.77316761      16.88055861      16.89634240      16.87143242      16.88912380      16.91640878      16.86658883      16.90197158      16.95654154      16.85690165      16.92766714      17.08380938      17.19929171      17.03680706      17.14937687      17.32655525      17.46743393
      17.53591156      29.13104439      29.07961845      29.05769539      29.05769539      29.05769539      22.77177620      22.77177620      19.48368263      19.48368263      18.35332870      17.95162964      17.41928864      16.86587048      16.66145897      16.63155079      16.63000774      16.68673801      16.62832046      16.77183342
      16.65499830      16.99902058      16.76642036      16.58661640      16.55740762      16.58577275      16.55656397      16.52819884      16.49899006      16.52735519      16.49814641      16.56990290      16.52651155      16.49730277      16.52566791      16.49645913      16.45475507      16.39633751      16.46809399      16.43888521
      16.46725035      16.43804157      16.39465022      16.56821561      16.50979805      16.56652832      16.50811076      16.46640670      16.43719792      16.46556306      16.43635428      16.40798914      16.37878036      16.40714550      16.37793672      16.44969320      16.39127564      16.36601770      16.36379564      16.36433041
      16.36210835      16.35961890      16.36362046      16.36250943      16.36277682      16.36166579      16.36042106      16.36193317      16.36082214      16.36108953      16.35997850      16.35971111      16.35860008      16.35886747      16.35775644      16.35819900      16.35597694      16.35748905      16.35637802      16.35664541
      16.35553437      16.35428965      16.56382179      16.44698668      16.61851358      16.51538610      16.35899770      16.35677564      16.39319742      16.35454667      16.35566634      16.35455531      16.35455185      16.35344082      16.35344428      16.35233325      16.35232979      16.35121876      16.35232460      16.35010254
      16.42517161      16.34787011      16.35517478      16.41170382      16.35375488      16.35153282      16.35206759      16.34984553      16.34735608      16.47665405      16.35122222      16.35011119      16.35010773      16.34899670      16.34788740      16.34899324      16.34788221      16.34787875      16.34676772      16.34677118
      16.34566015      16.34565669      16.34454566      16.34566534      16.34344327      16.34343636      16.34121430      16.34565151      16.34454221      16.34343117      16.34342772      16.34231669      16.34342253      16.34231323      16.34120220      16.34119874      16.34008771      16.34120739      16.33898532      16.34009117
      16.33898014      16.33897668      16.33786565      16.33675635      16.38956904      16.48627162      16.38511109      16.48181367      16.67005920      16.83752728      16.62909651      16.76749420      17.01331902      17.23012924      17.38236427      17.45310402      29.45598602      29.41781807      29.39679718      29.39679718
      29.39679718      29.39679718      19.48368263      18.15112877      18.15112877      18.15112877      17.90538597      17.58636427      17.33993435      17.62577963      17.42885971      17.13894081      17.02317572      17.19363260      17.09313583      17.03525329      17.12048173      17.07023335      17.04129207      17.08390629
      17.05496502      16.90687561      16.79004049      16.97710323      16.91868567      17.01221704      16.98300827      17.02588999      17.00010812      16.95288539      16.85843992      17.23809528      17.14271307      17.09502196      17.06608069      17.10358036      17.07463908      17.15982985      17.10194731      17.27232885
      17.15656376      17.03871912      17.01293725      17.04727751      17.02149564      16.97854364      17.04722416      16.99566042      16.90975642      17.04711747      16.94398999      16.66954899      16.49357104      16.41626954      16.56197047      16.48466897      16.77218199      16.59086895      16.34119356      16.33897150
      16.37539327      16.33674252      16.33786219      16.33675116      16.33674771      16.33563668      16.33452737      16.33563322      16.33452219      16.33451873      16.33340770      16.33341116      16.33230013      16.33229667      16.33118564      16.40736747      16.33229148      16.33118218      16.33007115      16.33006769
      16.32895666      16.36649120      16.32895321      16.32784218      16.34605306      16.32672769      16.35759199      16.40594327      16.35536301      16.40371430      16.47735572      16.35313404      16.40148532      16.33937448      16.36355013      16.33825999      16.35516804      16.38472116      16.44382739      16.45824194
      16.39192843      16.35327768      16.40860319      16.35030866      16.49159145      16.37500238      16.33332670      16.35023475      16.33184218      16.34875023      16.37485456      16.33035767      16.34726572      16.32887316      16.34578121      16.36417377      16.38108182      16.36268926      16.37959731      16.40867066
      16.44248676      16.40570164      16.43951774      16.33510041      16.36120474      16.37811279      16.35972023      16.37662828      16.33213139      16.35823572      16.37514377      16.35675120      16.37365925      16.40273261      16.43654871      16.39205182      16.40895987      16.39056730      16.40747535      16.43357968
      16.56203985      16.70043755      16.49172640      16.55935860      16.48578835      16.48291206      16.62780809      16.88334274      17.11965179      17.28190041      17.36550140      29.65055084      29.65072823      29.64287567      29.64287567      29.64287567      29.64287567      18.22188187      18.22188187      18.22188187
      18.07726479      17.87904739      17.57695007      17.26579666      17.04690409      17.29940605      17.09722328      16.83888102      16.65756798      16.88920021      16.68267202      16.48565340      16.36906433      16.47971535      16.36312628      16.32916236      16.36297846      16.32619333      16.36000943      16.38908279
      16.40599084      16.38759828      16.40450633      16.43061066      16.38611376      16.40302181      16.38462925      16.38391018      16.39238739      16.32322431      16.35704041      16.32025528      16.31881714      16.36551762      16.36479855      16.34640598      16.34568691      16.35416412      16.32729435      16.32657528
      16.30818272      16.30746365      16.31594086      16.49226737      16.37567830      16.52330947      16.43628097      16.30027437      16.29883623      16.33057570      16.29709768      16.29819226      16.29747319      16.29732299      16.29660392      16.29595995      16.29645371      16.29573464      16.29558444      16.29486537
      16.29501557      16.29429650      16.29414630      16.29342723      16.35928869      16.29392099      16.29327703      16.29255795      16.29240775      16.29168868      16.32422233      16.29153848      16.29081941      16.30668914      16.28995013      16.40934181      16.40646553      16.33289528      16.33001900      16.47491503
      16.29452181      16.29308367      16.29278326      16.29134512      16.29005718      16.29104471      16.28960657      16.29010034      16.28938127      16.28923106      16.28851199      16.28786802      16.28658009      16.39499140      16.72280121      16.98460770      17.17679787      17.26653290      29.78741264      29.79120827
      29.79724503      29.79724503      29.79724503      29.79724503      18.22188187      18.22188187      18.22188187      18.09751320      17.87017059      17.58147621      17.25214386      16.89238739      16.57069921      16.41989136      16.35452366      16.32104564      16.38482499      16.35134697      16.48049402      16.41353798
      16.64705181      16.51867032      16.45171428      16.53442025      16.46746421      16.28836179      16.28764272      16.30351245      16.28677344      16.28612947      16.31866312      16.30192411      16.33381379      16.31707478      16.28518510      16.28446603      16.30033576      16.28359675      16.28469133      16.28325319
      16.28295279      16.28151464      16.34817028      16.31548643      16.29874742      16.33063710      16.31389809      16.37847161      16.34578776      16.32904875      16.36093843      16.34419942      16.28121424      16.27977610      16.31230974      16.29557073      16.32746041      16.31072140      16.27803755      16.33572030
      16.44383121      16.33224320      16.40101743      16.39755976      16.36408174      16.40543473      16.37195671      16.33700448      16.32026547      16.34094197      16.32420295      16.30352646      16.28678745      16.30746394      16.28563362      16.33847868      16.30631012      16.28447980      16.30515629      16.28332597
      16.40050817      16.33617103      16.29251039      16.33386338      16.29020274      16.27448356      16.30887067      16.27315873      16.27234691      16.27200490      16.27119309      16.27055228      16.34129214      16.27085108      16.27003926      16.26969725      16.26888543      16.26922745      16.26841563      16.26807362
      16.26726180      16.26756060      16.26691979      16.26610798      16.26576596      16.26495415      16.26662099      16.30100811      16.26431334      16.26268971      16.52558565      16.66903114      16.41006637      16.47884059      16.33342957      16.40220380      16.54958057      16.85023117      17.07296371      17.18271446
      29.86990738      29.87284279      29.87556076      29.87556076      29.87556076      29.87556076      18.24111938      18.24111938      18.24111938      18.10757065      17.87798882      17.59575653      17.26358223      16.92336845      16.67855167      16.52456713      16.68314743      16.51196575      16.39589286      16.30857158
      16.39127755      16.30395627      16.26525295      16.26461214      16.26380032      16.26345831      16.26264650      16.26294529      16.26132166      16.26298851      16.26217669      16.26183468      16.26102287      16.26038206      16.26068085      16.25986904      16.25952703      16.25871521      16.25905722      16.25824541
      16.25790340      16.25709158      16.25867200      16.25739038      16.25674957      16.25593776      16.25559574      16.25478393      16.25508273      16.25345910      16.33732319      16.25237131      16.24912405      16.24438524      16.24113798      16.25875843      16.29314554      16.25645077      16.25482714      16.32556701
      16.25512594      16.25431412      16.25397211      16.25316030      16.25251949      16.25281829      16.25200647      16.25166446      16.25085264      16.25119466      16.25038284      16.25004083      16.24922901      16.25089586      16.28528297      16.24858820      16.24696457      16.39728975      16.47196102      16.32065296
      16.44048643      16.24868512      16.24846566      16.24765384      16.24646914      16.24565732      16.24469209      16.24447262      16.24366081      16.24247611      16.24166429      16.24543786      16.24381423      16.24144483      16.23936319      16.24069905      16.24047959      16.23966777      16.23848307      16.23744226
      16.23670602      16.23462439      16.23862696      16.23758614      16.23640144      16.23536062      16.23491216      16.23417592      16.23313510      16.23195040      16.23090959      16.23046112      16.30380249      16.42363596      16.29490042      16.42140961      16.63597393      16.82176781      16.60227299      16.78499889
      16.98817444      17.10676384      29.88333321      29.88676834      29.88324165      29.88324165      29.88324165      29.88324165      18.27764511      18.27764511      18.27764511      18.13033295      17.86214828      17.55274582      17.23132133      16.91077042      16.67310619      16.50192451      16.63788319      16.53766155
      16.44737482      16.51845837      16.43860340      16.36900473      16.28168344      16.36398411      16.27369738      16.23639917      16.23315191      16.23122144      16.22959781      16.22722840      16.22514677      16.22751617      16.22543454      16.22469831      16.22365749      16.22247279      16.22143197      16.22261667
      16.22157586      16.22039115      16.21935034      16.35708809      16.29156590      16.24642253      16.28718019      16.24203682      16.37308121      16.32793784      16.36869550      16.32355213      16.28279448      16.25003338      16.22746170      16.24784052      16.22526884      16.29079103      16.26821935      16.28859818
      16.26602650      16.24564767      16.22307599      16.24345481      16.22088313      16.22281003      16.22234523      16.22130442      16.22015238      16.21911156      16.22004116      16.21900034      16.21784830      16.21680748      16.21795952      16.21691871      16.21576667      16.21472585      16.22026360      16.21922278
      16.21807075      16.21702993      16.21656513      16.21426105      16.21217942      16.21565545      16.21461463      16.21346259      16.21242177      16.21195698      16.20965290      16.20757127      16.20664167      16.23225498      16.23017335      16.22780395      16.22735548      16.22631466      16.22512996      16.22408915
      16.22972488      16.22868407      16.22749937      16.22645855      16.22601008      16.22527385      16.22423303      16.22304833      16.22200751      16.22155905      16.22498608      16.22394526      16.22276056      16.22171974      16.22290444      16.22186363      16.22067893      16.21963811      16.22053504      16.21949422
      16.21830952      16.21726871      16.21682024      16.21918964      16.21710801      16.21473861      16.21265697      16.28599834      16.41250753      16.27709627      16.40360546      16.21448350      16.21240187      16.21009779      16.20801616      16.20708656      16.20247841      16.27718544      16.40599871      16.59782028
      16.78054619      16.65901709      16.79747772      16.96699715      17.07867241      29.83351898      29.83240891      29.82612801      29.82612801      29.82612801      29.82612801      18.33861542      18.33861542      18.33861542      18.15430069      17.83963966      17.45156670      17.09106064      16.78996086      16.59947681
      16.49925518      16.41940022      16.48005199      16.40019703      16.51895380      16.45158410      16.37172914      16.41385150      16.33399653      16.36430979      16.33154869      16.30897701      16.32935584      16.30678415      16.35470819      16.32716298      16.30459130      16.32236218      16.30239844      16.28640532
      16.26383364      16.28421247      16.26164079      16.22887969      16.28201962      16.25944793      16.27982676      16.25725508      16.22449398      16.34510660      16.30517912      16.33550501      16.29557753      16.27763391      16.25506222      16.27283311      16.25286937      16.22010827      16.26803231      16.24806857
      16.26323152      16.24326777      16.21572256      16.20203352      16.19787025      16.19326210      16.26796913      16.32127106      16.28134358      16.30240476      16.26247728      16.25611454      16.23615080      16.24668139      16.22671765      16.21618706      16.19622332      16.20675391      16.19470876      16.22254980
      16.20523936      16.19319421      16.20372480      16.19167966      16.25414157      16.21952069      16.20221025      16.19016510      16.20069569      16.18865055      16.21649158      16.19240129      16.21443713      16.25179064      16.21140802      16.26139534      16.31262326      16.19663936      16.22163302      16.19512480
      16.22011846      16.25836623      16.19361025      16.21860391      16.19209570      16.21708935      16.24359757      16.26859123      16.24208301      16.26707667      16.30835354      16.34570706      16.30532444      16.35531175      16.34498024      16.54619646      16.38733029      16.46203732      16.40653968      16.48124671
      16.58158159      16.79205894      16.98966599      17.08646393      29.72164726      29.71471405      29.70834351      29.70834351      29.70834351      29.70834351      18.41826820      18.41826820      18.41826820      18.21412659      17.79153442      17.29194260      16.99561787      16.80880260      16.87632704      16.63197327
      16.68127632      16.53610563      16.58832741      16.52456427      16.48432970      16.42056656      16.46952844      16.42321992      16.36553073      16.31922221      16.44348860      16.31732512      16.37691140      16.33060288      16.27291369      16.26703811      16.30357480      16.25539422      16.24001002      16.19182944
      16.24808335      16.19990277      16.24202514      16.19384456      16.20232069      16.24056846      16.26556212      16.23905391      16.26404756      16.19929159      16.23753935      16.26253301      16.23602480      16.26101846      16.30229533      16.35228264      16.29926622      16.34925354      16.19626248      16.23451024
      16.25950390      16.23299569      16.25798935      16.19323337      16.23148113      16.25647479      16.22996658      16.25496024      16.29623711      16.34622443      16.29320800      16.34319532      16.20721364      16.18696940      16.16287911      16.15518701      16.15309727      16.14364886      16.14540517      16.14628333
      16.14523846      16.14139241      16.14034754      16.13562334      16.13650149      16.13545662      16.13161057      16.13056570      16.18013364      16.20512730      16.17524272      16.20695060      16.23012096      16.25511461      16.23194426      16.25693792      16.17035180      16.20205969      16.16546088      16.19716877
      16.24717605      16.29351676      16.34350407      16.29716337      16.34715068      16.16056997      16.19227785      16.15567905      16.18738693      16.23739421      16.16419661      16.22761238      16.32762694      16.42574906      16.50045609      16.41969085      16.51966548      16.62000036      16.42030835      16.52028298
      16.42760158      16.52757621      16.64650297      16.85696793      17.02969360      17.10916519      29.56551933      29.55606461      29.54037666      29.54037666      29.54037666      29.54037666      18.61145020      18.61145020      18.61145020      18.32465553      17.81638908      17.33013582      17.02951288      17.29021025
      16.84716463      16.55047274      16.38999939      16.38516569      16.22707224      16.26417875      16.26176190      16.18271518      16.18029833      16.49759507      16.25807500      16.47817397      16.30338919      16.18362916      16.29367864      16.17391860      16.14196181      16.13954496      16.13225126      16.12983441
      16.13712811      16.13774312      16.13653469      16.13288784      16.13167942      16.13044941      16.12924099      16.12559414      16.12438571      16.12803257      16.12682414      16.12317729      16.12196887      16.12254071      16.12315571      16.12194729      16.11830044      16.11709201      16.11586201      16.11465359
      16.11100674      16.10979831      16.11344516      16.11223674      16.10858989      16.10738146      16.12073886      16.11953044      16.11588359      16.11467516      16.11529016      16.10799646      16.10557961      16.42227221      16.39039063      16.34080863      16.33839178      16.35850906      16.32662749      16.30651021
      16.29559875      16.27965796      16.26959932      16.25365853      16.25934505      16.27789831      16.27668989      16.23716652      16.23595810      16.19885159      16.19764316      16.15811980      16.15691137      16.19643474      16.19522631      16.15570295      16.15449452      16.27548146      16.25954068      16.23474967
      16.23354125      16.24359989      16.22765911      16.21760046      16.20165968      16.17304778      16.17063093      16.29910958      16.27595532      16.26589900      16.25432187      16.23989958      16.22832245      16.24274474      16.23116761      16.21674532      16.20516819      16.25280106      16.22964680      16.21959049
      16.20801336      16.19359106      16.19212216      16.20654446      16.20507556      16.19065326      16.18918437      16.19511187      16.17195761      16.14311302      16.14017522      16.16901982      16.16608202      16.13723743      16.13429964      16.13532627      16.13411784      16.13047099      16.12926257      16.12987757
      16.12258387      16.12016702      16.12139702      16.10680962      16.14518261      16.15338445      16.14750886      16.17717004      16.20277190      16.22670901      16.22377121      16.20360667      16.20213777      16.18771547      16.18624657      16.20066887      16.19919997      16.18477768      16.18330878      16.22083342
      16.21789563      16.19773108      16.19626218      16.18183988      16.18037099      16.19479328      16.19332439      16.17890209      16.17743319      16.16314423      16.16020644      16.13136184      16.12842405      16.15726864      16.15433085      16.12548625      16.12254846      16.20438159      16.18029130      16.18656737
      16.17452222      16.17067617      16.15863103      16.16247708      16.15043193      16.14658588      16.13454074      16.15620100      16.13211071      16.13838679      16.12634164      16.12249559      16.12145072      16.12529677      16.12425190      16.12040585      16.11936098      16.14081681      16.11672652      16.10903442
      16.10694468      16.11463678      16.11254704      16.10485494      16.10276520      16.14163327      16.13575768      16.19689631      16.19102073      16.14944363      16.14526415      16.20470667      16.23795414      16.13002098      16.12793124      16.12320703      16.12216216      16.11831611      16.11727124      16.12111729
      16.12007242      16.11622638      16.11518151      16.12880939      16.12776452      16.12391847      16.12287360      16.12671965      16.12567478      16.12182873      16.12078387      16.11902755      16.11798269      16.11413664      16.11309177      16.11396992      16.11045730      16.10836756      16.10067546      16.09858572
      16.10627782      16.10418808      16.09649599      16.09440625      16.15441477      16.21783054      16.14463294      16.20804870      16.30806327      16.16166806      16.28849959      16.14108467      16.13690519      16.23377466      16.22959518      16.30799198      16.48852873      16.66108942      16.56165504      16.68806171
      16.90050125      17.06425476      17.13379860      29.34735298      29.33779716      29.32535934      29.32535934      29.32535934      29.32535934      18.89971924      18.89971924      18.89971924      18.56819725      17.97854042      17.30327749      16.98970246      16.72422767      16.99623609      16.73076129      17.40777779
      16.99652743      16.73105264      17.02865672      16.72510171      16.52348816      16.40372813      16.52675498      16.39401758      16.28396809      16.19657570      16.13669568      16.19172043      16.13184041      16.30662519      16.24674517      16.30176991      16.24188989      16.18686515      16.12698513      16.18200988
      16.12212986      16.53002179      16.39728439      16.53328860      16.43291885      16.36655015      16.43455225      16.36818355      16.29691464      16.23703462      16.29854804      16.23217934      16.14478695      16.30018145      16.23381275      16.30181485      16.23544616      16.13507640      16.10615146      16.10494304
      16.10129619      16.10008776      16.10070276      16.09340906      16.09099221      16.09222221      16.07763481      16.11600780      16.53343427      16.43462509      16.36825639      16.43313736      16.36676866      16.53045881      16.43164963      16.36528093      16.43016189      16.36379319      16.26795948      16.13522208
      16.26498401      16.13224661      16.52748334      16.42867416      16.36230546      16.42718643      16.36081773      16.52450788      16.42569870      16.35933000      16.42421097      16.35784227      16.26200855      16.12927115      16.25903308      16.12629569      16.08655214      16.12492514      16.08060122      16.11897421
      16.16167450      16.22564936      16.17950916      16.27342176      16.27685308      16.30422497      16.32462549      16.38347483      16.37071991      16.49337196      16.44996977      16.54867935      16.73519707      16.96485710      17.09536362      17.15892220      29.07226753      29.06245041      29.04537010      29.04537010
      29.04537010      21.32787132      19.32345390      19.32345390      19.32345390      18.92605591      18.23439026      17.47203636      17.06078601      16.82508743      16.67330992      16.84115207      16.68937457      17.09291530      16.85721672      16.70543921      16.87328136      16.72150385      17.56788874      17.14084148
      16.89724445      16.74546695      16.92910600      16.77732849      17.20456457      16.90100956      16.52153242      16.42272323      16.35635453      16.42123550      16.35486680      16.57152528      16.49563652      16.57955760      16.50366884      16.41974777      16.35337907      16.42778009      16.35189134      16.25605762
      16.12332022      16.25308216      16.12034476      16.58758992      16.51170117      16.59562224      16.51973349      16.40188420      16.60365456      16.52776581      16.61168689      16.53579813      16.41794884      16.18225026      16.07465029      16.11302328      16.06869936      16.12000751      16.62366843      16.54777968
      16.63959920      16.56371045      16.44191194      16.65552998      16.57964122      16.67146075      16.59557199      16.50375247      16.42786372      16.51968324      16.44379449      16.29013443      16.13835692      16.32199597      16.13533759      16.65741253      16.53561401      16.45972526      16.55154479      16.45821559
      16.68927407      16.55003512      16.45670593      16.54852545      16.45519626      16.31897664      16.13231826      16.31595731      16.12929893      16.06596231      16.11727047      16.05992365      16.10481215      16.16433144      16.21563959      16.17131567      16.20805073      16.23370481      16.21154284      16.22991037
      16.24273741      16.23165643      16.24448347      16.26259589      16.30520034      16.25718296      16.27848518      16.25447649      16.26512760      16.25622255      16.26687366      16.28197730      16.31218457      16.16857862      16.21017432      16.23097217      16.24379921      16.22785759      16.24068463      16.20394516
      16.22959924      16.15612030      16.20742846      16.25614303      16.26679415      16.25302845      16.26488906      16.28181827      16.25428689      16.27800810      16.31186652      16.25680375      16.30424619      16.37259912      16.43144846      16.37196302      16.47000408      16.60116768      16.81702614      17.00212479
      17.12021446      17.17344475      28.74945450      28.72600937      28.69034767      28.69034767      28.69034767      21.32787132      21.32787132      21.32787132      19.87725258      19.37080002      18.59767532      17.69533491      17.26828766      16.96473265      17.33201075      16.95869398      17.89979029      17.32685184
      16.95353508      17.40476847      16.94925594      16.68625474      16.54701579      16.45368659      16.54550612      16.45217693      16.68323541      16.54399645      16.45066726      16.54248679      16.44915760      16.31293797      16.12627959      16.35733807      16.26400888      16.35582840      16.26249921      16.12326026
      16.68021607      16.49355769      16.67719674      16.49053836      16.35431874      16.26098955      16.35280907      16.25947988      16.12024093      16.35129941      16.25797021      16.34978974      16.25646055      16.11722159      16.05388498      16.09877348      16.04784632      16.09273481      16.67461729      16.48795891
      16.67247772      16.48581934      16.34850001      16.25517082      16.34743023      16.25410104      16.16184163      16.06851244      16.16077185      16.06744266      16.29916096      16.15970206      16.06637287      16.15863228      16.06530309      16.57593918      16.29702139      16.11036301      16.29488182      16.10822344
      16.02042949      16.04287374      16.01926655      16.01838309      16.01819676      16.01731330      16.01652300      16.06336474      16.01712698      16.01624352      16.01605719      16.01517373      16.01438344      16.01498741      16.01410395      16.01391762      16.01303416      16.01322049      16.01233703      16.01215070
      16.01126724      16.01261652      16.03506076      16.01047695      16.00871003      16.16308689      16.26183748      16.10825324      16.15314174      16.05555177      16.10044026      16.19667768      16.39170647      16.61345291      16.82947540      17.00218964      17.11823654      17.16772079      28.39817810      28.32850456
      28.24818802      27.29586601      27.29586601      25.04940033      21.32787132      21.32787132      20.62276459      19.97850418      19.05221176      18.05562353      17.29388714      18.28898954      17.62649775      16.57166004      16.19834328      16.64957666      16.19406414      16.01187122      16.01108092      16.01019746
      16.01001114      16.00912768      16.00973165      16.00796473      16.00931400      16.00843054      16.00824422      16.00736076      16.00657046      16.00717443      16.00629097      16.00610465      16.00522119      16.00540751      16.00452405      16.00433773      16.00345427      16.00563884      16.00405824      16.00326794
      16.00238448      16.00219816      16.00131470      16.00191867      16.00015175      16.71547270      16.13084626      16.12731242      16.38554025      16.38200641      16.00480354      16.02724779      16.00266397      16.00089705      16.04773879      16.00150102      16.00061756      16.00043124      15.99954778      15.99875748
      15.99936146      15.99847800      15.99829167      15.99740821      15.99759454      15.99671108      15.99652475      15.99564129      15.99699056      16.01943481      15.99485099      15.99308407      16.09390426      16.14134669      16.04120278      16.10314584      16.06098855      16.02782661      16.02694315      16.09150010
      16.09061664      16.18833554      16.18656862      16.02605969      16.02517623      16.08973318      16.08884972      16.05568779      16.15340668      16.15252322      16.21708018      16.15115935      16.05296004      16.31568253      16.31391561      16.44302952      16.31118786      16.21571630      16.14979547      16.21435243
      16.14843160      16.08387464      16.01795381      16.08251077      16.01658994      16.17934620      16.08114690      16.01522607      16.07978302      16.01386219      15.98685670      16.04879975      15.98353827      15.98199189      15.98187906      15.98110586      15.98051518      15.97974199      15.97926414      15.97830844
      16.21516085      16.33254051      16.10646868      16.24055767      16.52748680      16.78249550      16.96028137      17.07702255      17.13580132      27.99584389      27.89328766      27.69159889      27.29586601      25.91049957      25.04940033      24.07759857      21.96014786      21.26918030      20.56986046      19.56676483
      18.44911385      17.22486067      16.76581430      17.49717379      16.91587877      16.37301707      16.17661846      16.04477680      16.17389071      16.04204905      16.36756158      16.10387826      15.97915131      15.97837812      15.97778744      15.97701424      15.97760493      15.97683173      15.97624105      15.97546786
      15.97535503      15.97487718      15.97410399      15.97351331      15.97274011      15.97499001      15.97344363      15.97226226      15.97071588      15.97262728      15.97214943      15.97137624      15.97078556      15.97001237      15.96989954      15.96835315      15.97060305      15.96982986      15.96923918      15.96846598
      15.96798813      15.96787530      15.96710211      15.96651143      15.96573824      15.96526039      16.44259381      16.17891049      16.59811378      16.33443046      16.00741565      16.00586927      16.08517563      16.08362925      15.98526949      15.98449630      16.02414948      16.02337629      16.00277650      16.06302947
      16.06225628      16.10190946      16.10113627      16.06148309      16.06070989      16.10036308      16.09958988      16.20104241      16.15984285      16.13924307      16.13846987      16.17812306      16.17734987      16.23760283      16.21700305      16.21622986      16.25588304      16.25510985      15.96976018      16.03170323
      15.96430469      15.96121192      16.09957504      16.00123012      15.99968374      16.07899010      16.07744372      16.03624415      16.15675008      16.15520370      16.21545666      16.21468347      16.25433666      16.21388823      16.15361321      16.03306317      16.02573538      16.36493111      16.66670036      16.88963890
      17.01838875      17.08467674      27.66298485      27.52336121      27.26230812      26.79655075      25.91049957      25.04940033      24.07759857      22.80728531      21.92805862      21.07610512      20.03229332      18.91656876      17.67407990      16.69955206      16.35656238      16.31536281      16.31381643      16.39312279
      16.31222594      16.51208234      16.39153230      16.31063545      16.38994181      16.30904496      16.94675589      16.50739086      16.34559715      16.58165348      16.33939517      16.25354141      16.21309298      16.25274616      16.21229774      16.15202272      16.25195092      16.21150249      16.25115567      16.21070725
      16.15043223      16.02988219      16.25036043      16.20991200      16.24956518      16.20911676      16.16946357      16.12901515      16.16866833      16.12821990      16.22814810      16.16787308      16.12742466      16.16707784      16.12662941      16.06794488      15.98704803      16.06635439      15.98545754      15.98497462
      16.05695319      15.98179364      16.05377221      16.22580236      16.16590497      16.12545654      16.16435447      16.12390605      16.22270137      16.14180452      16.08500811      16.04455969      16.08345762      16.04300919      15.98311180      16.08190712      16.04145870      16.08035663      16.03990820      15.98001081
      16.21960038      16.13870353      16.21649939      16.13560253      16.07880613      16.03835770      16.07725564      16.03680721      15.99790928      15.95746085      15.99635878      15.95591035      16.05470568      15.99480829      15.95435986      15.99325779      15.95280936      15.97710216      16.04908073      15.95445603
      15.99044532      15.95135504      15.98734432      16.04287875      16.16333055      16.34077120      16.15394759      16.24384832      16.51514053      16.76315498      16.93641281      17.01955986      27.37251854      27.22725296      26.96088982      26.53318024      25.78485107      25.00471497      24.21369934      23.28976059
      22.34235764      21.53780317      21.04403067      21.68020391      21.18802738      20.36726761      19.22703171      18.01285744      17.09528112      16.57191825      17.24136353      16.78063536      16.17139947      16.05160469      15.99170730      15.95125887      15.99015680      15.94970837      16.04850370      15.96760684
      16.24566209      16.04540271      15.96450585      16.08253402      15.96140486      15.94003198      15.95802662      15.93848148      15.95647612      15.98424333      15.93693098      15.95492563      15.93538049      15.95337513      15.98114234      16.03667676      15.93382999      15.95182464      15.93227950      15.95027414
      15.97804135      15.93072900      15.94872364      15.92917851      15.92832091      15.94786605      15.94700846      15.92746332      15.92660573      15.97632617      15.97461098      15.93552071      15.93380553      16.35002065      16.10776234      16.48447514      16.24221683      15.95216197      15.93406877      15.93321118
      15.96768239      15.96682480      16.01938921      16.00129601      16.00043842      16.03490964      16.03405204      15.94873160      15.94701642      16.01595885      16.01424366      16.08661646      16.06852326      16.06766567      16.10213688      16.10127929      16.15384370      16.15212852      16.06680807      16.06595048
      16.10042170      16.09956411      16.06509289      16.06423530      16.09870651      16.09784892      16.15041333      16.13232014      16.13146254      16.16593376      16.16507617      16.03324640      16.02981603      15.95163548      15.94820511      16.08062649      15.97805727      15.97462690      16.07975572      16.07804054
      16.13060495      16.12974736      16.16421857      16.12887266      16.07629114      16.00734872      15.93665689      16.00559932      15.93490750      15.95060062      16.04393172      15.94710183      16.04043293      16.26728868      16.42016983      16.18217897      16.31937361      16.60752106      16.84117699      16.94905853
      27.13789940      27.00506401      26.75598335      26.30387115      25.70146942      25.04863548      24.32605362      23.49800873      22.78870821      22.30786180      22.87461948      22.43512154      21.90854764      21.66614795      21.97997689      21.78031981      21.65911996      21.81603444      21.71620589      21.65560597
      21.73406321      21.67346328      21.42005968      21.17028284      21.53607583      21.41118741      21.59408391      21.53163970      21.61194122      21.54145896      21.43082595      21.20955992      22.04360676      21.84784937      21.74997067      21.68937075      21.76392829      21.70332837      21.87576461      21.75456476
      22.09943724      21.85703754      21.62382966      21.55334741      21.63778728      21.56730503      21.45460284      21.62348258      21.48251808      21.25711370      21.59487319      21.31294417      20.76702785      20.18028355      20.86213541      20.17021322      19.30511475      18.16469765      17.17571831      16.56502771
      16.25382698      16.21764058      16.21592540      16.28486782      16.21417600      16.38828146      16.24689782      16.66758060      16.38296747      16.16334388      16.12799796      16.16246918      16.12712327      16.09265205      16.05730614      16.09177735      16.05643144      16.14348418      16.07279235      16.02196023
      15.98661432      16.02108553      15.98573962      15.93315810      16.02021083      15.98486492      16.01933613      15.98399022      15.94951901      15.91417310      15.94864431      15.91329840      16.10551417      16.00035113      15.94776961      15.91242370      15.94689491      15.91154900      15.99860173      15.92790991
      15.92114496      15.96781051      15.91939557      15.96606112      16.03693414      15.90641713      15.92974991      15.90554243      15.92887521      15.96431172      15.90466774      15.92800051      15.90379304      15.90275353      15.92696100      15.92592150      15.90171403      15.90067452      15.96223271      15.96015370
      15.92488199      15.92384249      15.89963502      15.89859551      15.90965974      16.13732839      15.99594474      16.20445561      16.06307197      15.88971549      15.88763648      15.92327911      15.88576788      15.88654438      15.88550487      15.88561007      15.88457057      15.88446537      15.88342586      15.88353106
      15.88249156      15.88368887      15.88259676      15.88155726      15.88166246      15.88062295      15.95486891      15.88182026      15.87974125      15.91538388      15.87787265      16.03277612      16.02861810      15.93178821      15.92763019      16.11739779      15.88139945      15.87932044      15.88051775      15.87947825
      15.87958345      15.87854394      15.87745184      15.87526762      15.87864915      15.87760964      15.87771484      15.87667534      15.87558323      15.87678054      15.87574103      15.87584624      15.87480673      15.87371463      15.87153041      16.01267266      16.44046783      16.76633453      16.90856934      26.95282555
      26.82748985      26.59083939      26.23550415      25.71050262      25.11371231      24.45692062      23.63340569      22.74135590      22.06198311      21.53765440      22.07515812      21.47542524      20.48900986      19.10772514      18.17308807      17.29865074      16.62707329      16.23445463      16.02199614      15.94894749
      15.91143626      15.98251110      15.94499987      16.08912337      16.01607472      15.97856349      16.04963833      16.01212710      16.23302984      16.11806929      16.06411129      16.02660006      16.05949360      16.02198237      16.10883391      16.03381145      15.87491193      15.87387243      15.89169374      15.87293813
      15.87184602      15.90847555      15.88971993      15.92525735      15.90650174      15.86997741      15.86779320      15.94203916      15.92328355      15.95882097      15.94006535      15.90354103      15.97560278      15.95684716      15.99238458      15.97362897      15.93710464      15.86405599      16.00519824      15.99962106
      15.98086545      15.99731222      15.97855660      15.95157760      15.99500337      15.97624776      15.99269453      15.97393891      15.95749214      15.93873653      15.95518330      15.93642768      15.91406637      15.87655514      15.90944868      15.87375015      15.97985345      15.95287445      15.93411884      15.95056561
      15.93271634      15.97523576      15.94916311      15.93131384      15.94776061      15.92991135      15.90664369      15.87094516      15.90383869      15.86814016      15.93617070      16.07723892      15.93056071      16.08829534      16.28733468      16.51360607      16.29436946      16.52478695      16.76519394      16.92017746
      26.81533241      26.70005798      26.49483299      26.17958069      25.76537514      25.39077759      25.07738209      25.45001745      25.16272879      24.61622047      23.65280342      22.67439079      21.67192459      20.27545929      18.94047928      17.91231155      17.10099792      16.65778017      16.37869310      16.47134209
      16.29014158      16.21455908      16.09959853      16.02457607      16.09036314      16.01896608      16.12600756      16.08145487      16.01005781      16.00213873      15.99785125      15.97243077      15.94635811      15.92850885      15.94495562      15.92710635      15.96962577      15.94355312      15.92570385      15.94215062
      15.92430136      15.90103370      15.86533517      15.89822870      15.86253017      15.96682078      15.94074813      15.92289886      15.93934563      15.92149636      15.96401578      15.93794313      15.92009386      15.93654063      15.91869137      15.89542371      15.85972518      15.89261872      15.85692018      15.92495072
      16.08268535      15.91934073      16.07707536      15.95956165      15.93431357      15.91646430      15.93126193      15.91341266      15.95345837      15.92821029      15.91036102      15.92515865      15.90730938      15.88816458      15.85246605      15.88206130      15.84636277      15.94735509      15.92210701      15.90425774
      15.91905537      15.90120611      15.94125181      15.91600373      15.89815447      15.91295210      15.89510283      15.88640848      15.86855921      15.88335684      15.86550757      15.84025949      15.88030520      15.86245593      15.87725356      15.85940430      15.83415622      15.91043246      16.06816709      15.89822590
      16.05596054      16.31648231      16.54689980      16.29866576      16.59598494      16.82600403      16.99003029      26.70444489      26.60115242      26.42995071      26.16466522      25.92545891      25.72829199      25.91944504      25.76506424      25.57844663      25.45815349      25.59729075      25.52236807      25.46222150
      25.53179014      25.49432880      25.46425551      25.49903983      25.47563595      25.31450915      25.14751363      25.39039934      25.30690157      25.42834443      25.38659555      25.43972486      25.40458316      25.34287679      25.21946406      25.61567688      25.54098320      25.50363636      25.48023248      25.50811839
      25.49087203      25.54994726      25.51545453      25.63360500      25.56461954      25.45217419      25.41703248      25.46281374      25.42394352      25.36777544      25.45933795      25.38159752      25.26926136      25.45238638      25.29690552      24.97263861      24.53855085      25.07223320      24.63814545      23.72993851
      22.38572502      21.47285271      20.03081703      18.45925713      17.71953630      17.23742056      17.37941027      16.70408154      16.87617350      16.51097679      16.34283447      16.43209016      16.25504863      16.23971760      16.23468220      16.15689373      16.05638480      16.05222583      15.89916062      15.89500165
      16.07800710      15.90096557      16.05764067      15.92995113      15.84143037      15.91976792      15.83124715      15.86832404      15.84131706      15.83923757      15.88909256      15.88701308      15.82510960      15.88098884      15.81492639      15.85938162      15.88732123      15.85429001      15.88222963      15.93686807
      15.92336458      15.92232484      15.94725233      15.94621259      15.91526085      15.94320047      15.91016924      15.93810886      15.97114009      15.97010034      15.96604848      15.99398810      16.04806685      15.96599984      15.89084268      15.88668370      15.92282259      15.93943602      15.93729228      15.89977795
      15.89763421      15.86440736      15.86226362      15.82474929      15.82260555      15.86011988      15.86842659      15.86735472      15.84859756      15.84752569      15.83091226      15.82984039      15.81108323      15.81001136      15.82876852      15.82769665      15.80893949      15.80786762      15.83715808      15.83507860
      15.88493359      15.88285410      15.83299911      15.83091962      15.86935061      15.86831087      15.89323837      15.89219862      15.86727113      15.86623138      15.89115888      15.89011914      15.92128509      15.92024535      15.94517285      15.94413310      15.91920561      15.91816586      15.94309336      15.94205362
      15.98048460      15.97840512      15.91712612      15.91608638      15.94101387      15.93997413      15.92647064      15.97632563      15.97424614      15.81740007      15.81632820      15.84128782      15.84021595      15.81525633      15.81418446      15.83914408      15.83807221      15.86517558      15.86410370      15.88906333
      15.88799146      15.87443978      15.81311259      15.81204072      15.83700034      15.83592847      15.82237679      15.87229604      15.87015229      15.92435902      15.92221528      15.97213453      15.96999079      15.94288743      15.94559899      15.92774972      15.92576995      15.92469808      15.90990046      15.89205119
      15.90684882      15.88899955      15.90594092      15.90486905      15.88611189      15.88504001      15.89334673      15.86375147      15.82805294      15.85764819      15.82194966      15.86628285      15.86521098      15.84645382      15.84538195      15.85368866      15.81617433      15.81403059      15.83064401      15.88601935
      16.04375398      15.87381279      16.07634008      15.84304893      15.83876145      15.93859994      16.01891649      16.17152452      16.36383796      16.66115713      16.57657909      16.75694275      16.97811890      17.13776016      26.61314583      26.52613449      26.37187576      26.15552521      25.91246414      25.66294956
      25.43848324      25.70644855      25.48081636      25.01459885      23.86374283      22.46987534      21.18320656      19.59476089      18.32603645      17.63165426      18.17245293      17.24861693      16.64224386      16.24151850      16.06089497      15.87293530      15.91771877      15.91551232      15.82153249      15.81932604
      16.51378620      16.01908100      16.49933207      16.00462687      15.77423871      15.77203226      15.76701164      15.76480520      15.76982582      15.76997775      15.76887453      15.76636422      15.76526099      15.76495713      15.76385391      15.76134360      15.76024038      15.76275069      15.76164746      15.75913715
      15.75803393      15.75978458      15.75993651      15.75883329      15.75632298      15.75521976      15.75255752      15.75270945      15.75160623      15.74909592      15.74799269      15.75773007      15.75662684      15.75411654      15.75301331      15.75316525      15.74814463      15.74593818      16.05648208      16.05206919
      15.91330588      15.91109943      15.81711960      15.83951133      15.83840811      15.79141819      15.79031497      15.90889299      15.90668654      15.83730489      15.83620167      15.78921175      15.78810853      15.83509845      15.83399522      15.78700531      15.78590208      16.09669703      16.09417933      16.00051075
      15.99799305      16.09166163      16.08914393      15.99547535      15.99295765      15.90432447      15.92648277      15.92522392      15.87838963      15.87713078      15.83281419      15.83155534      15.78472105      15.78346220      15.83029649      15.82903764      15.78220335      15.78094450      15.92396507      15.92270622
      15.87587193      15.87461308      15.92144737      15.92018852      15.87335423      15.87209538      15.80310279      15.80058509      15.76777130      15.76666808      15.76415777      15.76305455      15.76556486      15.76446164      15.76195133      15.76084810      15.75818586      15.75597942      15.76100004      15.75879359
      15.75377297      15.77479792      15.74624205      15.78829193      15.76804721      15.76552951      15.78405154      15.78153384      15.76975513      15.80679917      15.80176377      16.08662623      15.99810547      16.01511595      16.01385710      15.96702281      15.96576396      16.01259825      15.96833786      15.96450511
      15.96324626      15.90958470      15.84573993      15.80147955      15.84064832      15.79638794      15.92407748      15.87981710      15.91898587      15.87472549      15.83555672      15.79129633      15.83046511      15.78620473      15.91892967      15.91767082      15.87083653      15.86957768      15.89173597      15.79806739
      15.79554969      15.88921827      15.80069751      15.79303199      15.79051429      15.79331917      15.82125878      15.78822756      15.81616718      15.84919840      15.87713802      15.84410679      15.87204641      15.79455996      15.85043919      15.91650164      15.97238088      15.90631843      15.96219766      15.80722475
      15.91898322      15.76471972      15.75968432      15.79672837      15.85146332      15.94469976      16.05110812      16.04694915      16.03074169      16.14250016      16.04272592      16.03843844      16.13827693      16.21859348      16.16821671      16.39104271      16.24899077      16.53183460      16.55167580      16.71679306
      16.93154144      17.23091698      17.37117767      26.54737282      26.47293091      26.32694244      26.13877487      25.92059326      25.64028549      25.01369858      23.86942673      22.53984833      21.16962242      19.41648293      18.08949947      17.16566348      18.11548805      17.35500491      16.88732231      17.37803519
      16.88127601      16.48487794      16.11746258      15.87010998      16.11023551      15.86288291      16.44340122      16.10300845      15.91930076      15.79562446      15.91568723      15.79201093      16.08227009      15.91207370      15.78839740      15.90170452      15.78478387      15.74768883      15.74658561      15.74407530
      15.74297208      15.74548239      15.74437916      15.74186885      15.74076563      15.74046177      15.73935854      15.73684824      15.73574501      15.73589694      15.74091756      15.73871112      15.73369050      15.75471544      15.73323470      15.73213148      15.72962117      15.72851795      15.72866988      15.72364926
      15.74467421      15.76820946      16.53807193      16.30423063      16.53504878      16.30120748      16.12960544      16.01268479      16.12809387      16.01117322      15.89576414      15.77884349      15.89425257      15.77733192      16.12658229      16.00966164      16.12507072      16.00815007      15.83352488      16.53202564
      16.29818434      16.52900249      16.29516119      16.12355915      16.00663850      16.12204757      16.00512692      15.83050174      16.12053600      16.00361535      16.11902443      16.00210378      15.82747859      15.73056728      15.75159222      15.72754413      15.74942392      15.78204548      15.73394930      15.77770889
      15.77825069      15.82030058      15.81025934      15.85230923      15.85229445      15.84295201      15.93973684      15.96176434      16.12825775      16.04920673      16.31024504      16.61453056      16.99958229      17.33878517      17.56484604      17.64666748      26.49538422      26.40945053      26.25902176      26.05207634
      25.86281395      25.63616180      25.01525116      23.92648125      22.67233276      21.30020714      19.68634415      18.16154861      17.40106547      16.90430629      17.42409575      16.92733657      18.29182625      17.18316627      16.52597934      16.29213804      16.53749448      16.28911489      16.11751285      16.00059220
      16.11600128      15.99908063      15.88367155      15.76675090      15.88215998      15.76523933      16.05527359      15.88064840      15.76372775      15.87913683      15.76221618      16.43057740      16.05225044      15.87762526      15.76070461      15.87611368      15.75919303      16.06376559      15.81538600      15.71847469
      15.74035448      15.71545154      15.73733133      15.77166259      15.70771423      15.71865413      15.70620266      15.71714255      15.73430818      15.70469108      15.71563098      15.70317951      15.71411940      15.73128504      15.76561630      16.44006002      16.06850690      15.82012731      16.06647438      15.81809479
      16.43599498      15.93923581      15.69606960      15.70700949      15.69505334      15.69430125      15.71794939      15.72888929      15.70524114      15.71618104      15.69315290      15.69253290      15.70347279      15.69151664      15.69076455      15.73894501      15.76082480      15.71352851      15.73540831      15.69112039
      15.69050038      15.68974829      15.68948412      15.68873203      15.68908787      15.68758368      15.68899620      15.69993609      15.68797994      15.68722785      15.70999181      15.68696368      15.68621159      15.68594742      15.68519533      15.68457532      15.83427882      15.93106365      15.78093624      15.82469583
      15.73010325      15.77386284      15.93762422      16.33785248      16.91614532      17.32253075      17.66172028      17.80781174      17.87495041      26.44783974      26.33768845      26.17751122      25.95921516      25.73992157      25.44362068      24.98309898      24.44177246      23.19636154      21.43964577      20.11533356
      18.58189774      17.47323775      18.84445238      17.90612078      16.43192995      15.93517077      16.57696569      15.93110573      15.68705535      15.68555117      15.68502283      15.68351865      15.68493116      15.68417907      15.68391490      15.68316281      15.68342698      15.68267488      15.68241072      15.68165863
      15.68201447      15.68139446      15.68064237      15.68037820      15.67962611      15.68122196      15.67998195      15.67936194      15.67860985      15.67834568      15.67759359      15.67794943      15.67644525      16.61440086      15.82311308      15.74889499      15.74739081      15.89281863      15.89131445      16.11096036
      16.10795200      15.68103862      15.70291841      15.67900610      15.67750192      15.72302985      15.67785776      15.67710567      15.67684150      15.67608941      15.67546940      15.67582524      15.67507315      15.67480898      15.67405689      15.67343688      15.67219687      15.83595824      15.71028176      15.70952967
      15.78224358      15.78149149      15.70877758      15.70802549      15.78073940      15.77998731      15.88981026      15.85270122      15.85194913      15.92466304      15.92391095      15.74287826      15.74137408      15.88680190      15.73895758      16.03373390      15.99662486      15.99587277      16.06858668      15.99466452
      16.17765754      16.06737843      15.99345627      16.06617019      15.99224803      15.88438541      15.73654109      15.88196892      15.73412460      15.76107800      15.93274295      15.75624502      15.94591367      16.17928815      16.49460983      16.19682574      16.51214743      16.92994690      17.43522835      17.79099274
      17.93829536      18.00299263      26.44783974      26.24528122      26.06930733      25.83844185      25.61298752      25.30204964      24.85870552      24.31049156      23.37521362      22.04482651      20.83274460      20.00509024      20.99564934      20.14064789      19.27621770      18.83750463      19.41782355      19.05338728
      18.83403075      19.12419021      18.94197208      18.83229381      18.97737354      18.86769527      18.36833882      17.86872029      18.59944785      18.34963858      18.71500236      18.59009773      18.75040382      18.62549919      18.42044151      18.01032615      19.48560238      19.15807962      18.99431825      18.88463998
      18.99280620      18.88312793      19.15505552      18.93569899      19.47955418      19.04084110      18.76734853      18.64244390      18.76583648      18.64093184      18.45433092      18.70111609      18.45130682      18.07810497      18.57167530      18.07205677      17.19009542      16.39880764      16.39579928      16.68665493
      16.39096630      17.32565308      16.68144202      16.38575339      16.67687678      16.38016057      16.17524105      16.06496194      15.99103978      16.06375369      15.98983154      16.17282456      16.02498025      15.91711763      15.84319547      15.91590938      15.84198722      15.73170811      15.91470113      15.84077898
      15.91349289      15.83957073      15.72929162      16.17040807      16.02256376      16.16799158      16.02014726      15.91228464      15.83836249      15.91107640      15.83715424      15.72687513      15.90986815      15.83594599      15.90865991      15.83473775      15.72445863      15.75141203      15.94108069      15.74657905
      15.93624771      16.16538513      16.01754081      16.16258872      16.01474440      15.90735668      15.83343452      15.90595847      15.83203632      15.72185218      15.90456027      15.83063811      15.90316206      15.82923990      15.71905577      16.15979230      16.01194799      16.15699589      16.00915158      15.90176386
      15.82784170      15.90036565      15.82644349      15.75391954      15.67999738      15.75252134      15.67859918      15.86130726      15.75112313      15.67720097      15.74972492      15.67580277      15.74907660      15.93874526      15.69360960      15.79615438      15.69081318      15.79335797      15.94857335      16.22316718
      16.53848886      16.22816229      16.56892490      17.01237869      17.49620628      17.83403397      18.00286484      18.06398964      26.24528122      25.91597748      25.91597748      25.68278122      25.44733429      25.15678978      24.75370407      24.25154495      23.49587631      22.28000450      20.76695251      19.25112534
      18.31279373      19.24276018      18.27672005      17.31652260      16.52167082      17.28044891      16.51131630      16.07887912      15.85851085      15.74832672      15.67440456      15.74692851      15.67300636      15.85571444      15.74553031      15.67160815      15.74413210      15.67020994      16.07431388      15.85291803
      15.74273390      15.66881174      15.74133569      15.66741353      15.85063541      15.73993748      15.66601533      15.73879617      15.66461712      15.68801677      15.79056156      15.68522036      15.78776515      15.94298053      15.68242395      15.78496873      15.67962754      15.78217232      15.93738770      16.06913662
      15.84804678      15.73750186      15.66332281      15.73605454      15.66187549      15.84515214      15.73460722      15.66042817      15.73315990      15.65898085      16.06334734      15.84225750      15.73171258      15.65753353      15.73026526      15.65608621      15.83936286      15.72881794      15.65463889      15.72737062
      15.65319157      15.67678201      15.77932680      15.67388737      15.77643216      15.93169665      15.67099273      15.77353752      15.66809809      15.77064288      15.92590737      16.24781847      16.58858109      16.23643637      16.62205458      17.07005310      17.53680611      17.87531281      18.04244614      18.10050392
      25.91597748      25.91597748      25.43072510      25.43072510      25.26265717      25.01943398      24.67408562      24.18377304      23.53912926      22.29523468      20.55194855      18.70263481      17.21743202      16.59955215      16.32855511      16.56804371      16.29704666      17.12617397      16.41386068      16.27982730
      16.14432877      16.14139849      16.00589997      16.13700306      16.00296968      15.86747116      15.86454087      15.72904235      16.13318443      15.98482633      16.11743021      15.98193169      15.83646822      15.72592330      15.65174425      15.72447598      15.65029693      15.87138677      15.79720771      15.86993945
      15.79576039      15.72302866      15.64884961      15.72158134      15.64740229      16.10167599      15.96617746      16.08592176      15.98823643      15.92048717      15.98035932      15.91261005      15.86849213      15.79431307      15.86061502      15.79286575      15.68232083      15.85273790      15.78498864      15.84486079
      15.77711153      15.67942619      15.66520345      15.76774824      15.66230881      15.76485360      15.92011809      15.70923924      15.92588401      16.00883025      15.94181356      15.87406430      15.87259915      15.80484989      15.93888327      15.87113401      15.86966887      15.80191961      15.80338475      15.73563549
      15.73417035      15.66642109      15.73783320      15.60233468      15.59940439      15.59795684      15.80045447      15.73270521      15.73124006      15.66349080      15.59647411      15.66202566      15.59427640      15.59281126      15.59208748      15.59209627      15.59211385      15.72812390      15.94476867      15.71936822
      15.97677207      16.24796820      16.63358641      16.28573751      16.67135572      17.14627266      17.61708450      17.91280556      18.05550957      18.11705780      25.91597748      25.29356766      25.29356766      25.29356766      25.11839485      24.89901924      24.56401062      24.07393074      23.46006775      22.25907326
      20.42260742      19.00197649      18.00294590      18.90344334      17.72038198      17.06850934      16.35326576      16.79165173      16.07640815      15.86014545      15.72611207      15.65909538      15.59134611      15.58988097      15.58915719      15.58768326      15.58769205      15.58696827      15.58550313      15.58477935
      15.72025150      15.58475298      15.58182269      15.58037513      15.58476177      15.58403799      15.58257285      15.58184907      15.58331421      15.58259043      15.58112529      15.58040151      15.58038393      15.57966015      15.57819501      15.57747123      15.57748002      16.65036976      15.93512619      16.64466345
      15.92941988      15.62052387      15.61907631      15.61767071      15.70085651      15.59754559      15.59682181      15.63843569      15.63771191      15.61618119      15.67932579      15.67860201      15.72021589      15.71949211      15.69796139      15.61481756      15.67792019      15.71951309      15.67649361      15.71808651
      15.61196440      15.67506704      15.71665993      15.67364046      15.71523336      15.76110598      15.76038221      15.75967941      15.80127230      15.77974159      15.77833599      15.86152178      15.59062234      15.58989856      15.58843341      15.58770964      15.58771843      15.58478814      15.58334059      15.58335817
      15.58041030      15.57896274      15.57603246      15.57458490      15.57460248      15.83493662      15.65489995      15.65200484      15.81846035      15.81556523      15.98974133      16.59839249      17.29561424      17.67907524      17.92185402      18.06026649      18.12488556      25.29356766      25.29356766      25.29356766
      24.93316078      24.93316078      24.75830269      24.45663834      24.01096916      23.46886253      22.25178337      20.29366302      18.83702850      17.65396714      18.81257486      17.61517930      16.63895714      15.92371356      16.60574973      15.91800725      15.60911125      15.67221388      15.71380678      15.67078730
      15.71238020      15.60625809      15.66936073      15.71095362      15.66793415      15.70952705      15.77548283      15.85866863      15.77262968      15.85581547      15.60340494      15.66650757      15.70810047      15.66508099      15.70667389      15.60055178      15.66365442      15.70524731      15.66222784      15.70382074
      15.76977652      15.85296232      15.76692337      15.85010916      16.58635581      15.89861333      16.58077538      15.89303291      15.61678809      15.67034599      15.71193889      15.68800887      15.72960177      15.61399788      15.70567176      15.74726465      15.70427665      15.76492754      15.78315967      15.86634547
      15.81848544      15.90167123      15.61120766      15.70288154      15.76353243      15.70148644      15.76213732      15.60841745      15.70009133      15.76074222      15.69869623      15.75934711      15.85381120      15.93699700      15.85102099      15.97232276      15.98202074      15.97912562      15.97631443      16.14268601
      16.31686211      16.00878704      16.17515862      16.07943857      16.24581015      16.48579836      16.99153137      17.46327209      17.74364471      17.93438721      18.04897881      18.04897881      25.29356766      25.29356766      24.83033752      24.83033752      24.83033752      24.63927078      24.37339401      23.96840477
      23.39431572      22.17252541      20.32479286      18.76522112      17.56782556      18.78390551      17.58650994      16.57519495      15.88745248      16.55151808      15.88187206      15.60562724      15.69730112      15.75795200      15.69590601      15.75655690      15.60283703      15.69451091      15.75516179      15.69311580
      15.75376669      15.84823078      15.96953255      15.84544057      15.96674234      15.60004681      15.69172069      15.75237158      15.69032559      15.75097647      15.59725660      15.68893048      15.74958137      15.68753538      15.74818626      15.84265035      15.96395212      15.83986014      15.96116191      16.56086028
      16.04803544      15.71321243      16.06921607      15.71030968      16.60322154      16.06631333      15.70740694      16.06341058      15.70450419      15.59441012      15.68611214      15.74676302      15.68466076      15.74531165      15.56190762      15.62255850      15.56045625      15.62110713      15.68320939      15.74386027
      15.68175802      15.74240890      15.83701366      15.95831543      15.83411092      15.95541269      15.55900487      15.61965576      15.55755350      15.61820439      15.70990640      15.55610213      15.61675301      15.55465075      15.61530164      15.70700365      15.89040768      16.15009010      16.31646168      16.14450967
      16.38711321      16.62710142      16.13881671      16.38142025      16.13301122      16.42602646      16.71357584      17.22596741      17.57792091      17.78009605      17.90306091      17.90306091      18.04897881      24.83033752      24.83033752      24.83033752      24.83033752      24.83033752      24.54297638      24.34145737
      23.96644974      23.28756523      22.09066582      20.54846764      18.86862803      17.67123246      18.38323975      18.38323975      16.59741604      16.06050783      15.79205373      15.61260054      15.79060236      15.61114916      16.05760509      15.78915098      15.60969779      15.78769961      15.60824642      16.59161055
      16.05470234      15.78624824      15.60679504      15.78479686      15.60534367      16.05179960      15.69289321      15.55319938      15.61385027      15.55174801      15.61239889      15.70410091      15.57989639      15.70119816      15.88460219      15.54739389      15.60804477      15.54594252      15.60659340      15.69829541
      15.54449114      15.60514203      15.54303977      15.61629358      15.72059852      15.92920840      15.51198864      15.51198864      15.51198864      15.51198864      15.51198864      15.51198864      15.51198864      15.51198864      15.51198864      15.51198864      15.51198864      15.51198864      15.51198864      15.51198864
      15.51198864      15.51198864      15.51198864      15.51198864      15.51198864      15.51198864      15.51198864      15.51198864      15.51198864      15.51198864      15.51198864      15.51198864      15.51198864      15.51198864      15.51198864      15.51198864      15.51198864      15.51198864      16.34642816      16.80278826
      16.68404961      16.68404961      17.33742905      17.61122322      17.75461769      17.75461769      17.90306091      17.90306091
